Rank	Latitude	Longitude
1	12.91590	77.62380
2	12.91592	77.62387
3	12.91593	77.62394
4	12.91594	77.62400
5	12.91594	77.62407
6	12.91595	77.62414
7	12.91596	77.62422
8	12.91597	77.62428
9	12.91598	77.62436
10	12.91599	77.62442
11	12.91600	77.62447
12	12.91600	77.62453
13	12.91601	77.62460
14	12.91602	77.62466
15	12.91603	77.62472
16	12.91603	77.62478
17	12.91604	77.62485
18	12.91605	77.62491
19	12.91606	77.62499
20	12.91607	77.62506
21	12.91608	77.62512
22	12.91609	77.62517
23	12.91610	77.62524
24	12.91611	77.62529
25	12.91613	77.62537
26	12.91614	77.62543
27	12.91616	77.62550
28	12.91618	77.62558
29	12.91620	77.62565
30	12.91621	77.62571
31	12.91622	77.62576
32	12.91622	77.62583
33	12.91624	77.62591
34	12.91624	77.62597
35	12.91625	77.62603
36	12.91626	77.62610
37	12.91626	77.62617
38	12.91627	77.62625
39	12.91627	77.62632
40	12.91627	77.62640
41	12.91626	77.62648
42	12.91626	77.62654
43	12.91625	77.62662
44	12.91624	77.62669
45	12.91623	77.62677
46	12.91622	77.62683
47	12.91621	77.62689
48	12.91619	77.62697
49	12.91617	77.62705
50	12.91615	77.62710
51	12.91613	77.62716
52	12.91611	77.62722
53	12.91609	77.62727
54	12.91607	77.62733
55	12.91605	77.62738
56	12.91604	77.62744
57	12.91602	77.62750
58	12.91600	77.62757
59	12.91598	77.62764
60	12.91596	77.62771
61	12.91593	77.62779
62	12.91592	77.62785
63	12.91590	77.62792
64	12.91588	77.62797
65	12.91586	77.62804
66	12.91585	77.62810
67	12.91583	77.62817
68	12.91581	77.62826
69	12.91578	77.62835
70	12.91576	77.62841
71	12.91574	77.62847
72	12.91573	77.62854
73	12.91571	77.62861
74	12.91568	77.62869
75	12.91566	77.62875
76	12.91565	77.62881
77	12.91563	77.62888
78	12.91562	77.62893
79	12.91559	77.62902
80	12.91559	77.62907
81	12.91556	77.62914
82	12.91555	77.62920
83	12.91553	77.62926
84	12.91552	77.62932
85	12.91551	77.62938
86	12.91549	77.62943
87	12.91548	77.62950
88	12.91545	77.62957
89	12.91544	77.62962
90	12.91542	77.62968
91	12.91540	77.62975
92	12.91539	77.62981
93	12.91538	77.62988
94	12.91535	77.62994
95	12.91534	77.63002
96	12.91532	77.63009
97	12.91532	77.63016
98	12.91531	77.63021
99	12.91530	77.63027
100	12.91530	77.63032
101	12.91530	77.63038
102	12.91530	77.63045
103	12.91530	77.63052
104	12.91529	77.63058
105	12.91529	77.63066
106	12.91529	77.63072
107	12.91529	77.63078
108	12.91529	77.63084
109	12.91529	77.63090
110	12.91529	77.63097
111	12.91529	77.63106
112	12.91529	77.63112
113	12.91529	77.63119
114	12.91529	77.63126
115	12.91529	77.63132
116	12.91529	77.63139
117	12.91529	77.63145
118	12.91529	77.63151
119	12.91529	77.63157
120	12.91528	77.63163
121	12.91527	77.63169
122	12.91526	77.63174
123	12.91525	77.63182
124	12.91524	77.63187
125	12.91524	77.63193
126	12.91523	77.63199
127	12.91523	77.63207
128	12.91523	77.63214
129	12.91523	77.63221
130	12.91523	77.63227
131	12.91523	77.63236
132	12.91523	77.63244
133	12.91523	77.63251
134	12.91522	77.63257
135	12.91522	77.63263
136	12.91521	77.63269
137	12.91520	77.63276
138	12.91519	77.63281
139	12.91518	77.63287
140	12.91517	77.63294
141	12.91516	77.63301
142	12.91515	77.63308
143	12.91514	77.63315
144	12.91513	77.63324
145	12.91512	77.63331
146	12.91512	77.63338
147	12.91511	77.63345
148	12.91510	77.63351
149	12.91510	77.63358
150	12.91510	77.63364
151	12.91509	77.63370
152	12.91508	77.63378
153	12.91508	77.63385
154	12.91508	77.63391
155	12.91508	77.63397
156	12.91508	77.63403
157	12.91508	77.63409
158	12.91508	77.63415
159	12.91508	77.63421
160	12.91508	77.63427
161	12.91506	77.63434
162	12.91506	77.63440
163	12.91506	77.63445
164	12.91505	77.63451
165	12.91505	77.63457
166	12.91504	77.63463
167	12.91503	77.63469
168	12.91502	77.63476
169	12.91502	77.63482
170	12.91501	77.63489
171	12.91500	77.63497
172	12.91499	77.63502
173	12.91497	77.63508
174	12.91496	77.63514
175	12.91495	77.63519
176	12.91495	77.63526
177	12.91494	77.63533
178	12.91493	77.63540
179	12.91492	77.63548
180	12.91491	77.63556
181	12.91491	77.63563
182	12.91491	77.63568
183	12.91491	77.63574
184	12.91491	77.63581
185	12.91492	77.63586
186	12.91493	77.63593
187	12.91493	77.63599
188	12.91493	77.63604
189	12.91493	77.63610
190	12.91492	77.63616
191	12.91492	77.63623
192	12.91492	77.63630
193	12.91492	77.63637
194	12.91492	77.63643
195	12.91492	77.63649
196	12.91492	77.63656
197	12.91491	77.63662
198	12.91489	77.63669
199	12.91489	77.63674
200	12.91488	77.63681
201	12.91486	77.63689
202	12.91484	77.63696
203	12.91482	77.63702
204	12.91481	77.63707
205	12.91479	77.63715
206	12.91478	77.63721
207	12.91477	77.63728
208	12.91476	77.63736
209	12.91475	77.63744
210	12.91475	77.63750
211	12.91475	77.63756
212	12.91475	77.63764
213	12.91475	77.63770
214	12.91475	77.63776
215	12.91474	77.63784
216	12.91474	77.63791
217	12.91472	77.63799
218	12.91472	77.63807
219	12.91470	77.63813
220	12.91469	77.63818
221	12.91468	77.63826
222	12.91468	77.63832
223	12.91466	77.63840
224	12.91466	77.63846
225	12.91465	77.63852
226	12.91464	77.63859
227	12.91464	77.63864
228	12.91463	77.63869
229	12.91462	77.63877
230	12.91461	77.63884
231	12.91460	77.63889
232	12.91459	77.63895
233	12.91458	77.63903
234	12.91458	77.63910
235	12.91456	77.63917
236	12.91456	77.63923
237	12.91463	77.63926
238	12.91469	77.63926
239	12.91475	77.63927
240	12.91481	77.63928
241	12.91488	77.63929
242	12.91493	77.63930
243	12.91500	77.63930
244	12.91506	77.63931
245	12.91513	77.63931
246	12.91520	77.63931
247	12.91528	77.63932
248	12.91534	77.63933
249	12.91540	77.63933
250	12.91549	77.63934
251	12.91556	77.63935
252	12.91562	77.63936
253	12.91569	77.63937
254	12.91577	77.63938
255	12.91582	77.63938
256	12.91590	77.63939
257	12.91598	77.63940
258	12.91606	77.63941
259	12.91612	77.63942
260	12.91619	77.63943
261	12.91625	77.63943
262	12.91631	77.63943
263	12.91637	77.63944
264	12.91643	77.63945
265	12.91649	77.63945
266	12.91655	77.63945
267	12.91662	77.63945
268	12.91669	77.63945
269	12.91674	77.63945
270	12.91682	77.63945
271	12.91689	77.63945
272	12.91694	77.63945
273	12.91701	77.63946
274	12.91709	77.63946
275	12.91714	77.63947
276	12.91722	77.63947
277	12.91729	77.63946
278	12.91735	77.63946
279	12.91742	77.63946
280	12.91749	77.63946
281	12.91755	77.63945
282	12.91761	77.63944
283	12.91767	77.63943
284	12.91775	77.63943
285	12.91780	77.63943
286	12.91787	77.63943
287	12.91792	77.63943
288	12.91797	77.63943
289	12.91804	77.63944
290	12.91811	77.63945
291	12.91819	77.63945
292	12.91825	77.63946
293	12.91831	77.63947
294	12.91837	77.63947
295	12.91844	77.63947
296	12.91851	77.63948
297	12.91856	77.63948
298	12.91865	77.63949
299	12.91871	77.63950
300	12.91879	77.63953
301	12.91885	77.63955
302	12.91893	77.63957
303	12.91900	77.63959
304	12.91906	77.63961
305	12.91914	77.63963
306	12.91921	77.63965
307	12.91927	77.63967
308	12.91934	77.63970
309	12.91941	77.63971
310	12.91947	77.63974
311	12.91952	77.63975
312	12.91960	77.63977
313	12.91965	77.63978
314	12.91973	77.63981
315	12.91980	77.63983
316	12.91987	77.63986
317	12.91992	77.63988
318	12.92001	77.63990
319	12.92007	77.63992
320	12.92014	77.63996
321	12.92020	77.63998
322	12.92027	77.64001
323	12.92032	77.64004
324	12.92040	77.64006
325	12.92047	77.64010
326	12.92052	77.64013
327	12.92059	77.64016
328	12.92064	77.64019
329	12.92070	77.64022
330	12.92075	77.64024
331	12.92083	77.64027
332	12.92089	77.64029
333	12.92095	77.64033
334	12.92101	77.64035
335	12.92106	77.64039
336	12.92113	77.64043
337	12.92121	77.64048
338	12.92127	77.64052
339	12.92134	77.64056
340	12.92141	77.64059
341	12.92146	77.64063
342	12.92152	77.64065
343	12.92159	77.64067
344	12.92165	77.64069
345	12.92173	77.64072
346	12.92180	77.64074
347	12.92185	77.64077
348	12.92192	77.64080
349	12.92197	77.64081
350	12.92204	77.64084
351	12.92211	77.64086
352	12.92218	77.64088
353	12.92225	77.64091
354	12.92231	77.64094
355	12.92236	77.64098
356	12.92243	77.64104
357	12.92248	77.64097
358	12.92250	77.64092
359	12.92253	77.64085
360	12.92255	77.64079
361	12.92256	77.64073
362	12.92258	77.64067
363	12.92261	77.64062
364	12.92263	77.64055
365	12.92266	77.64048
366	12.92267	77.64042
367	12.92270	77.64037
368	12.92272	77.64032
369	12.92276	77.64026
370	12.92280	77.64021
371	12.92283	77.64015
372	12.92289	77.64008
373	12.92292	77.64002
374	12.92294	77.63996
375	12.92297	77.63990
376	12.92299	77.63985
377	12.92302	77.63979
378	12.92306	77.63973
379	12.92310	77.63967
380	12.92312	77.63960
381	12.92316	77.63955
382	12.92318	77.63949
383	12.92319	77.63942
384	12.92323	77.63936
385	12.92328	77.63929
386	12.92335	77.63922
387	12.92340	77.63915
388	12.92345	77.63909
389	12.92347	77.63904
390	12.92350	77.63898
391	12.92354	77.63891
392	12.92356	77.63883
393	12.92357	77.63877
394	12.92360	77.63871
395	12.92365	77.63862
396	12.92370	77.63855
397	12.92373	77.63848
398	12.92375	77.63843
399	12.92379	77.63835
400	12.92382	77.63829
401	12.92386	77.63820
402	12.92388	77.63813
403	12.92389	77.63807
404	12.92389	77.63801
405	12.92389	77.63795
406	12.92389	77.63790
407	12.92388	77.63783
408	12.92386	77.63776
409	12.92385	77.63769
410	12.92385	77.63763
411	12.92385	77.63757
412	12.92385	77.63749
413	12.92384	77.63741
414	12.92384	77.63735
415	12.92384	77.63728
416	12.92384	77.63722
417	12.92384	77.63717
418	12.92384	77.63711
419	12.92384	77.63705
420	12.92381	77.63698
421	12.92380	77.63691
422	12.92379	77.63683
423	12.92379	77.63677
424	12.92377	77.63670
425	12.92375	77.63663
426	12.92375	77.63657
427	12.92374	77.63651
428	12.92371	77.63635
429	12.92369	77.63629
430	12.92368	77.63622
431	12.92367	77.63616
432	12.92366	77.63609
433	12.92366	77.63602
434	12.92366	77.63597
435	12.92365	77.63591
436	12.92364	77.63585
437	12.92362	77.63578
438	12.92361	77.63571
439	12.92361	77.63564
440	12.92360	77.63559
441	12.92359	77.63553
442	12.92358	77.63548
443	12.92358	77.63539
444	12.92357	77.63534
445	12.92356	77.63526
446	12.92355	77.63520
447	12.92354	77.63511
448	12.92354	77.63504
449	12.92352	77.63497
450	12.92351	77.63491
451	12.92350	77.63485
452	12.92348	77.63479
453	12.92346	77.63471
454	12.92344	77.63464
455	12.92342	77.63456
456	12.92341	77.63450
457	12.92340	77.63445
458	12.92338	77.63439
459	12.92337	77.63431
460	12.92336	77.63425
461	12.92336	77.63418
462	12.92335	77.63412
463	12.92333	77.63405
464	12.92331	77.63398
465	12.92330	77.63393
466	12.92328	77.63386
467	12.92326	77.63379
468	12.92324	77.63372
469	12.92322	77.63365
470	12.92322	77.63358
471	12.92321	77.63353
472	12.92320	77.63346
473	12.92319	77.63340
474	12.92319	77.63335
475	12.92319	77.63329
476	12.92318	77.63322
477	12.92317	77.63315
478	12.92317	77.63309
479	12.92316	77.63302
480	12.92314	77.63296
481	12.92313	77.63289
482	12.92312	77.63283
483	12.92311	77.63277
484	12.92309	77.63271
485	12.92309	77.63265
486	12.92309	77.63258
487	12.92308	77.63252
488	12.92306	77.63246
489	12.92304	77.63237
490	12.92304	77.63231
491	12.92302	77.63225
492	12.92301	77.63217
493	12.92301	77.63212
494	12.92300	77.63206
495	12.92298	77.63200
496	12.92297	77.63192
497	12.92295	77.63186
498	12.92294	77.63179
499	12.92292	77.63174
500	12.92291	77.63167
501	12.92289	77.63161
502	12.92288	77.63155
503	12.92286	77.63148
504	12.92285	77.63142
505	12.92283	77.63137
506	12.92282	77.63131
507	12.92280	77.63124
508	12.92278	77.63119
509	12.92277	77.63112
510	12.92277	77.63104
511	12.92276	77.63097
512	12.92275	77.63092
513	12.92274	77.63085
514	12.92272	77.63079
515	12.92272	77.63073
516	12.92273	77.63066
517	12.92274	77.63061
518	12.92274	77.63054
519	12.92274	77.63048
520	12.92274	77.63041
521	12.92274	77.63034
522	12.92275	77.63026
523	12.92275	77.63019
524	12.92275	77.63009
525	12.92275	77.63001
526	12.92274	77.62993
527	12.92273	77.62987
528	12.92271	77.62979
529	12.92269	77.62974
530	12.92268	77.62969
531	12.92265	77.62961
532	12.92264	77.62956
533	12.92262	77.62950
534	12.92260	77.62943
535	12.92258	77.62938
536	12.92256	77.62932
537	12.92254	77.62926
538	12.92252	77.62921
539	12.92250	77.62915
540	12.92249	77.62907
541	12.92247	77.62898
542	12.92245	77.62892
543	12.92244	77.62887
544	12.92241	77.62881
545	12.92239	77.62873
546	12.92237	77.62868
547	12.92235	77.62860
548	12.92232	77.62853
549	12.92231	77.62846
550	12.92230	77.62840
551	12.92229	77.62832
552	12.92228	77.62826
553	12.92227	77.62819
554	12.92226	77.62813
555	12.92225	77.62806
556	12.92224	77.62799
557	12.92223	77.62792
558	12.92221	77.62785
559	12.92220	77.62779
560	12.92219	77.62772
561	12.92216	77.62766
562	12.92215	77.62758
563	12.92214	77.62750
564	12.92212	77.62742
565	12.92210	77.62736
566	12.92209	77.62729
567	12.92207	77.62724
568	12.92206	77.62719
569	12.92204	77.62713
570	12.92203	77.62707
571	12.92202	77.62700
572	12.92201	77.62691
573	12.92199	77.62684
574	12.92198	77.62678
575	12.92198	77.62672
576	12.92196	77.62667
577	12.92195	77.62660
578	12.92193	77.62654
579	12.92193	77.62649
580	12.92192	77.62643
581	12.92191	77.62637
582	12.92191	77.62631
583	12.92189	77.62623
584	12.92188	77.62615
585	12.92187	77.62609
586	12.92186	77.62604
587	12.92185	77.62598
588	12.92183	77.62592
589	12.92181	77.62585
590	12.92179	77.62576
591	12.92177	77.62570
592	12.92176	77.62562
593	12.92175	77.62554
594	12.92173	77.62548
595	12.92171	77.62543
596	12.92170	77.62537
597	12.92168	77.62530
598	12.92166	77.62522
599	12.92165	77.62517
600	12.92162	77.62509
601	12.92160	77.62501
602	12.92159	77.62496
603	12.92157	77.62489
604	12.92156	77.62484
605	12.92154	77.62478
606	12.92151	77.62471
607	12.92151	77.62465
608	12.92150	77.62459
609	12.92149	77.62454
610	12.92146	77.62448
611	12.92144	77.62442
612	12.92141	77.62434
613	12.92140	77.62429
614	12.92138	77.62424
615	12.92136	77.62418
616	12.92135	77.62412
617	12.92132	77.62406
618	12.92129	77.62400
619	12.92126	77.62394
620	12.92121	77.62388
621	12.92116	77.62381
622	12.92111	77.62376
623	12.92107	77.62368
624	12.92104	77.62362
625	12.92100	77.62354
626	12.92097	77.62348
627	12.92094	77.62340
628	12.92088	77.62332
629	12.92083	77.62324
630	12.92077	77.62316
631	12.92074	77.62310
632	12.92070	77.62304
633	12.92067	77.62299
634	12.92062	77.62292
635	12.92057	77.62285
636	12.92053	77.62279
637	12.92048	77.62271
638	12.92043	77.62264
639	12.92038	77.62257
640	12.92033	77.62250
641	12.92029	77.62244
642	12.92025	77.62238
643	12.92021	77.62233
644	12.92017	77.62226
645	12.92014	77.62218
646	12.92011	77.62212
647	12.92008	77.62207
648	12.92004	77.62199
649	12.92001	77.62194
650	12.91996	77.62187
651	12.91991	77.62181
652	12.91986	77.62174
653	12.91981	77.62168
654	12.91975	77.62161
655	12.91968	77.62156
656	12.91961	77.62153
657	12.91954	77.62156
658	12.91947	77.62160
659	12.91941	77.62162
660	12.91935	77.62165
661	12.91927	77.62169
662	12.91921	77.62172
663	12.91914	77.62176
664	12.91908	77.62179
665	12.91901	77.62183
666	12.91895	77.62187
667	12.91888	77.62192
668	12.91883	77.62196
669	12.91876	77.62201
670	12.91870	77.62205
671	12.91863	77.62209
672	12.91855	77.62214
673	12.91848	77.62219
674	12.91843	77.62223
675	12.91836	77.62226
676	12.91828	77.62231
677	12.91820	77.62235
678	12.91814	77.62240
679	12.91808	77.62244
680	12.91803	77.62249
681	12.91797	77.62252
682	12.91791	77.62255
683	12.91784	77.62260
684	12.91777	77.62266
685	12.91772	77.62270
686	12.91767	77.62274
687	12.91759	77.62280
688	12.91752	77.62286
689	12.91745	77.62292
690	12.91738	77.62295
691	12.91730	77.62300
692	12.91723	77.62303
693	12.91718	77.62307
694	12.91712	77.62310
695	12.91704	77.62314
696	12.91698	77.62317
697	12.91691	77.62321
698	12.91685	77.62324
699	12.91677	77.62328
700	12.91670	77.62331
701	12.91663	77.62336
702	12.91657	77.62339
703	12.91652	77.62341
704	12.91646	77.62345
705	12.91639	77.62350
706	12.91632	77.62353
707	12.91626	77.62357
708	12.91619	77.62362
709	12.91613	77.62367
710	12.91608	77.62370
711	12.91602	77.62374
