Rank	Latitude	Longitude
1	12.95530	77.70577
2	12.95524	77.70579
3	12.95518	77.70580
4	12.95512	77.70581
5	12.95507	77.70583
6	12.95502	77.70584
7	12.95495	77.70585
8	12.95489	77.70586
9	12.95483	77.70586
10	12.95477	77.70587
11	12.95471	77.70588
12	12.95465	77.70588
13	12.95460	77.70588
14	12.95454	77.70589
15	12.95449	77.70590
16	12.95443	77.70591
17	12.95437	77.70591
18	12.95431	77.70592
19	12.95424	77.70593
20	12.95419	77.70594
21	12.95412	77.70594
22	12.95405	77.70594
23	12.95399	77.70595
24	12.95393	77.70596
25	12.95385	77.70598
26	12.95379	77.70598
27	12.95373	77.70598
28	12.95367	77.70598
29	12.95360	77.70597
30	12.95355	77.70597
31	12.95349	77.70597
32	12.95343	77.70597
33	12.95336	77.70598
34	12.95331	77.70599
35	12.95324	77.70602
36	12.95318	77.70603
37	12.95313	77.70604
38	12.95307	77.70605
39	12.95301	77.70605
40	12.95296	77.70606
41	12.95290	77.70607
42	12.95285	77.70608
43	12.95279	77.70608
44	12.95274	77.70610
45	12.95268	77.70610
46	12.95263	77.70611
47	12.95258	77.70611
48	12.95252	77.70612
49	12.95246	77.70613
50	12.95240	77.70614
51	12.95233	77.70615
52	12.95227	77.70616
53	12.95221	77.70616
54	12.95216	77.70617
55	12.95210	77.70619
56	12.95204	77.70620
57	12.95197	77.70623
58	12.95192	77.70624
59	12.95186	77.70625
60	12.95179	77.70626
61	12.95174	77.70627
62	12.95166	77.70627
63	12.95160	77.70627
64	12.95154	77.70627
65	12.95148	77.70627
66	12.95142	77.70628
67	12.95137	77.70628
68	12.95132	77.70629
69	12.95126	77.70629
70	12.95120	77.70630
71	12.95114	77.70631
72	12.95109	77.70632
73	12.95104	77.70632
74	12.95098	77.70633
75	12.95093	77.70634
76	12.95087	77.70635
77	12.95082	77.70635
78	12.95076	77.70636
79	12.95069	77.70638
80	12.95063	77.70638
81	12.95058	77.70639
82	12.95053	77.70640
83	12.95046	77.70641
84	12.95040	77.70642
85	12.95033	77.70643
86	12.95028	77.70644
87	12.95022	77.70644
88	12.95017	77.70645
89	12.95011	77.70646
90	12.95005	77.70647
91	12.94999	77.70648
92	12.94994	77.70648
93	12.94988	77.70649
94	12.94982	77.70650
95	12.94977	77.70650
96	12.94963	77.70654
97	12.94957	77.70656
98	12.94951	77.70657
99	12.94946	77.70657
100	12.94940	77.70658
101	12.94934	77.70658
102	12.94928	77.70659
103	12.94922	77.70659
104	12.94916	77.70660
105	12.94910	77.70661
106	12.94904	77.70662
107	12.94898	77.70664
108	12.94893	77.70664
109	12.94887	77.70665
110	12.94882	77.70666
111	12.94876	77.70667
112	12.94869	77.70668
113	12.94864	77.70669
114	12.94858	77.70669
115	12.94852	77.70671
116	12.94846	77.70672
117	12.94839	77.70673
118	12.94834	77.70673
119	12.94827	77.70674
120	12.94822	77.70675
121	12.94816	77.70676
122	12.94810	77.70676
123	12.94804	77.70677
124	12.94799	77.70678
125	12.94792	77.70679
126	12.94785	77.70680
127	12.94779	77.70680
128	12.94774	77.70681
129	12.94768	77.70682
130	12.94762	77.70683
131	12.94756	77.70684
132	12.94750	77.70684
133	12.94745	77.70685
134	12.94738	77.70686
135	12.94732	77.70687
136	12.94726	77.70688
137	12.94720	77.70691
138	12.94714	77.70692
139	12.94708	77.70694
140	12.94702	77.70696
141	12.94696	77.70698
142	12.94691	77.70699
143	12.94673	77.70701
144	12.94667	77.70702
145	12.94662	77.70703
146	12.94655	77.70703
147	12.94649	77.70704
148	12.94644	77.70704
149	12.94638	77.70704
150	12.94632	77.70705
151	12.94626	77.70705
152	12.94621	77.70707
153	12.94615	77.70708
154	12.94610	77.70709
155	12.94604	77.70711
156	12.94599	77.70711
157	12.94594	77.70713
158	12.94587	77.70714
159	12.94582	77.70715
160	12.94574	77.70715
161	12.94568	77.70716
162	12.94562	77.70717
163	12.94557	77.70718
164	12.94551	77.70718
165	12.94545	77.70718
166	12.94539	77.70718
167	12.94533	77.70719
168	12.94527	77.70719
169	12.94521	77.70720
170	12.94515	77.70721
171	12.94509	77.70722
172	12.94503	77.70722
173	12.94498	77.70723
174	12.94491	77.70723
175	12.94486	77.70724
176	12.94480	77.70724
177	12.94474	77.70725
178	12.94467	77.70726
179	12.94462	77.70727
180	12.94456	77.70728
181	12.94451	77.70728
182	12.94445	77.70729
183	12.94439	77.70730
184	12.94433	77.70731
185	12.94427	77.70731
186	12.94422	77.70731
187	12.94416	77.70731
188	12.94409	77.70731
189	12.94403	77.70732
190	12.94397	77.70733
191	12.94391	77.70734
192	12.94386	77.70735
193	12.94381	77.70736
194	12.94375	77.70736
195	12.94368	77.70737
196	12.94363	77.70738
197	12.94357	77.70738
198	12.94350	77.70739
199	12.94344	77.70740
200	12.94338	77.70741
201	12.94333	77.70742
202	12.94327	77.70743
203	12.94321	77.70744
204	12.94314	77.70745
205	12.94308	77.70746
206	12.94303	77.70746
207	12.94296	77.70747
208	12.94291	77.70747
209	12.94285	77.70748
210	12.94280	77.70749
211	12.94274	77.70749
212	12.94269	77.70751
213	12.94262	77.70752
214	12.94257	77.70753
215	12.94250	77.70755
216	12.94244	77.70756
217	12.94238	77.70756
218	12.94232	77.70757
219	12.94225	77.70758
220	12.94220	77.70758
221	12.94214	77.70759
222	12.94207	77.70760
223	12.94201	77.70761
224	12.94195	77.70761
225	12.94189	77.70761
226	12.94183	77.70761
227	12.94177	77.70762
228	12.94172	77.70763
229	12.94165	77.70764
230	12.94160	77.70764
231	12.94153	77.70765
232	12.94147	77.70766
233	12.94140	77.70768
234	12.94135	77.70768
235	12.94129	77.70769
236	12.94123	77.70770
237	12.94116	77.70771
238	12.94110	77.70772
239	12.94104	77.70773
240	12.94097	77.70774
241	12.94091	77.70775
242	12.94086	77.70776
243	12.94080	77.70777
244	12.94074	77.70777
245	12.94067	77.70778
246	12.94062	77.70779
247	12.94056	77.70780
248	12.94050	77.70781
249	12.94044	77.70781
250	12.94038	77.70781
251	12.94033	77.70782
252	12.94026	77.70783
253	12.94021	77.70783
254	12.94019	77.70776
255	12.94021	77.70769
256	12.94023	77.70763
257	12.94025	77.70756
258	12.94027	77.70750
259	12.94029	77.70743
260	12.94030	77.70737
261	12.94032	77.70731
262	12.94036	77.70724
263	12.94039	77.70713
264	12.94041	77.70703
265	12.94044	77.70696
266	12.94046	77.70688
267	12.94049	77.70681
268	12.94052	77.70675
269	12.94055	77.70668
270	12.94058	77.70660
271	12.94063	77.70649
272	12.94067	77.70637
273	12.94073	77.70626
274	12.94077	77.70620
275	12.94082	77.70608
276	12.94085	77.70603
277	12.94089	77.70594
278	12.94092	77.70587
279	12.94096	77.70580
280	12.94099	77.70574
281	12.94103	77.70564
282	12.94106	77.70559
283	12.94111	77.70548
284	12.94116	77.70540
285	12.94119	77.70531
286	12.94126	77.70518
287	12.94127	77.70513
288	12.94130	77.70507
289	12.94132	77.70502
290	12.94135	77.70497
291	12.94138	77.70490
292	12.94140	77.70484
293	12.94142	77.70475
294	12.94145	77.70469
295	12.94148	77.70462
296	12.94152	77.70449
297	12.94156	77.70442
298	12.94160	77.70434
299	12.94164	77.70425
300	12.94166	77.70416
301	12.94170	77.70404
302	12.94173	77.70397
303	12.94178	77.70389
304	12.94179	77.70383
305	12.94181	77.70378
306	12.94183	77.70370
307	12.94184	77.70365
308	12.94186	77.70359
309	12.94188	77.70352
310	12.94189	77.70346
311	12.94191	77.70341
312	12.94195	77.70335
313	12.94200	77.70322
314	12.94204	77.70311
315	12.94206	77.70305
316	12.94208	77.70297
317	12.94211	77.70290
318	12.94216	77.70280
319	12.94219	77.70273
320	12.94222	77.70263
321	12.94224	77.70256
322	12.94227	77.70251
323	12.94229	77.70243
324	12.94231	77.70236
325	12.94235	77.70229
326	12.94238	77.70222
327	12.94241	77.70214
328	12.94244	77.70209
329	12.94246	77.70197
330	12.94249	77.70189
331	12.94250	77.70182
332	12.94255	77.70171
333	12.94257	77.70163
334	12.94260	77.70153
335	12.94261	77.70147
336	12.94263	77.70141
337	12.94265	77.70135
338	12.94268	77.70126
339	12.94269	77.70120
340	12.94272	77.70112
341	12.94275	77.70104
342	12.94277	77.70096
343	12.94280	77.70086
344	12.94281	77.70077
345	12.94283	77.70071
346	12.94283	77.70064
347	12.94283	77.70057
348	12.94283	77.70050
349	12.94283	77.70044
350	12.94277	77.70040
351	12.94271	77.70040
352	12.94265	77.70040
353	12.94259	77.70041
354	12.94253	77.70041
355	12.94247	77.70041
356	12.94241	77.70041
357	12.94236	77.70040
358	12.94231	77.70040
359	12.94225	77.70039
360	12.94218	77.70038
361	12.94213	77.70038
362	12.94207	77.70037
363	12.94200	77.70036
364	12.94194	77.70036
365	12.94188	77.70035
366	12.94183	77.70035
367	12.94177	77.70036
368	12.94171	77.70037
369	12.94166	77.70037
370	12.94159	77.70037
371	12.94153	77.70037
372	12.94147	77.70037
373	12.94140	77.70037
374	12.94133	77.70036
375	12.94127	77.70036
376	12.94121	77.70036
377	12.94115	77.70035
378	12.94109	77.70035
379	12.94103	77.70034
380	12.94097	77.70032
381	12.94091	77.70030
382	12.94086	77.70029
383	12.94080	77.70027
384	12.94075	77.70026
385	12.94069	77.70024
386	12.94064	77.70022
387	12.94058	77.70021
388	12.94052	77.70021
389	12.94045	77.70021
390	12.94039	77.70021
391	12.94032	77.70021
392	12.94025	77.70020
393	12.94018	77.70020
394	12.94012	77.70019
395	12.94005	77.70018
396	12.93999	77.70017
397	12.93992	77.70016
398	12.93986	77.70015
399	12.93981	77.70013
400	12.93975	77.70011
401	12.93969	77.70010
402	12.93963	77.70008
403	12.93958	77.70007
404	12.93953	77.70006
405	12.93947	77.70005
406	12.93941	77.70003
407	12.93936	77.70002
408	12.93931	77.70001
409	12.93925	77.70000
410	12.93919	77.69998
411	12.93913	77.69996
412	12.93906	77.69996
413	12.93900	77.69995
414	12.93895	77.69993
415	12.93888	77.69993
416	12.93881	77.69992
417	12.93874	77.69991
418	12.93868	77.69990
419	12.93861	77.69990
420	12.93855	77.69988
421	12.93848	77.69987
422	12.93842	77.69986
423	12.93837	77.69985
424	12.93831	77.69984
425	12.93826	77.69982
426	12.93820	77.69981
427	12.93814	77.69981
428	12.93809	77.69979
429	12.93803	77.69979
430	12.93797	77.69978
431	12.93790	77.69977
432	12.93785	77.69976
433	12.93780	77.69976
434	12.93774	77.69975
435	12.93768	77.69974
436	12.93763	77.69973
437	12.93756	77.69972
438	12.93750	77.69971
439	12.93744	77.69970
440	12.93738	77.69970
441	12.93732	77.69969
442	12.93725	77.69968
443	12.93720	77.69967
444	12.93714	77.69965
445	12.93708	77.69963
446	12.93703	77.69962
447	12.93697	77.69961
448	12.93692	77.69960
449	12.93686	77.69958
450	12.93680	77.69957
451	12.93674	77.69956
452	12.93669	77.69955
453	12.93663	77.69953
454	12.93658	77.69952
455	12.93652	77.69950
456	12.93646	77.69948
457	12.93640	77.69946
458	12.93634	77.69944
459	12.93628	77.69942
460	12.93622	77.69940
461	12.93616	77.69938
462	12.93610	77.69937
463	12.93604	77.69935
464	12.93599	77.69933
465	12.93592	77.69932
466	12.93586	77.69931
467	12.93580	77.69930
468	12.93574	77.69928
469	12.93568	77.69927
470	12.93563	77.69925
471	12.93557	77.69923
472	12.93551	77.69921
473	12.93544	77.69919
474	12.93539	77.69917
475	12.93533	77.69915
476	12.93527	77.69913
477	12.93520	77.69912
478	12.93514	77.69911
479	12.93508	77.69910
480	12.93502	77.69909
481	12.93496	77.69908
482	12.93490	77.69907
483	12.93483	77.69904
484	12.93478	77.69903
485	12.93472	77.69902
486	12.93465	77.69902
487	12.93459	77.69902
488	12.93453	77.69901
489	12.93448	77.69901
490	12.93442	77.69901
491	12.93437	77.69901
492	12.93431	77.69900
493	12.93425	77.69899
494	12.93418	77.69897
495	12.93413	77.69895
496	12.93407	77.69894
497	12.93402	77.69893
498	12.93396	77.69892
499	12.93390	77.69891
500	12.93384	77.69890
501	12.93378	77.69889
502	12.93372	77.69890
503	12.93366	77.69890
504	12.93360	77.69890
505	12.93355	77.69890
506	12.93349	77.69890
507	12.93342	77.69889
508	12.93336	77.69889
509	12.93331	77.69889
510	12.93325	77.69888
511	12.93319	77.69888
512	12.93313	77.69888
513	12.93305	77.69888
514	12.93298	77.69888
515	12.93291	77.69888
516	12.93285	77.69888
517	12.93279	77.69888
518	12.93273	77.69887
519	12.93268	77.69887
520	12.93263	77.69886
521	12.93257	77.69885
522	12.93251	77.69884
523	12.93246	77.69884
524	12.93240	77.69883
525	12.93235	77.69883
526	12.93229	77.69883
527	12.93224	77.69883
528	12.93224	77.69888
529	12.93224	77.69895
530	12.93224	77.69901
531	12.93225	77.69908
532	12.93225	77.69914
533	12.93226	77.69919
534	12.93227	77.69925
535	12.93228	77.69931
536	12.93228	77.69937
537	12.93228	77.69943
538	12.93228	77.69949
539	12.93228	77.69955
540	12.93229	77.69960
541	12.93229	77.69965
542	12.93230	77.69970
543	12.93231	77.69976
544	12.93231	77.69982
545	12.93231	77.69987
546	12.93231	77.69993
547	12.93231	77.69999
548	12.93230	77.70004
549	12.93229	77.70010
550	12.93229	77.70016
551	12.93228	77.70023
552	12.93227	77.70030
553	12.93227	77.70037
554	12.93227	77.70043
555	12.93227	77.70049
556	12.93227	77.70054
557	12.93227	77.70059
558	12.93227	77.70064
559	12.93227	77.70070
560	12.93227	77.70077
561	12.93227	77.70083
562	12.93226	77.70090
563	12.93226	77.70096
564	12.93226	77.70103
565	12.93225	77.70108
566	12.93224	77.70114
567	12.93224	77.70119
568	12.93224	77.70125
569	12.93224	77.70130
570	12.93224	77.70137
571	12.93223	77.70142
572	12.93223	77.70147
573	12.93222	77.70153
574	12.93221	77.70159
575	12.93219	77.70164
576	12.93218	77.70170
577	12.93217	77.70175
578	12.93215	77.70181
579	12.93213	77.70187
580	12.93212	77.70193
581	12.93210	77.70199
582	12.93208	77.70204
583	12.93206	77.70209
584	12.93204	77.70214
585	12.93201	77.70220
586	12.93198	77.70225
587	12.93196	77.70231
588	12.93194	77.70236
589	12.93191	77.70241
590	12.93188	77.70247
591	12.93186	77.70252
592	12.93184	77.70257
593	12.93181	77.70263
594	12.93178	77.70268
595	12.93176	77.70274
596	12.93173	77.70280
597	12.93171	77.70287
598	12.93168	77.70293
599	12.93166	77.70299
600	12.93163	77.70305
601	12.93161	77.70311
602	12.93159	77.70316
603	12.93158	77.70321
604	12.93156	77.70327
605	12.93154	77.70333
606	12.93152	77.70339
607	12.93150	77.70345
608	12.93148	77.70351
609	12.93147	77.70357
610	12.93145	77.70362
611	12.93143	77.70367
612	12.93142	77.70373
613	12.93140	77.70380
614	12.93138	77.70385
615	12.93136	77.70391
616	12.93133	77.70397
617	12.93132	77.70402
618	12.93131	77.70408
619	12.93129	77.70414
620	12.93127	77.70419
621	12.93126	77.70425
622	12.93123	77.70430
623	12.93122	77.70435
624	12.93119	77.70440
625	12.93118	77.70446
626	12.93116	77.70452
627	12.93114	77.70457
628	12.93112	77.70464
629	12.93110	77.70469
630	12.93109	77.70475
631	12.93107	77.70480
632	12.93106	77.70486
633	12.93104	77.70491
634	12.93103	77.70497
635	12.93102	77.70502
636	12.93101	77.70508
637	12.93099	77.70514
638	12.93097	77.70519
639	12.93096	77.70525
640	12.93094	77.70531
641	12.93092	77.70537
642	12.93090	77.70543
643	12.93088	77.70548
644	12.93086	77.70553
645	12.93083	77.70558
646	12.93081	77.70564
647	12.93077	77.70571
648	12.93074	77.70576
649	12.93069	77.70582
650	12.93065	77.70587
651	12.93060	77.70593
652	12.93055	77.70598
653	12.93051	77.70603
654	12.93047	77.70608
655	12.93043	77.70614
656	12.93039	77.70619
657	12.93034	77.70625
658	12.93031	77.70631
659	12.93027	77.70636
660	12.93022	77.70641
661	12.93017	77.70647
662	12.93011	77.70652
663	12.93005	77.70657
664	12.93000	77.70661
665	12.92994	77.70666
666	12.92988	77.70671
667	12.92983	77.70676
668	12.92980	77.70682
669	12.92975	77.70687
670	12.92971	77.70692
671	12.92968	77.70697
672	12.92965	77.70702
673	12.92961	77.70708
674	12.92956	77.70714
675	12.92950	77.70718
676	12.92945	77.70721
677	12.92938	77.70724
678	12.92932	77.70728
679	12.92927	77.70731
680	12.92921	77.70735
681	12.92915	77.70739
682	12.92909	77.70744
683	12.92902	77.70747
684	12.92896	77.70752
685	12.92890	77.70755
686	12.92884	77.70758
687	12.92878	77.70761
688	12.92873	77.70763
689	12.92867	77.70766
690	12.92861	77.70768
691	12.92856	77.70772
692	12.92850	77.70775
693	12.92844	77.70778
694	12.92839	77.70781
695	12.92833	77.70784
696	12.92827	77.70788
697	12.92822	77.70792
698	12.92816	77.70797
699	12.92811	77.70802
700	12.92807	77.70807
701	12.92803	77.70812
702	12.92798	77.70818
703	12.92795	77.70823
704	12.92791	77.70828
705	12.92787	77.70834
706	12.92783	77.70840
707	12.92779	77.70845
708	12.92775	77.70851
709	12.92770	77.70857
710	12.92765	77.70862
711	12.92759	77.70866
712	12.92753	77.70872
713	12.92750	77.70877
714	12.92747	77.70884
715	12.92744	77.70889
716	12.92741	77.70894
717	12.92738	77.70899
718	12.92735	77.70905
719	12.92731	77.70910
720	12.92726	77.70917
721	12.92722	77.70923
722	12.92717	77.70928
723	12.92713	77.70934
724	12.92709	77.70940
725	12.92705	77.70946
726	12.92701	77.70951
727	12.92696	77.70957
728	12.92693	77.70963
729	12.92690	77.70969
730	12.92687	77.70975
731	12.92684	77.70981
732	12.92681	77.70988
733	12.92677	77.70994
734	12.92674	77.71000
735	12.92671	77.71006
736	12.92667	77.71012
737	12.92664	77.71018
738	12.92660	77.71023
739	12.92656	77.71028
740	12.92652	77.71034
741	12.92648	77.71039
742	12.92644	77.71045
743	12.92640	77.71050
744	12.92635	77.71057
745	12.92631	77.71063
746	12.92626	77.71069
747	12.92622	77.71074
748	12.92618	77.71080
749	12.92614	77.71085
750	12.92610	77.71091
751	12.92606	77.71096
752	12.92601	77.71102
753	12.92597	77.71108
754	12.92592	77.71113
755	12.92589	77.71119
756	12.92584	77.71124
757	12.92580	77.71130
758	12.92575	77.71136
759	12.92572	77.71141
760	12.92569	77.71147
761	12.92565	77.71153
762	12.92561	77.71158
763	12.92557	77.71164
764	12.92552	77.71170
765	12.92547	77.71175
766	12.92542	77.71181
767	12.92539	77.71186
768	12.92534	77.71191
769	12.92529	77.71197
770	12.92524	77.71202
771	12.92519	77.71208
772	12.92514	77.71214
773	12.92509	77.71219
774	12.92503	77.71225
775	12.92498	77.71229
776	12.92492	77.71234
777	12.92486	77.71238
778	12.92481	77.71243
779	12.92475	77.71248
780	12.92469	77.71251
781	12.92464	77.71250
782	12.92460	77.71245
783	12.92456	77.71240
784	12.92452	77.71235
785	12.92449	77.71229
786	12.92446	77.71224
787	12.92443	77.71218
788	12.92440	77.71212
789	12.92435	77.71206
790	12.92431	77.71201
791	12.92428	77.71194
792	12.92425	77.71189
793	12.92423	77.71184
794	12.92419	77.71179
795	12.92416	77.71173
796	12.92412	77.71167
797	12.92408	77.71162
798	12.92404	77.71157
799	12.92400	77.71152
800	12.92397	77.71147
801	12.92393	77.71142
802	12.92389	77.71137
803	12.92385	77.71130
804	12.92381	77.71124
805	12.92378	77.71119
806	12.92375	77.71113
807	12.92371	77.71108
808	12.92369	77.71102
809	12.92366	77.71097
810	12.92363	77.71091
811	12.92361	77.71086
812	12.92358	77.71080
813	12.92355	77.71074
814	12.92352	77.71069
815	12.92350	77.71063
816	12.92346	77.71058
817	12.92341	77.71052
818	12.92337	77.71047
819	12.92331	77.71042
820	12.92326	77.71038
821	12.92321	77.71032
822	12.92316	77.71027
823	12.92312	77.71021
824	12.92308	77.71016
825	12.92304	77.71010
826	12.92299	77.71005
827	12.92295	77.70998
828	12.92291	77.70993
829	12.92286	77.70988
830	12.92283	77.70983
831	12.92278	77.70977
832	12.92274	77.70972
833	12.92271	77.70966
834	12.92267	77.70961
835	12.92263	77.70956
836	12.92259	77.70950
837	12.92254	77.70944
838	12.92249	77.70938
839	12.92244	77.70932
840	12.92239	77.70926
841	12.92233	77.70921
842	12.92227	77.70916
843	12.92222	77.70911
844	12.92217	77.70906
845	12.92213	77.70900
846	12.92208	77.70895
847	12.92203	77.70889
848	12.92198	77.70884
849	12.92193	77.70877
850	12.92189	77.70872
851	12.92184	77.70867
852	12.92180	77.70862
853	12.92175	77.70856
854	12.92172	77.70851
855	12.92167	77.70846
856	12.92163	77.70840
857	12.92158	77.70835
858	12.92153	77.70829
859	12.92149	77.70824
860	12.92144	77.70818
861	12.92139	77.70812
862	12.92134	77.70806
863	12.92128	77.70801
864	12.92122	77.70796
865	12.92116	77.70791
866	12.92110	77.70786
867	12.92105	77.70782
868	12.92099	77.70777
869	12.92093	77.70772
870	12.92089	77.70766
871	12.92085	77.70761
872	12.92080	77.70755
873	12.92076	77.70750
874	12.92070	77.70744
875	12.92065	77.70740
876	12.92059	77.70735
877	12.92054	77.70730
878	12.92048	77.70725
879	12.92043	77.70720
880	12.92037	77.70714
881	12.92032	77.70708
882	12.92026	77.70703
883	12.92021	77.70697
884	12.92015	77.70692
885	12.92010	77.70686
886	12.92005	77.70680
887	12.92000	77.70675
888	12.91995	77.70669
889	12.91990	77.70663
890	12.91985	77.70658
891	12.91980	77.70652
892	12.91974	77.70648
893	12.91969	77.70643
894	12.91963	77.70639
895	12.91958	77.70634
896	12.91951	77.70629
897	12.91945	77.70624
898	12.91939	77.70620
899	12.91933	77.70615
900	12.91927	77.70611
901	12.91922	77.70606
902	12.91916	77.70603
903	12.91910	77.70599
904	12.91905	77.70595
905	12.91899	77.70590
906	12.91893	77.70586
907	12.91888	77.70582
908	12.91882	77.70578
909	12.91876	77.70573
910	12.91870	77.70569
911	12.91864	77.70565
912	12.91858	77.70560
913	12.91852	77.70557
914	12.91847	77.70554
915	12.91841	77.70550
916	12.91836	77.70546
917	12.91830	77.70540
918	12.91824	77.70536
919	12.91819	77.70532
920	12.91813	77.70528
921	12.91807	77.70523
922	12.91801	77.70520
923	12.91796	77.70516
924	12.91789	77.70511
925	12.91783	77.70506
926	12.91778	77.70502
927	12.91772	77.70497
928	12.91766	77.70491
929	12.91760	77.70485
930	12.91754	77.70479
931	12.91748	77.70474
932	12.91743	77.70470
933	12.91737	77.70466
934	12.91732	77.70461
935	12.91725	77.70456
936	12.91720	77.70452
937	12.91714	77.70447
938	12.91708	77.70443
939	12.91704	77.70437
940	12.91699	77.70432
941	12.91694	77.70427
942	12.91689	77.70421
943	12.91683	77.70417
944	12.91678	77.70413
945	12.91673	77.70412
946	12.91670	77.70418
947	12.91667	77.70423
948	12.91663	77.70429
949	12.91660	77.70435
950	12.91656	77.70441
951	12.91652	77.70447
952	12.91648	77.70454
953	12.91643	77.70459
954	12.91640	77.70465
955	12.91636	77.70470
956	12.91632	77.70476
957	12.91628	77.70481
958	12.91624	77.70486
959	12.91620	77.70491
960	12.91616	77.70497
961	12.91612	77.70503
962	12.91607	77.70509
963	12.91603	77.70514
964	12.91599	77.70520
965	12.91594	77.70525
966	12.91590	77.70531
967	12.91585	77.70536
968	12.91581	77.70542
969	12.91577	77.70547
970	12.91573	77.70553
971	12.91571	77.70559
972	12.91569	77.70565
973	12.91567	77.70571
974	12.91564	77.70576
975	12.91562	77.70582
976	12.91559	77.70588
977	12.91556	77.70594
978	12.91553	77.70600
979	12.91550	77.70605
980	12.91547	77.70610
981	12.91544	77.70616
982	12.91542	77.70621
983	12.91539	77.70627
984	12.91537	77.70633
985	12.91534	77.70639
986	12.91531	77.70645
987	12.91528	77.70652
988	12.91526	77.70657
989	12.91523	77.70663
990	12.91521	77.70670
991	12.91518	77.70675
992	12.91516	77.70681
993	12.91514	77.70686
994	12.91511	77.70691
995	12.91509	77.70697
996	12.91506	77.70704
997	12.91503	77.70709
998	12.91501	77.70714
999	12.91499	77.70720
1000	12.91497	77.70727
1001	12.91495	77.70732
1002	12.91494	77.70737
1003	12.91492	77.70742
1004	12.91491	77.70748
1005	12.91489	77.70753
1006	12.91487	77.70759
1007	12.91484	77.70764
1008	12.91481	77.70770
1009	12.91477	77.70777
1010	12.91474	77.70782
1011	12.91471	77.70788
1012	12.91469	77.70793
1013	12.91466	77.70799
1014	12.91463	77.70804
1015	12.91461	77.70810
1016	12.91459	77.70815
1017	12.91455	77.70822
1018	12.91452	77.70828
1019	12.91448	77.70835
1020	12.91445	77.70841
1021	12.91442	77.70847
1022	12.91439	77.70852
1023	12.91437	77.70858
1024	12.91434	77.70863
1025	12.91431	77.70869
1026	12.91429	77.70875
1027	12.91427	77.70880
1028	12.91424	77.70887
1029	12.91421	77.70892
1030	12.91418	77.70898
1031	12.91415	77.70904
1032	12.91412	77.70909
1033	12.91409	77.70915
1034	12.91407	77.70921
1035	12.91404	77.70926
1036	12.91402	77.70932
1037	12.91399	77.70938
1038	12.91396	77.70943
1039	12.91394	77.70948
1040	12.91391	77.70954
1041	12.91389	77.70960
1042	12.91386	77.70965
1043	12.91384	77.70970
1044	12.91383	77.70977
1045	12.91381	77.70982
1046	12.91379	77.70988
1047	12.91377	77.70993
1048	12.91375	77.70999
1049	12.91373	77.71005
1050	12.91369	77.71010
1051	12.91362	77.71010
1052	12.91354	77.71010
1053	12.91349	77.71011
1054	12.91343	77.71011
1055	12.91336	77.71011
1056	12.91329	77.71011
1057	12.91321	77.71011
1058	12.91314	77.71011
1059	12.91307	77.71011
1060	12.91300	77.71011
1061	12.91293	77.71011
1062	12.91287	77.71011
1063	12.91281	77.71011
1064	12.91275	77.71011
1065	12.91268	77.71011
1066	12.91261	77.71010
1067	12.91256	77.71010
1068	12.91250	77.71010
1069	12.91245	77.71010
1070	12.91239	77.71010
1071	12.91233	77.71010
1072	12.91226	77.71010
1073	12.91220	77.71011
1074	12.91214	77.71011
1075	12.91209	77.71012
1076	12.91203	77.71012
1077	12.91198	77.71012
1078	12.91192	77.71013
1079	12.91185	77.71014
1080	12.91180	77.71014
1081	12.91174	77.71014
1082	12.91168	77.71014
1083	12.91163	77.71014
1084	12.91156	77.71014
1085	12.91150	77.71015
1086	12.91144	77.71015
1087	12.91138	77.71016
1088	12.91133	77.71017
1089	12.91126	77.71017
1090	12.91120	77.71017
1091	12.91115	77.71017
1092	12.91110	77.71017
1093	12.91103	77.71017
1094	12.91097	77.71017
1095	12.91091	77.71017
1096	12.91085	77.71017
1097	12.91079	77.71017
1098	12.91074	77.71018
1099	12.91068	77.71018
1100	12.91063	77.71018
1101	12.91058	77.71018
1102	12.91051	77.71019
1103	12.91046	77.71020
1104	12.91039	77.71020
1105	12.91033	77.71020
1106	12.91027	77.71020
1107	12.91022	77.71020
1108	12.91016	77.71020
1109	12.91010	77.71020
1110	12.91004	77.71019
1111	12.90997	77.71019
1112	12.90990	77.71019
1113	12.90984	77.71019
1114	12.90978	77.71020
1115	12.90971	77.71021
1116	12.90964	77.71022
1117	12.90956	77.71023
1118	12.90951	77.71023
1119	12.90945	77.71024
1120	12.90939	77.71024
1121	12.90934	77.71025
1122	12.90929	77.71026
1123	12.90923	77.71027
1124	12.90916	77.71028
1125	12.90910	77.71028
1126	12.90903	77.71028
1127	12.90897	77.71028
1128	12.90891	77.71028
1129	12.90885	77.71028
1130	12.90880	77.71027
1131	12.90874	77.71026
1132	12.90868	77.71026
1133	12.90861	77.71026
1134	12.90855	77.71027
1135	12.90849	77.71028
1136	12.90844	77.71029
1137	12.90838	77.71029
1138	12.90832	77.71029
1139	12.90826	77.71029
1140	12.90820	77.71029
1141	12.90814	77.71029
1142	12.90809	77.71029
1143	12.90803	77.71029
1144	12.90797	77.71029
1145	12.90790	77.71029
1146	12.90785	77.71029
1147	12.90780	77.71030
1148	12.90774	77.71031
1149	12.90768	77.71032
1150	12.90762	77.71033
1151	12.90755	77.71034
1152	12.90750	77.71036
1153	12.90744	77.71037
1154	12.90738	77.71039
1155	12.90732	77.71041
1156	12.90725	77.71043
1157	12.90718	77.71045
1158	12.90713	77.71046
1159	12.90707	77.71048
1160	12.90700	77.71050
1161	12.90694	77.71051
1162	12.90687	77.71052
1163	12.90681	77.71053
1164	12.90675	77.71054
1165	12.90669	77.71055
1166	12.90663	77.71055
1167	12.90657	77.71056
1168	12.90651	77.71058
1169	12.90644	77.71059
1170	12.90644	77.71064
1171	12.90646	77.71069
1172	12.90647	77.71074
1173	12.90649	77.71080
1174	12.90651	77.71085
1175	12.90652	77.71091
1176	12.90655	77.71098
1177	12.90657	77.71103
1178	12.90661	77.71109
1179	12.90662	77.71115
1180	12.90664	77.71121
1181	12.90666	77.71128
1182	12.90668	77.71134
1183	12.90669	77.71139
1184	12.90672	77.71144
1185	12.90673	77.71150
1186	12.90675	77.71156
1187	12.90677	77.71162
1188	12.90678	77.71167
1189	12.90680	77.71173
1190	12.90681	77.71178
1191	12.90683	77.71185
1192	12.90684	77.71191
1193	12.90685	77.71196
1194	12.90687	77.71203
1195	12.90689	77.71210
1196	12.90691	77.71216
1197	12.90693	77.71221
1198	12.90696	77.71227
1199	12.90698	77.71232
1200	12.90701	77.71239
1201	12.90703	77.71244
1202	12.90705	77.71251
1203	12.90707	77.71256
1204	12.90708	77.71262
1205	12.90711	77.71267
1206	12.90713	77.71273
1207	12.90715	77.71278
1208	12.90717	77.71284
1209	12.90718	77.71291
1210	12.90720	77.71297
1211	12.90722	77.71303
1212	12.90724	77.71309
1213	12.90726	77.71315
1214	12.90727	77.71320
1215	12.90729	77.71326
1216	12.90731	77.71331
1217	12.90734	77.71337
1218	12.90736	77.71342
1219	12.90738	77.71347
1220	12.90742	77.71354
1221	12.90744	77.71360
1222	12.90746	77.71365
1223	12.90749	77.71371
1224	12.90751	77.71377
1225	12.90753	77.71382
1226	12.90756	77.71388
1227	12.90759	77.71394
1228	12.90761	77.71399
1229	12.90764	77.71405
1230	12.90767	77.71410
1231	12.90770	77.71416
1232	12.90774	77.71422
1233	12.90779	77.71427
1234	12.90783	77.71434
1235	12.90787	77.71440
1236	12.90790	77.71445
1237	12.90794	77.71451
1238	12.90798	77.71457
1239	12.90802	77.71462
1240	12.90805	77.71468
1241	12.90809	77.71473
1242	12.90813	77.71478
1243	12.90815	77.71484
1244	12.90819	77.71490
1245	12.90821	77.71495
1246	12.90824	77.71500
1247	12.90826	77.71506
1248	12.90829	77.71511
1249	12.90832	77.71517
1250	12.90835	77.71522
1251	12.90838	77.71527
1252	12.90841	77.71533
1253	12.90844	77.71538
1254	12.90848	77.71544
1255	12.90851	77.71549
1256	12.90856	77.71555
1257	12.90860	77.71560
1258	12.90864	77.71566
1259	12.90869	77.71571
1260	12.90873	77.71577
1261	12.90877	77.71582
1262	12.90879	77.71587
1263	12.90876	77.71593
1264	12.90870	77.71600
1265	12.90866	77.71606
1266	12.90862	77.71611
1267	12.90858	77.71617
1268	12.90854	77.71624
1269	12.90850	77.71630
1270	12.90848	77.71635
1271	12.90844	77.71642
1272	12.90841	77.71647
1273	12.90838	77.71653
1274	12.90834	77.71658
1275	12.90830	77.71664
1276	12.90827	77.71669
1277	12.90823	77.71676
1278	12.90819	77.71681
1279	12.90816	77.71686
1280	12.90813	77.71691
1281	12.90811	77.71697
1282	12.90808	77.71702
1283	12.90805	77.71708
1284	12.90802	77.71713
1285	12.90799	77.71719
1286	12.90796	77.71724
1287	12.90793	77.71730
1288	12.90790	77.71736
1289	12.90787	77.71742
1290	12.90783	77.71748
1291	12.90780	77.71753
1292	12.90779	77.71760
1293	12.90779	77.71765
1294	12.90779	77.71771
1295	12.90780	77.71776
1296	12.90780	77.71781
1297	12.90780	77.71787
1298	12.90781	77.71792
1299	12.90782	77.71797
1300	12.90784	77.71803
1301	12.90785	77.71809
1302	12.90786	77.71815
1303	12.90787	77.71820
1304	12.90789	77.71826
1305	12.90790	77.71832
1306	12.90792	77.71838
1307	12.90792	77.71844
1308	12.90794	77.71850
1309	12.90795	77.71856
1310	12.90797	77.71862
1311	12.90798	77.71867
1312	12.90798	77.71873
1313	12.90799	77.71879
1314	12.90801	77.71884
1315	12.90803	77.71890
1316	12.90804	77.71895
1317	12.90805	77.71901
1318	12.90807	77.71906
1319	12.90808	77.71912
1320	12.90809	77.71917
1321	12.90811	77.71922
1322	12.90812	77.71928
1323	12.90814	77.71934
1324	12.90816	77.71941
1325	12.90818	77.71946
1326	12.90819	77.71952
1327	12.90820	77.71957
1328	12.90821	77.71963
1329	12.90822	77.71969
1330	12.90823	77.71974
1331	12.90824	77.71980
1332	12.90826	77.71987
1333	12.90828	77.71994
1334	12.90829	77.71999
1335	12.90831	77.72004
1336	12.90834	77.72010
1337	12.90836	77.72016
1338	12.90837	77.72021
1339	12.90839	77.72027
1340	12.90840	77.72032
1341	12.90841	77.72037
1342	12.90843	77.72044
1343	12.90844	77.72049
1344	12.90846	77.72055
1345	12.90847	77.72060
1346	12.90849	77.72066
1347	12.90850	77.72071
1348	12.90852	77.72078
1349	12.90853	77.72084
1350	12.90855	77.72089
1351	12.90856	77.72094
1352	12.90858	77.72100
1353	12.90859	77.72106
1354	12.90860	77.72111
1355	12.90862	77.72117
1356	12.90863	77.72123
1357	12.90863	77.72129
1358	12.90864	77.72135
1359	12.90865	77.72141
1360	12.90867	77.72147
1361	12.90868	77.72153
1362	12.90868	77.72158
1363	12.90868	77.72164
1364	12.90868	77.72169
1365	12.90868	77.72175
1366	12.90869	77.72181
1367	12.90870	77.72187
1368	12.90872	77.72192
1369	12.90874	77.72198
1370	12.90876	77.72205
1371	12.90874	77.72211
1372	12.90873	77.72217
1373	12.90871	77.72222
1374	12.90869	77.72228
1375	12.90868	77.72234
1376	12.90866	77.72240
1377	12.90865	77.72246
1378	12.90863	77.72252
1379	12.90862	77.72257
1380	12.90859	77.72263
1381	12.90857	77.72268
1382	12.90855	77.72273
1383	12.90852	77.72279
1384	12.90849	77.72284
1385	12.90847	77.72290
1386	12.90845	77.72296
1387	12.90844	77.72303
1388	12.90842	77.72309
1389	12.90840	77.72314
1390	12.90839	77.72320
1391	12.90838	77.72326
1392	12.90836	77.72332
1393	12.90835	77.72338
1394	12.90833	77.72344
1395	12.90832	77.72350
1396	12.90830	77.72356
1397	12.90828	77.72362
1398	12.90826	77.72368
1399	12.90824	77.72373
1400	12.90822	77.72379
1401	12.90820	77.72384
1402	12.90817	77.72390
1403	12.90815	77.72395
1404	12.90812	77.72401
1405	12.90809	77.72407
1406	12.90807	77.72412
1407	12.90805	77.72419
1408	12.90802	77.72424
1409	12.90801	77.72430
1410	12.90800	77.72435
1411	12.90799	77.72441
1412	12.90798	77.72446
1413	12.90797	77.72452
1414	12.90796	77.72458
1415	12.90794	77.72464
1416	12.90793	77.72470
1417	12.90792	77.72476
1418	12.90790	77.72481
1419	12.90789	77.72487
1420	12.90787	77.72493
1421	12.90786	77.72498
1422	12.90784	77.72504
1423	12.90781	77.72509
1424	12.90779	77.72514
1425	12.90776	77.72520
1426	12.90774	77.72525
1427	12.90772	77.72531
1428	12.90770	77.72536
1429	12.90768	77.72541
1430	12.90766	77.72547
1431	12.90764	77.72553
1432	12.90761	77.72558
1433	12.90758	77.72564
1434	12.90756	77.72569
1435	12.90753	77.72574
1436	12.90750	77.72580
1437	12.90748	77.72585
1438	12.90745	77.72590
1439	12.90743	77.72596
1440	12.90742	77.72601
1441	12.90740	77.72607
1442	12.90739	77.72613
1443	12.90737	77.72618
1444	12.90736	77.72624
1445	12.90734	77.72629
1446	12.90732	77.72634
1447	12.90731	77.72640
1448	12.90730	77.72646
1449	12.90729	77.72652
1450	12.90727	77.72658
1451	12.90724	77.72663
1452	12.90722	77.72669
1453	12.90719	77.72674
1454	12.90717	77.72681
1455	12.90715	77.72686
1456	12.90713	77.72691
1457	12.90710	77.72698
1458	12.90707	77.72704
1459	12.90704	77.72709
1460	12.90701	77.72716
1461	12.90699	77.72721
1462	12.90697	77.72727
1463	12.90696	77.72733
1464	12.90694	77.72738
1465	12.90692	77.72744
1466	12.90691	77.72750
1467	12.90689	77.72755
1468	12.90687	77.72761
1469	12.90686	77.72768
1470	12.90684	77.72773
1471	12.90682	77.72779
1472	12.90680	77.72784
1473	12.90677	77.72789
1474	12.90683	77.72792
1475	12.90689	77.72792
1476	12.90696	77.72792
1477	12.90702	77.72792
1478	12.90708	77.72792
1479	12.90713	77.72793
1480	12.90719	77.72794
1481	12.90724	77.72794
1482	12.90731	77.72795
1483	12.90737	77.72795
1484	12.90743	77.72795
1485	12.90748	77.72795
1486	12.90755	77.72794
1487	12.90760	77.72794
1488	12.90766	77.72793
1489	12.90772	77.72792
1490	12.90778	77.72792
1491	12.90784	77.72792
1492	12.90790	77.72792
1493	12.90796	77.72792
1494	12.90801	77.72791
1495	12.90807	77.72791
1496	12.90812	77.72791
1497	12.90819	77.72791
1498	12.90824	77.72790
1499	12.90829	77.72790
1500	12.90835	77.72790
1501	12.90841	77.72790
1502	12.90847	77.72790
1503	12.90852	77.72789
1504	12.90858	77.72789
1505	12.90864	77.72789
1506	12.90872	77.72789
1507	12.90879	77.72789
1508	12.90885	77.72789
1509	12.90892	77.72789
1510	12.90897	77.72788
1511	12.90904	77.72788
1512	12.90909	77.72788
1513	12.90915	77.72788
1514	12.90921	77.72788
1515	12.90928	77.72787
1516	12.90934	77.72787
1517	12.90940	77.72787
1518	12.90947	77.72787
1519	12.90952	77.72788
1520	12.90957	77.72788
1521	12.90963	77.72788
1522	12.90970	77.72787
1523	12.90977	77.72787
1524	12.90983	77.72787
1525	12.90988	77.72787
1526	12.90994	77.72787
1527	12.91000	77.72787
1528	12.91007	77.72788
1529	12.91012	77.72789
1530	12.91018	77.72790
1531	12.91024	77.72790
1532	12.91030	77.72791
1533	12.91037	77.72792
1534	12.91042	77.72792
1535	12.91048	77.72793
1536	12.91053	77.72794
1537	12.91059	77.72795
1538	12.91065	77.72796
1539	12.91070	77.72796
1540	12.91076	77.72796
1541	12.91083	77.72796
1542	12.91090	77.72796
1543	12.91096	77.72796
1544	12.91103	77.72796
1545	12.91109	77.72796
1546	12.91115	77.72796
1547	12.91122	77.72796
1548	12.91129	77.72797
1549	12.91135	77.72797
1550	12.91140	77.72798
1551	12.91146	77.72799
1552	12.91151	77.72799
1553	12.91157	77.72799
1554	12.91162	77.72799
1555	12.91168	77.72799
1556	12.91174	77.72800
1557	12.91180	77.72800
1558	12.91186	77.72801
1559	12.91191	77.72802
1560	12.91197	77.72803
1561	12.91203	77.72803
1562	12.91209	77.72804
1563	12.91215	77.72805
1564	12.91221	77.72806
1565	12.91228	77.72808
1566	12.91233	77.72808
1567	12.91239	77.72809
1568	12.91245	77.72809
1569	12.91251	77.72809
1570	12.91257	77.72810
1571	12.91262	77.72811
1572	12.91268	77.72812
1573	12.91274	77.72812
1574	12.91280	77.72813
1575	12.91286	77.72813
1576	12.91292	77.72813
1577	12.91298	77.72813
1578	12.91304	77.72814
1579	12.91310	77.72814
1580	12.91315	77.72814
1581	12.91321	77.72814
1582	12.91327	77.72815
1583	12.91334	77.72815
1584	12.91339	77.72815
1585	12.91344	77.72815
1586	12.91350	77.72816
1587	12.91357	77.72817
1588	12.91363	77.72818
1589	12.91369	77.72819
1590	12.91374	77.72820
1591	12.91382	77.72820
1592	12.91388	77.72820
1593	12.91393	77.72820
1594	12.91400	77.72820
1595	12.91406	77.72820
1596	12.91413	77.72821
1597	12.91413	77.72826
1598	12.91414	77.72832
1599	12.91414	77.72837
1600	12.91415	77.72843
1601	12.91415	77.72848
1602	12.91415	77.72854
1603	12.91415	77.72860
1604	12.91415	77.72866
1605	12.91415	77.72872
1606	12.91416	77.72877
1607	12.91416	77.72883
1608	12.91417	77.72888
1609	12.91419	77.72894
1610	12.91420	77.72900
1611	12.91420	77.72907
1612	12.91421	77.72912
1613	12.91422	77.72917
1614	12.91423	77.72923
1615	12.91423	77.72929
1616	12.91423	77.72935
1617	12.91423	77.72940
1618	12.91423	77.72946
1619	12.91423	77.72952
1620	12.91423	77.72958
1621	12.91424	77.72965
1622	12.91425	77.72972
1623	12.91425	77.72978
1624	12.91426	77.72983
1625	12.91426	77.72989
1626	12.91427	77.72996
1627	12.91429	77.73001
1628	12.91430	77.73006
1629	12.91430	77.73012
1630	12.91431	77.73019
1631	12.91432	77.73025
1632	12.91433	77.73030
1633	12.91433	77.73036
1634	12.91434	77.73041
1635	12.91434	77.73047
1636	12.91435	77.73053
1637	12.91436	77.73059
1638	12.91436	77.73066
1639	12.91436	77.73071
1640	12.91435	77.73077
1641	12.91435	77.73082
1642	12.91435	77.73088
1643	12.91435	77.73093
1644	12.91435	77.73099
1645	12.91435	77.73105
1646	12.91435	77.73110
1647	12.91435	77.73117
1648	12.91436	77.73124
1649	12.91436	77.73129
1650	12.91436	77.73135
1651	12.91436	77.73142
1652	12.91436	77.73147
1653	12.91436	77.73153
1654	12.91436	77.73159
1655	12.91436	77.73165
1656	12.91436	77.73170
1657	12.91436	77.73175
1658	12.91436	77.73182
1659	12.91436	77.73189
1660	12.91436	77.73194
1661	12.91436	77.73200
1662	12.91436	77.73206
1663	12.91436	77.73213
1664	12.91436	77.73220
1665	12.91436	77.73225
1666	12.91436	77.73231
1667	12.91436	77.73237
1668	12.91436	77.73243
1669	12.91436	77.73248
1670	12.91436	77.73255
1671	12.91436	77.73261
1672	12.91436	77.73266
1673	12.91436	77.73271
1674	12.91436	77.73276
1675	12.91437	77.73282
1676	12.91438	77.73290
1677	12.91439	77.73295
1678	12.91439	77.73300
1679	12.91440	77.73306
1680	12.91441	77.73312
1681	12.91441	77.73318
1682	12.91442	77.73324
1683	12.91441	77.73329
1684	12.91441	77.73335
1685	12.91440	77.73342
1686	12.91440	77.73349
1687	12.91440	77.73354
1688	12.91440	77.73359
1689	12.91440	77.73364
1690	12.91440	77.73370
1691	12.91440	77.73376
1692	12.91440	77.73382
1693	12.91440	77.73388
1694	12.91440	77.73394
1695	12.91440	77.73400
1696	12.91440	77.73406
1697	12.91440	77.73412
1698	12.91440	77.73418
1699	12.91440	77.73424
1700	12.91439	77.73431
1701	12.91439	77.73437
1702	12.91439	77.73442
1703	12.91440	77.73448
1704	12.91440	77.73454
1705	12.91440	77.73459
1706	12.91441	77.73466
1707	12.91442	77.73472
1708	12.91443	77.73477
1709	12.91443	77.73483
1710	12.91444	77.73489
1711	12.91444	77.73495
1712	12.91445	77.73500
1713	12.91446	77.73506
1714	12.91446	77.73511
1715	12.91447	77.73517
1716	12.91448	77.73523
1717	12.91448	77.73529
1718	12.91449	77.73534
1719	12.91449	77.73539
1720	12.91449	77.73545
1721	12.91449	77.73550
1722	12.91449	77.73556
1723	12.91450	77.73563
1724	12.91450	77.73569
1725	12.91451	77.73574
1726	12.91452	77.73580
1727	12.91453	77.73585
1728	12.91453	77.73591
1729	12.91454	77.73596
1730	12.91455	77.73602
1731	12.91455	77.73609
1732	12.91456	77.73615
1733	12.91458	77.73621
1734	12.91458	77.73626
1735	12.91459	77.73632
1736	12.91460	77.73638
1737	12.91462	77.73644
1738	12.91464	77.73651
1739	12.91465	77.73656
1740	12.91467	77.73662
1741	12.91468	77.73667
1742	12.91469	77.73672
1743	12.91471	77.73677
1744	12.91472	77.73683
1745	12.91474	77.73689
1746	12.91475	77.73695
1747	12.91476	77.73700
1748	12.91477	77.73706
1749	12.91478	77.73711
1750	12.91478	77.73716
1751	12.91479	77.73721
1752	12.91480	77.73727
1753	12.91480	77.73732
1754	12.91481	77.73738
1755	12.91482	77.73743
1756	12.91483	77.73749
1757	12.91483	77.73754
1758	12.91484	77.73760
1759	12.91485	77.73766
1760	12.91486	77.73772
1761	12.91488	77.73778
1762	12.91490	77.73784
1763	12.91491	77.73790
1764	12.91493	77.73796
1765	12.91495	77.73802
1766	12.91495	77.73808
1767	12.91494	77.73814
1768	12.91494	77.73819
1769	12.91494	77.73824
1770	12.91495	77.73831
1771	12.91495	77.73836
1772	12.91496	77.73841
1773	12.91497	77.73847
1774	12.91497	77.73853
1775	12.91497	77.73858
1776	12.91497	77.73863
1777	12.91497	77.73870
1778	12.91497	77.73876
1779	12.91497	77.73883
1780	12.91497	77.73889
1781	12.91498	77.73895
1782	12.91498	77.73901
1783	12.91498	77.73906
1784	12.91498	77.73911
1785	12.91499	77.73916
1786	12.91499	77.73922
1787	12.91499	77.73927
1788	12.91499	77.73933
1789	12.91499	77.73938
1790	12.91499	77.73944
1791	12.91499	77.73951
1792	12.91498	77.73956
1793	12.91498	77.73962
1794	12.91496	77.73968
1795	12.91496	77.73973
1796	12.91495	77.73978
1797	12.91495	77.73984
1798	12.91494	77.73990
1799	12.91495	77.73997
1800	12.91495	77.74003
1801	12.91495	77.74009
1802	12.91495	77.74015
1803	12.91495	77.74021
1804	12.91494	77.74026
1805	12.91494	77.74031
1806	12.91494	77.74036
1807	12.91494	77.74043
1808	12.91494	77.74050
1809	12.91494	77.74055
1810	12.91494	77.74062
1811	12.91494	77.74067
1812	12.91494	77.74073
1813	12.91494	77.74079
1814	12.91494	77.74084
1815	12.91494	77.74090
1816	12.91494	77.74096
1817	12.91494	77.74101
1818	12.91494	77.74107
1819	12.91494	77.74112
1820	12.91494	77.74117
1821	12.91494	77.74122
1822	12.91494	77.74128
1823	12.91494	77.74133
1824	12.91493	77.74138
1825	12.91493	77.74144
1826	12.91492	77.74150
1827	12.91492	77.74155
1828	12.91492	77.74161
1829	12.91492	77.74168
1830	12.91492	77.74173
1831	12.91492	77.74180
1832	12.91491	77.74186
1833	12.91491	77.74191
1834	12.91491	77.74198
1835	12.91492	77.74204
1836	12.91493	77.74210
1837	12.91493	77.74216
1838	12.91493	77.74223
1839	12.91493	77.74229
1840	12.91493	77.74235
1841	12.91493	77.74241
1842	12.91493	77.74248
1843	12.91494	77.74253
1844	12.91494	77.74259
1845	12.91494	77.74265
1846	12.91494	77.74270
1847	12.91494	77.74276
1848	12.91494	77.74281
1849	12.91493	77.74288
1850	12.91493	77.74293
1851	12.91493	77.74298
1852	12.91493	77.74303
1853	12.91493	77.74309
1854	12.91493	77.74315
1855	12.91493	77.74320
1856	12.91493	77.74326
1857	12.91493	77.74331
1858	12.91493	77.74336
1859	12.91493	77.74342
1860	12.91493	77.74347
1861	12.91493	77.74354
1862	12.91493	77.74359
1863	12.91493	77.74366
1864	12.91493	77.74372
1865	12.91493	77.74377
1866	12.91492	77.74383
1867	12.91492	77.74389
1868	12.91492	77.74394
1869	12.91491	77.74399
1870	12.91490	77.74405
1871	12.91490	77.74411
1872	12.91489	77.74417
1873	12.91489	77.74422
1874	12.91489	77.74429
1875	12.91489	77.74436
1876	12.91490	77.74442
1877	12.91490	77.74448
1878	12.91491	77.74453
1879	12.91491	77.74459
1880	12.91491	77.74464
1881	12.91491	77.74470
1882	12.91491	77.74476
1883	12.91491	77.74481
1884	12.91490	77.74488
1885	12.91490	77.74495
1886	12.91489	77.74501
1887	12.91488	77.74507
1888	12.91488	77.74513
1889	12.91487	77.74519
1890	12.91486	77.74524
1891	12.91485	77.74529
1892	12.91485	77.74536
1893	12.91485	77.74543
1894	12.91484	77.74548
1895	12.91484	77.74553
1896	12.91484	77.74560
1897	12.91484	77.74565
1898	12.91485	77.74570
1899	12.91485	77.74576
1900	12.91485	77.74582
1901	12.91486	77.74587
1902	12.91486	77.74594
1903	12.91486	77.74601
1904	12.91486	77.74606
1905	12.91486	77.74612
1906	12.91486	77.74617
1907	12.91486	77.74625
1908	12.91486	77.74631
1909	12.91485	77.74638
1910	12.91485	77.74643
1911	12.91485	77.74649
1912	12.91486	77.74655
1913	12.91486	77.74660
1914	12.91487	77.74667
1915	12.91488	77.74672
1916	12.91490	77.74678
1917	12.91496	77.74679
1918	12.91502	77.74680
1919	12.91507	77.74682
1920	12.91513	77.74683
1921	12.91520	77.74684
1922	12.91527	77.74685
1923	12.91533	77.74687
1924	12.91539	77.74687
1925	12.91545	77.74689
1926	12.91552	77.74690
1927	12.91559	77.74691
1928	12.91565	77.74693
1929	12.91571	77.74695
1930	12.91577	77.74697
1931	12.91584	77.74699
1932	12.91589	77.74701
1933	12.91596	77.74702
1934	12.91602	77.74704
1935	12.91608	77.74706
1936	12.91614	77.74708
1937	12.91620	77.74709
1938	12.91625	77.74711
1939	12.91630	77.74712
1940	12.91635	77.74713
1941	12.91641	77.74715
1942	12.91647	77.74716
1943	12.91652	77.74717
1944	12.91658	77.74719
1945	12.91665	77.74720
1946	12.91671	77.74721
1947	12.91677	77.74722
1948	12.91683	77.74724
1949	12.91688	77.74725
1950	12.91694	77.74727
1951	12.91700	77.74728
1952	12.91706	77.74730
1953	12.91713	77.74731
1954	12.91719	77.74733
1955	12.91726	77.74735
1956	12.91731	77.74736
1957	12.91738	77.74738
1958	12.91745	77.74740
1959	12.91751	77.74741
1960	12.91757	77.74743
1961	12.91763	77.74745
1962	12.91770	77.74747
1963	12.91776	77.74749
1964	12.91781	77.74751
1965	12.91787	77.74754
1966	12.91794	77.74756
1967	12.91799	77.74759
1968	12.91806	77.74762
1969	12.91812	77.74764
1970	12.91818	77.74767
1971	12.91824	77.74769
1972	12.91830	77.74772
1973	12.91835	77.74776
1974	12.91841	77.74780
1975	12.91846	77.74784
1976	12.91852	77.74788
1977	12.91857	77.74793
1978	12.91863	77.74797
1979	12.91869	77.74801
1980	12.91875	77.74807
1981	12.91881	77.74811
1982	12.91886	77.74815
1983	12.91892	77.74819
1984	12.91898	77.74823
1985	12.91903	77.74827
1986	12.91909	77.74832
1987	12.91915	77.74836
1988	12.91921	77.74841
1989	12.91926	77.74847
1990	12.91930	77.74852
1991	12.91934	77.74858
1992	12.91939	77.74864
1993	12.91943	77.74869
1994	12.91946	77.74875
1995	12.91951	77.74881
1996	12.91954	77.74887
1997	12.91957	77.74893
1998	12.91960	77.74898
1999	12.91962	77.74903
2000	12.91965	77.74909
2001	12.91967	77.74914
2002	12.91968	77.74919
2003	12.91969	77.74925
2004	12.91971	77.74930
2005	12.91971	77.74936
2006	12.91972	77.74941
2007	12.91972	77.74946
2008	12.91972	77.74953
2009	12.91971	77.74959
2010	12.91969	77.74964
2011	12.91968	77.74970
2012	12.91967	77.74975
2013	12.91967	77.74981
2014	12.91968	77.74988
2015	12.91970	77.74993
2016	12.91971	77.74999
2017	12.91977	77.75003
2018	12.91981	77.75009
2019	12.91983	77.75015
2020	12.91983	77.75021
2021	12.91984	77.75027
2022	12.91984	77.75033
2023	12.91985	77.75038
2024	12.91984	77.75045
2025	12.91983	77.75051
2026	12.91983	77.75057
2027	12.91984	77.75062
2028	12.91985	77.75067
2029	12.91987	77.75073
2030	12.91988	77.75080
2031	12.91990	77.75086
2032	12.91992	77.75092
2033	12.91993	77.75098
2034	12.91995	77.75104
2035	12.91996	77.75110
2036	12.91997	77.75115
2037	12.91998	77.75120
2038	12.91998	77.75126
2039	12.91999	77.75131
2040	12.92000	77.75136
2041	12.92001	77.75141
2042	12.92002	77.75147
2043	12.92003	77.75152
2044	12.92003	77.75158
2045	12.92003	77.75165
2046	12.92003	77.75171
2047	12.92003	77.75177
2048	12.92003	77.75184
2049	12.92003	77.75189
2050	12.92004	77.75196
2051	12.92006	77.75201
2052	12.92008	77.75207
2053	12.92009	77.75213
2054	12.92010	77.75218
2055	12.92011	77.75224
2056	12.92012	77.75229
2057	12.92014	77.75235
2058	12.92018	77.75240
2059	12.92023	77.75246
2060	12.92027	77.75251
2061	12.92032	77.75257
2062	12.92038	77.75262
2063	12.92040	77.75268
2064	12.92043	77.75274
2065	12.92047	77.75280
2066	12.92051	77.75285
2067	12.92056	77.75291
2068	12.92062	77.75298
2069	12.92068	77.75303
2070	12.92074	77.75307
2071	12.92080	77.75311
2072	12.92087	77.75314
2073	12.92092	77.75318
2074	12.92098	77.75321
2075	12.92105	77.75324
2076	12.92110	77.75327
2077	12.92116	77.75329
2078	12.92121	77.75331
2079	12.92127	77.75332
2080	12.92134	77.75334
2081	12.92139	77.75336
2082	12.92147	77.75338
2083	12.92152	77.75339
2084	12.92158	77.75341
2085	12.92163	77.75343
2086	12.92169	77.75345
2087	12.92175	77.75348
2088	12.92182	77.75351
2089	12.92188	77.75353
2090	12.92193	77.75354
2091	12.92199	77.75356
2092	12.92206	77.75358
2093	12.92212	77.75360
2094	12.92218	77.75361
2095	12.92223	77.75363
2096	12.92229	77.75364
2097	12.92235	77.75366
2098	12.92240	77.75366
2099	12.92246	77.75366
2100	12.92252	77.75366
2101	12.92258	77.75366
2102	12.92264	77.75366
2103	12.92270	77.75366
2104	12.92277	77.75366
2105	12.92283	77.75367
2106	12.92290	77.75368
2107	12.92297	77.75368
2108	12.92302	77.75370
2109	12.92308	77.75374
2110	12.92312	77.75379
2111	12.92318	77.75386
2112	12.92324	77.75391
2113	12.92329	77.75395
2114	12.92334	77.75400
2115	12.92338	77.75406
2116	12.92342	77.75413
2117	12.92346	77.75418
2118	12.92350	77.75423
2119	12.92354	77.75429
2120	12.92358	77.75436
2121	12.92361	77.75442
2122	12.92364	77.75449
2123	12.92367	77.75454
2124	12.92370	77.75459
2125	12.92372	77.75464
2126	12.92374	77.75470
2127	12.92376	77.75476
2128	12.92379	77.75481
2129	12.92381	77.75487
2130	12.92384	77.75493
2131	12.92386	77.75499
2132	12.92388	77.75505
2133	12.92392	77.75511
2134	12.92395	77.75518
2135	12.92398	77.75524
2136	12.92401	77.75531
2137	12.92404	77.75538
2138	12.92408	77.75544
2139	12.92410	77.75550
2140	12.92413	77.75555
2141	12.92417	77.75561
2142	12.92420	77.75566
2143	12.92422	77.75572
2144	12.92425	77.75578
2145	12.92428	77.75584
2146	12.92430	77.75591
2147	12.92433	77.75596
2148	12.92435	77.75603
2149	12.92438	77.75608
2150	12.92440	77.75613
2151	12.92443	77.75619
2152	12.92445	77.75624
2153	12.92447	77.75629
2154	12.92448	77.75635
2155	12.92452	77.75641
2156	12.92454	77.75647
2157	12.92456	77.75652
2158	12.92458	77.75659
2159	12.92460	77.75665
2160	12.92462	77.75671
2161	12.92463	77.75677
2162	12.92465	77.75683
2163	12.92467	77.75689
2164	12.92470	77.75694
2165	12.92472	77.75699
2166	12.92473	77.75705
2167	12.92476	77.75711
2168	12.92479	77.75717
2169	12.92482	77.75723
2170	12.92485	77.75729
2171	12.92488	77.75735
2172	12.92491	77.75741
2173	12.92494	77.75747
2174	12.92497	77.75754
2175	12.92499	77.75759
2176	12.92502	77.75765
2177	12.92505	77.75770
2178	12.92507	77.75776
2179	12.92511	77.75782
2180	12.92514	77.75789
2181	12.92518	77.75795
2182	12.92520	77.75800
2183	12.92522	77.75805
2184	12.92526	77.75812
2185	12.92528	77.75818
2186	12.92530	77.75824
2187	12.92533	77.75830
2188	12.92536	77.75836
2189	12.92538	77.75842
2190	12.92541	77.75848
2191	12.92543	77.75854
2192	12.92546	77.75860
2193	12.92549	77.75867
2194	12.92551	77.75872
2195	12.92553	77.75878
2196	12.92556	77.75883
2197	12.92559	77.75889
2198	12.92561	77.75895
2199	12.92564	77.75900
2200	12.92567	77.75906
2201	12.92570	77.75912
2202	12.92572	77.75918
2203	12.92576	77.75924
2204	12.92578	77.75929
2205	12.92580	77.75935
2206	12.92583	77.75940
2207	12.92586	77.75946
2208	12.92589	77.75952
2209	12.92593	77.75959
2210	12.92596	77.75964
2211	12.92598	77.75969
2212	12.92602	77.75976
2213	12.92604	77.75982
2214	12.92607	77.75988
2215	12.92608	77.75993
2216	12.92613	77.76002
2217	12.92615	77.76012
2218	12.92617	77.76021
2219	12.92619	77.76027
2220	12.92620	77.76033
2221	12.92622	77.76039
2222	12.92623	77.76044
2223	12.92624	77.76050
2224	12.92626	77.76055
2225	12.92627	77.76061
2226	12.92629	77.76068
2227	12.92630	77.76073
2228	12.92632	77.76079
2229	12.92633	77.76085
2230	12.92635	77.76090
2231	12.92636	77.76096
2232	12.92638	77.76102
2233	12.92639	77.76108
2234	12.92642	77.76113
2235	12.92644	77.76118
2236	12.92645	77.76124
2237	12.92647	77.76129
2238	12.92649	77.76135
2239	12.92650	77.76140
2240	12.92653	77.76145
2241	12.92656	77.76151
2242	12.92659	77.76156
2243	12.92662	77.76162
2244	12.92664	77.76168
2245	12.92667	77.76173
2246	12.92670	77.76180
2247	12.92673	77.76185
2248	12.92674	77.76191
2249	12.92675	77.76197
2250	12.92677	77.76203
2251	12.92679	77.76208
2252	12.92681	77.76214
2253	12.92683	77.76220
2254	12.92683	77.76226
2255	12.92684	77.76231
2256	12.92686	77.76236
2257	12.92687	77.76242
2258	12.92688	77.76248
2259	12.92690	77.76254
2260	12.92693	77.76259
2261	12.92695	77.76264
2262	12.92697	77.76270
2263	12.92699	77.76275
2264	12.92701	77.76282
2265	12.92702	77.76287
2266	12.92704	77.76292
2267	12.92705	77.76297
2268	12.92707	77.76303
2269	12.92710	77.76308
2270	12.92711	77.76314
2271	12.92713	77.76320
2272	12.92715	77.76326
2273	12.92716	77.76332
2274	12.92718	77.76337
2275	12.92720	77.76344
2276	12.92722	77.76350
2277	12.92724	77.76356
2278	12.92725	77.76362
2279	12.92727	77.76368
2280	12.92728	77.76374
2281	12.92730	77.76379
2282	12.92732	77.76385
2283	12.92733	77.76391
2284	12.92734	77.76397
2285	12.92735	77.76403
2286	12.92735	77.76408
2287	12.92735	77.76414
2288	12.92734	77.76419
2289	12.92733	77.76425
2290	12.92732	77.76432
2291	12.92730	77.76438
2292	12.92729	77.76444
2293	12.92728	77.76450
2294	12.92726	77.76455
2295	12.92725	77.76461
2296	12.92723	77.76467
2297	12.92722	77.76472
2298	12.92720	77.76478
2299	12.92719	77.76484
2300	12.92717	77.76490
2301	12.92715	77.76496
2302	12.92715	77.76502
2303	12.92715	77.76507
2304	12.92715	77.76513
2305	12.92717	77.76520
2306	12.92719	77.76526
2307	12.92723	77.76531
2308	12.92729	77.76536
2309	12.92735	77.76541
2310	12.92742	77.76545
2311	12.92748	77.76550
2312	12.92754	77.76555
2313	12.92759	77.76559
2314	12.92765	77.76563
2315	12.92770	77.76565
2316	12.92776	77.76568
2317	12.92781	77.76570
2318	12.92786	77.76573
2319	12.92792	77.76576
2320	12.92798	77.76578
2321	12.92804	77.76580
2322	12.92810	77.76584
2323	12.92816	77.76588
2324	12.92822	77.76591
2325	12.92828	77.76594
2326	12.92833	77.76597
2327	12.92839	77.76600
2328	12.92844	77.76602
2329	12.92850	77.76606
2330	12.92855	77.76609
2331	12.92862	77.76613
2332	12.92867	77.76615
2333	12.92874	77.76619
2334	12.92880	77.76622
2335	12.92885	77.76625
2336	12.92891	77.76628
2337	12.92897	77.76631
2338	12.92903	77.76634
2339	12.92909	77.76636
2340	12.92914	77.76638
2341	12.92920	77.76641
2342	12.92926	77.76645
2343	12.92933	77.76648
2344	12.92939	77.76651
2345	12.92945	77.76652
2346	12.92951	77.76653
2347	12.92957	77.76653
2348	12.92963	77.76654
2349	12.92969	77.76655
2350	12.92975	77.76657
2351	12.92981	77.76660
2352	12.92987	77.76664
2353	12.92993	77.76667
2354	12.92999	77.76670
2355	12.93005	77.76674
2356	12.93011	77.76677
2357	12.93017	77.76680
2358	12.93024	77.76684
2359	12.93030	77.76690
2360	12.93036	77.76694
2361	12.93042	77.76698
2362	12.93048	77.76702
2363	12.93053	77.76704
2364	12.93059	77.76707
2365	12.93066	77.76708
2366	12.93071	77.76708
2367	12.93078	77.76708
2368	12.93085	77.76708
2369	12.93090	77.76710
2370	12.93096	77.76712
2371	12.93102	77.76713
2372	12.93108	77.76715
2373	12.93114	77.76716
2374	12.93121	77.76718
2375	12.93128	77.76719
2376	12.93135	77.76720
2377	12.93141	77.76721
2378	12.93147	77.76722
2379	12.93155	77.76722
2380	12.93160	77.76722
2381	12.93167	77.76722
2382	12.93174	77.76722
2383	12.93180	77.76722
2384	12.93186	77.76722
2385	12.93191	77.76722
2386	12.93198	77.76723
2387	12.93204	77.76724
2388	12.93209	77.76726
2389	12.93215	77.76727
2390	12.93221	77.76728
2391	12.93226	77.76729
2392	12.93233	77.76731
2393	12.93239	77.76733
2394	12.93245	77.76735
2395	12.93250	77.76737
2396	12.93258	77.76741
2397	12.93264	77.76743
2398	12.93270	77.76744
2399	12.93276	77.76745
2400	12.93283	77.76746
2401	12.93289	77.76746
2402	12.93294	77.76746
2403	12.93301	77.76746
2404	12.93306	77.76746
2405	12.93312	77.76746
2406	12.93318	77.76746
2407	12.93324	77.76747
2408	12.93330	77.76746
2409	12.93335	77.76746
2410	12.93341	77.76746
2411	12.93346	77.76746
2412	12.93352	77.76747
2413	12.93360	77.76748
2414	12.93366	77.76749
2415	12.93373	77.76750
2416	12.93378	77.76750
2417	12.93384	77.76751
2418	12.93389	77.76752
2419	12.93396	77.76752
2420	12.93402	77.76752
2421	12.93408	77.76753
2422	12.93414	77.76754
2423	12.93419	77.76754
2424	12.93425	77.76754
2425	12.93431	77.76754
2426	12.93436	77.76755
2427	12.93441	77.76755
2428	12.93447	77.76755
2429	12.93452	77.76756
2430	12.93458	77.76756
2431	12.93464	77.76757
2432	12.93470	77.76758
2433	12.93476	77.76758
2434	12.93483	77.76758
2435	12.93489	77.76759
2436	12.93495	77.76762
2437	12.93500	77.76764
2438	12.93506	77.76766
2439	12.93512	77.76767
2440	12.93519	77.76769
2441	12.93526	77.76770
2442	12.93531	77.76767
2443	12.93537	77.76765
2444	12.93542	77.76761
2445	12.93548	77.76756
2446	12.93553	77.76751
2447	12.93557	77.76746
2448	12.93563	77.76740
2449	12.93568	77.76737
2450	12.93574	77.76732
2451	12.93580	77.76728
2452	12.93585	77.76724
2453	12.93591	77.76720
2454	12.93596	77.76715
2455	12.93602	77.76711
2456	12.93608	77.76707
2457	12.93615	77.76702
2458	12.93620	77.76699
2459	12.93626	77.76697
2460	12.93631	77.76695
2461	12.93636	77.76694
2462	12.93642	77.76693
2463	12.93650	77.76693
2464	12.93656	77.76693
2465	12.93662	77.76692
2466	12.93667	77.76691
2467	12.93673	77.76689
2468	12.93678	77.76686
2469	12.93685	77.76683
2470	12.93691	77.76681
2471	12.93698	77.76679
2472	12.93704	77.76679
2473	12.93709	77.76678
2474	12.93717	77.76676
2475	12.93722	77.76675
2476	12.93729	77.76674
2477	12.93735	77.76672
2478	12.93741	77.76671
2479	12.93747	77.76671
2480	12.93754	77.76670
2481	12.93759	77.76670
2482	12.93764	77.76669
2483	12.93770	77.76668
2484	12.93777	77.76668
2485	12.93782	77.76667
2486	12.93788	77.76667
2487	12.93795	77.76666
2488	12.93801	77.76665
2489	12.93806	77.76664
2490	12.93812	77.76664
2491	12.93818	77.76663
2492	12.93824	77.76661
2493	12.93829	77.76661
2494	12.93836	77.76660
2495	12.93842	77.76659
2496	12.93848	77.76658
2497	12.93853	77.76658
2498	12.93860	77.76657
2499	12.93867	77.76656
2500	12.93872	77.76656
2501	12.93879	77.76655
2502	12.93884	77.76655
2503	12.93890	77.76655
2504	12.93896	77.76654
2505	12.93902	77.76654
2506	12.93907	77.76653
2507	12.93913	77.76653
2508	12.93918	77.76652
2509	12.93929	77.76651
2510	12.93935	77.76651
2511	12.93941	77.76651
2512	12.93947	77.76651
2513	12.93953	77.76650
2514	12.93959	77.76650
2515	12.93967	77.76649
2516	12.93974	77.76648
2517	12.93980	77.76647
2518	12.93986	77.76646
2519	12.93992	77.76646
2520	12.93997	77.76646
2521	12.94003	77.76646
2522	12.94009	77.76646
2523	12.94015	77.76646
2524	12.94021	77.76646
2525	12.94027	77.76646
2526	12.94034	77.76646
2527	12.94040	77.76646
2528	12.94046	77.76645
2529	12.94053	77.76644
2530	12.94060	77.76644
2531	12.94065	77.76644
2532	12.94072	77.76643
2533	12.94077	77.76643
2534	12.94083	77.76643
2535	12.94090	77.76642
2536	12.94095	77.76641
2537	12.94101	77.76641
2538	12.94106	77.76641
2539	12.94112	77.76642
2540	12.94118	77.76644
2541	12.94124	77.76646
2542	12.94129	77.76647
2543	12.94134	77.76647
2544	12.94140	77.76647
2545	12.94146	77.76647
2546	12.94152	77.76647
2547	12.94158	77.76646
2548	12.94164	77.76646
2549	12.94170	77.76645
2550	12.94177	77.76645
2551	12.94183	77.76644
2552	12.94189	77.76643
2553	12.94196	77.76643
2554	12.94201	77.76643
2555	12.94208	77.76642
2556	12.94214	77.76642
2557	12.94219	77.76641
2558	12.94224	77.76641
2559	12.94230	77.76643
2560	12.94235	77.76643
2561	12.94242	77.76644
2562	12.94248	77.76645
2563	12.94253	77.76644
2564	12.94259	77.76645
2565	12.94264	77.76646
2566	12.94269	77.76646
2567	12.94275	77.76648
2568	12.94281	77.76649
2569	12.94286	77.76651
2570	12.94292	77.76653
2571	12.94298	77.76653
2572	12.94304	77.76654
2573	12.94309	77.76655
2574	12.94315	77.76656
2575	12.94321	77.76656
2576	12.94328	77.76656
2577	12.94334	77.76657
2578	12.94340	77.76657
2579	12.94346	77.76658
2580	12.94353	77.76659
2581	12.94358	77.76661
2582	12.94364	77.76662
2583	12.94369	77.76664
2584	12.94375	77.76668
2585	12.94381	77.76671
2586	12.94387	77.76674
2587	12.94393	77.76677
2588	12.94400	77.76681
2589	12.94405	77.76684
2590	12.94411	77.76687
2591	12.94418	77.76687
2592	12.94423	77.76686
2593	12.94428	77.76686
2594	12.94434	77.76685
2595	12.94440	77.76684
2596	12.94446	77.76683
2597	12.94452	77.76682
2598	12.94459	77.76680
2599	12.94467	77.76679
2600	12.94473	77.76678
2601	12.94479	77.76677
2602	12.94485	77.76677
2603	12.94490	77.76676
2604	12.94497	77.76675
2605	12.94504	77.76674
2606	12.94511	77.76673
2607	12.94517	77.76671
2608	12.94522	77.76670
2609	12.94529	77.76669
2610	12.94534	77.76668
2611	12.94539	77.76667
2612	12.94545	77.76666
2613	12.94552	77.76666
2614	12.94557	77.76666
2615	12.94563	77.76665
2616	12.94570	77.76664
2617	12.94576	77.76664
2618	12.94583	77.76664
2619	12.94589	77.76663
2620	12.94594	77.76662
2621	12.94601	77.76661
2622	12.94607	77.76661
2623	12.94612	77.76660
2624	12.94619	77.76659
2625	12.94625	77.76659
2626	12.94631	77.76658
2627	12.94636	77.76656
2628	12.94642	77.76655
2629	12.94647	77.76654
2630	12.94653	77.76653
2631	12.94659	77.76651
2632	12.94664	77.76650
2633	12.94670	77.76650
2634	12.94675	77.76648
2635	12.94681	77.76647
2636	12.94687	77.76645
2637	12.94693	77.76644
2638	12.94698	77.76643
2639	12.94704	77.76643
2640	12.94711	77.76642
2641	12.94717	77.76641
2642	12.94723	77.76640
2643	12.94730	77.76639
2644	12.94736	77.76638
2645	12.94741	77.76638
2646	12.94747	77.76637
2647	12.94753	77.76636
2648	12.94759	77.76635
2649	12.94765	77.76634
2650	12.94770	77.76633
2651	12.94776	77.76632
2652	12.94782	77.76632
2653	12.94787	77.76632
2654	12.94793	77.76631
2655	12.94799	77.76630
2656	12.94804	77.76630
2657	12.94811	77.76629
2658	12.94817	77.76628
2659	12.94823	77.76628
2660	12.94829	77.76627
2661	12.94835	77.76625
2662	12.94840	77.76623
2663	12.94846	77.76621
2664	12.94851	77.76620
2665	12.94857	77.76618
2666	12.94863	77.76616
2667	12.94868	77.76614
2668	12.94874	77.76613
2669	12.94880	77.76611
2670	12.94887	77.76609
2671	12.94893	77.76607
2672	12.94899	77.76606
2673	12.94904	77.76605
2674	12.94909	77.76604
2675	12.94914	77.76603
2676	12.94920	77.76602
2677	12.94926	77.76602
2678	12.94932	77.76601
2679	12.94938	77.76600
2680	12.94945	77.76599
2681	12.94951	77.76598
2682	12.94962	77.76596
2683	12.94968	77.76594
2684	12.94974	77.76592
2685	12.94981	77.76591
2686	12.94987	77.76589
2687	12.94993	77.76587
2688	12.94999	77.76585
2689	12.95006	77.76584
2690	12.95011	77.76582
2691	12.95018	77.76580
2692	12.95023	77.76579
2693	12.95029	77.76577
2694	12.95036	77.76575
2695	12.95041	77.76573
2696	12.95047	77.76572
2697	12.95052	77.76570
2698	12.95059	77.76568
2699	12.95065	77.76566
2700	12.95070	77.76564
2701	12.95076	77.76562
2702	12.95082	77.76559
2703	12.95088	77.76557
2704	12.95094	77.76557
2705	12.95100	77.76557
2706	12.95105	77.76557
2707	12.95110	77.76557
2708	12.95117	77.76557
2709	12.95123	77.76558
2710	12.95129	77.76558
2711	12.95135	77.76558
2712	12.95142	77.76558
2713	12.95148	77.76558
2714	12.95154	77.76558
2715	12.95160	77.76558
2716	12.95167	77.76558
2717	12.95174	77.76558
2718	12.95180	77.76558
2719	12.95186	77.76558
2720	12.95193	77.76558
2721	12.95198	77.76558
2722	12.95204	77.76558
2723	12.95210	77.76558
2724	12.95216	77.76558
2725	12.95224	77.76558
2726	12.95229	77.76557
2727	12.95235	77.76556
2728	12.95241	77.76556
2729	12.95247	77.76557
2730	12.95253	77.76558
2731	12.95259	77.76558
2732	12.95265	77.76558
2733	12.95270	77.76558
2734	12.95275	77.76558
2735	12.95281	77.76558
2736	12.95288	77.76558
2737	12.95294	77.76558
2738	12.95301	77.76558
2739	12.95307	77.76558
2740	12.95314	77.76557
2741	12.95319	77.76557
2742	12.95325	77.76556
2743	12.95330	77.76556
2744	12.95337	77.76555
2745	12.95343	77.76555
2746	12.95349	77.76554
2747	12.95355	77.76554
2748	12.95361	77.76554
2749	12.95366	77.76555
2750	12.95371	77.76555
2751	12.95377	77.76556
2752	12.95383	77.76557
2753	12.95389	77.76557
2754	12.95394	77.76557
2755	12.95400	77.76556
2756	12.95406	77.76556
2757	12.95411	77.76556
2758	12.95417	77.76556
2759	12.95424	77.76556
2760	12.95429	77.76556
2761	12.95435	77.76556
2762	12.95440	77.76555
2763	12.95446	77.76555
2764	12.95452	77.76555
2765	12.95458	77.76555
2766	12.95465	77.76555
2767	12.95471	77.76555
2768	12.95477	77.76555
2769	12.95483	77.76555
2770	12.95489	77.76555
2771	12.95495	77.76556
2772	12.95501	77.76557
2773	12.95508	77.76557
2774	12.95513	77.76557
2775	12.95520	77.76557
2776	12.95526	77.76556
2777	12.95533	77.76557
2778	12.95540	77.76557
2779	12.95547	77.76557
2780	12.95553	77.76557
2781	12.95564	77.76557
2782	12.95574	77.76557
2783	12.95580	77.76557
2784	12.95588	77.76557
2785	12.95594	77.76556
2786	12.95600	77.76556
2787	12.95607	77.76556
2788	12.95613	77.76556
2789	12.95619	77.76556
2790	12.95626	77.76556
2791	12.95632	77.76556
2792	12.95639	77.76557
2793	12.95646	77.76566
2794	12.95650	77.76574
2795	12.95655	77.76579
2796	12.95660	77.76584
2797	12.95666	77.76590
2798	12.95672	77.76595
2799	12.95678	77.76600
2800	12.95684	77.76604
2801	12.95689	77.76609
2802	12.95695	77.76614
2803	12.95699	77.76619
2804	12.95705	77.76624
2805	12.95711	77.76628
2806	12.95717	77.76632
2807	12.95723	77.76636
2808	12.95729	77.76634
2809	12.95735	77.76633
2810	12.95741	77.76632
2811	12.95748	77.76630
2812	12.95754	77.76629
2813	12.95760	77.76628
2814	12.95766	77.76627
2815	12.95773	77.76626
2816	12.95779	77.76623
2817	12.95785	77.76621
2818	12.95791	77.76620
2819	12.95796	77.76620
2820	12.95801	77.76620
2821	12.95807	77.76620
2822	12.95813	77.76622
2823	12.95819	77.76623
2824	12.95825	77.76622
2825	12.95831	77.76621
2826	12.95837	77.76621
2827	12.95842	77.76621
2828	12.95848	77.76621
2829	12.95854	77.76621
2830	12.95860	77.76621
2831	12.95865	77.76620
2832	12.95871	77.76620
2833	12.95877	77.76620
2834	12.95883	77.76621
2835	12.95889	77.76623
2836	12.95894	77.76624
2837	12.95900	77.76624
2838	12.95906	77.76624
2839	12.95911	77.76625
2840	12.95917	77.76629
2841	12.95918	77.76635
2842	12.95917	77.76640
2843	12.95916	77.76646
2844	12.95915	77.76651
2845	12.95915	77.76658
2846	12.95914	77.76663
2847	12.95914	77.76669
2848	12.95914	77.76675
2849	12.95914	77.76682
2850	12.95913	77.76687
2851	12.95913	77.76693
2852	12.95913	77.76698
2853	12.95913	77.76704
2854	12.95913	77.76709
2855	12.95914	77.76714
2856	12.95914	77.76720
2857	12.95915	77.76726
2858	12.95916	77.76732
2859	12.95916	77.76738
2860	12.95916	77.76745
2861	12.95916	77.76751
2862	12.95916	77.76756
2863	12.95916	77.76761
2864	12.95916	77.76768
2865	12.95915	77.76773
2866	12.95914	77.76779
2867	12.95914	77.76784
2868	12.95914	77.76789
2869	12.95913	77.76795
2870	12.95913	77.76801
2871	12.95913	77.76807
2872	12.95913	77.76814
2873	12.95913	77.76819
2874	12.95913	77.76825
2875	12.95913	77.76831
2876	12.95913	77.76837
2877	12.95913	77.76843
2878	12.95914	77.76849
2879	12.95914	77.76855
2880	12.95915	77.76860
2881	12.95915	77.76866
2882	12.95916	77.76871
2883	12.95916	77.76877
2884	12.95916	77.76883
2885	12.95916	77.76888
2886	12.95917	77.76893
2887	12.95917	77.76899
2888	12.95917	77.76904
2889	12.95917	77.76911
2890	12.95916	77.76917
2891	12.95915	77.76923
2892	12.95915	77.76928
2893	12.95914	77.76934
2894	12.95914	77.76939
2895	12.95914	77.76945
2896	12.95913	77.76951
2897	12.95912	77.76958
2898	12.95911	77.76963
2899	12.95910	77.76969
2900	12.95910	77.76974
2901	12.95909	77.76979
2902	12.95909	77.76985
2903	12.95908	77.76991
2904	12.95907	77.76996
2905	12.95906	77.77001
2906	12.95906	77.77008
2907	12.95905	77.77015
2908	12.95905	77.77021
2909	12.95905	77.77027
2910	12.95905	77.77033
2911	12.95905	77.77040
2912	12.95905	77.77045
2913	12.95905	77.77051
2914	12.95905	77.77057
2915	12.95905	77.77062
2916	12.95905	77.77068
2917	12.95905	77.77073
2918	12.95906	77.77079
2919	12.95907	77.77084
2920	12.95908	77.77090
2921	12.95909	77.77096
2922	12.95910	77.77102
2923	12.95912	77.77108
2924	12.95914	77.77114
2925	12.95916	77.77120
2926	12.95917	77.77126
2927	12.95921	77.77132
2928	12.95925	77.77138
2929	12.95930	77.77142
2930	12.95936	77.77146
2931	12.95943	77.77149
2932	12.95949	77.77152
2933	12.95955	77.77155
2934	12.95961	77.77158
2935	12.95967	77.77162
2936	12.95973	77.77164
2937	12.95978	77.77167
2938	12.95984	77.77170
2939	12.95990	77.77173
2940	12.95995	77.77175
2941	12.96001	77.77178
2942	12.96007	77.77181
2943	12.96013	77.77184
2944	12.96019	77.77186
2945	12.96025	77.77190
2946	12.96031	77.77193
2947	12.96037	77.77195
2948	12.96043	77.77197
2949	12.96048	77.77198
2950	12.96054	77.77199
2951	12.96059	77.77199
2952	12.96065	77.77198
2953	12.96071	77.77197
2954	12.96076	77.77194
2955	12.96082	77.77188
2956	12.96087	77.77183
2957	12.96093	77.77178
2958	12.96098	77.77174
2959	12.96104	77.77168
2960	12.96111	77.77163
2961	12.96117	77.77158
2962	12.96123	77.77153
2963	12.96128	77.77149
2964	12.96134	77.77144
2965	12.96135	77.77139
2966	12.96135	77.77132
2967	12.96135	77.77126
2968	12.96135	77.77121
2969	12.96135	77.77116
2970	12.96135	77.77110
2971	12.96136	77.77104
2972	12.96137	77.77097
2973	12.96138	77.77091
2974	12.96139	77.77085
2975	12.96139	77.77080
2976	12.96140	77.77075
2977	12.96141	77.77069
2978	12.96142	77.77062
2979	12.96142	77.77057
2980	12.96143	77.77050
2981	12.96144	77.77045
2982	12.96144	77.77040
2983	12.96145	77.77035
2984	12.96146	77.77030
2985	12.96148	77.77024
2986	12.96149	77.77018
2987	12.96151	77.77012
2988	12.96152	77.77007
2989	12.96154	77.77002
2990	12.96155	77.76996
2991	12.96157	77.76990
2992	12.96159	77.76984
2993	12.96160	77.76978
2994	12.96162	77.76973
2995	12.96164	77.76967
2996	12.96164	77.76960
2997	12.96165	77.76954
2998	12.96166	77.76948
2999	12.96167	77.76943
3000	12.96168	77.76938
3001	12.96169	77.76932
3002	12.96169	77.76927
3003	12.96171	77.76921
3004	12.96172	77.76915
3005	12.96173	77.76909
3006	12.96173	77.76904
3007	12.96174	77.76899
3008	12.96175	77.76894
3009	12.96176	77.76887
3010	12.96177	77.76882
3011	12.96180	77.76877
3012	12.96186	77.76873
3013	12.96191	77.76869
3014	12.96197	77.76866
3015	12.96203	77.76860
3016	12.96209	77.76855
3017	12.96215	77.76850
3018	12.96220	77.76846
3019	12.96226	77.76841
3020	12.96231	77.76836
3021	12.96237	77.76831
3022	12.96242	77.76827
3023	12.96240	77.76822
3024	12.96237	77.76817
3025	12.96234	77.76811
3026	12.96231	77.76806
3027	12.96229	77.76800
3028	12.96227	77.76794
3029	12.96224	77.76789
3030	12.96223	77.76783
3031	12.96221	77.76778
3032	12.96218	77.76772
3033	12.96215	77.76766
3034	12.96213	77.76760
3035	12.96210	77.76755
3036	12.96207	77.76748
3037	12.96205	77.76742
3038	12.96203	77.76737
3039	12.96201	77.76731
3040	12.96198	77.76726
3041	12.96196	77.76721
3042	12.96194	77.76714
3043	12.96191	77.76708
3044	12.96190	77.76703
3045	12.96187	77.76697
3046	12.96185	77.76691
3047	12.96183	77.76686
3048	12.96181	77.76680
3049	12.96178	77.76674
3050	12.96175	77.76668
3051	12.96173	77.76663
3052	12.96171	77.76657
3053	12.96168	77.76652
3054	12.96165	77.76646
3055	12.96163	77.76640
3056	12.96162	77.76635
3057	12.96160	77.76629
3058	12.96157	77.76623
3059	12.96155	77.76618
3060	12.96153	77.76613
3061	12.96151	77.76606
3062	12.96148	77.76601
3063	12.96146	77.76595
3064	12.96142	77.76589
3065	12.96138	77.76583
3066	12.96134	77.76577
3067	12.96132	77.76572
3068	12.96128	77.76566
3069	12.96123	77.76560
3070	12.96119	77.76554
3071	12.96116	77.76548
3072	12.96112	77.76541
3073	12.96108	77.76536
3074	12.96104	77.76530
3075	12.96099	77.76524
3076	12.96096	77.76518
3077	12.96093	77.76513
3078	12.96090	77.76508
3079	12.96087	77.76501
3080	12.96084	77.76496
3081	12.96080	77.76490
3082	12.96076	77.76484
3083	12.96073	77.76479
3084	12.96070	77.76472
3085	12.96066	77.76467
3086	12.96063	77.76460
3087	12.96059	77.76454
3088	12.96056	77.76448
3089	12.96053	77.76442
3090	12.96050	77.76436
3091	12.96047	77.76431
3092	12.96044	77.76425
3093	12.96041	77.76419
3094	12.96037	77.76413
3095	12.96034	77.76408
3096	12.96030	77.76402
3097	12.96025	77.76396
3098	12.96021	77.76391
3099	12.96018	77.76385
3100	12.96014	77.76380
3101	12.96011	77.76374
3102	12.96007	77.76368
3103	12.96005	77.76362
3104	12.96002	77.76357
3105	12.96000	77.76350
3106	12.95997	77.76344
3107	12.95994	77.76339
3108	12.95992	77.76333
3109	12.95989	77.76328
3110	12.95986	77.76322
3111	12.95982	77.76315
3112	12.95978	77.76309
3113	12.95975	77.76303
3114	12.95973	77.76298
3115	12.95970	77.76292
3116	12.95965	77.76287
3117	12.95960	77.76281
3118	12.95956	77.76276
3119	12.95952	77.76270
3120	12.95947	77.76264
3121	12.95943	77.76259
3122	12.95939	77.76254
3123	12.95935	77.76248
3124	12.95931	77.76242
3125	12.95926	77.76236
3126	12.95923	77.76230
3127	12.95921	77.76225
3128	12.95918	77.76220
3129	12.95916	77.76214
3130	12.95913	77.76209
3131	12.95910	77.76204
3132	12.95907	77.76199
3133	12.95905	77.76193
3134	12.95903	77.76187
3135	12.95900	77.76182
3136	12.95898	77.76175
3137	12.95897	77.76170
3138	12.95895	77.76164
3139	12.95893	77.76159
3140	12.95890	77.76153
3141	12.95888	77.76148
3142	12.95885	77.76143
3143	12.95882	77.76138
3144	12.95880	77.76133
3145	12.95878	77.76127
3146	12.95876	77.76122
3147	12.95874	77.76115
3148	12.95873	77.76109
3149	12.95872	77.76103
3150	12.95871	77.76098
3151	12.95811	77.75902
3152	12.95812	77.75908
3153	12.95814	77.75914
3154	12.95815	77.75920
3155	12.95816	77.75925
3156	12.95818	77.75931
3157	12.95820	77.75936
3158	12.95822	77.75942
3159	12.95824	77.75949
3160	12.95825	77.75954
3161	12.95827	77.75961
3162	12.95829	77.75967
3163	12.95830	77.75972
3164	12.95832	77.75979
3165	12.95834	77.75985
3166	12.95835	77.75991
3167	12.95838	77.75997
3168	12.95840	77.76003
3169	12.95842	77.76008
3170	12.95845	77.76014
3171	12.95847	77.76019
3172	12.95849	77.76024
3173	12.95851	77.76030
3174	12.95852	77.76036
3175	12.95854	77.76043
3176	12.95856	77.76048
3177	12.95858	77.76054
3178	12.95859	77.76060
3179	12.95861	77.76065
3180	12.95862	77.76071
3181	12.95865	77.76076
3182	12.95867	77.76082
3183	12.95868	77.76087
3184	12.95870	77.76093
3185	12.95807	77.75897
3186	12.95804	77.75890
3187	12.95800	77.75884
3188	12.95798	77.75879
3189	12.95795	77.75872
3190	12.95792	77.75867
3191	12.95790	77.75861
3192	12.95787	77.75856
3193	12.95785	77.75851
3194	12.95782	77.75845
3195	12.95780	77.75840
3196	12.95778	77.75835
3197	12.95777	77.75829
3198	12.95775	77.75822
3199	12.95774	77.75817
3200	12.95773	77.75812
3201	12.95772	77.75807
3202	12.95770	77.75802
3203	12.95767	77.75795
3204	12.95764	77.75789
3205	12.95761	77.75783
3206	12.95758	77.75778
3207	12.95755	77.75772
3208	12.95753	77.75766
3209	12.95750	77.75761
3210	12.95747	77.75755
3211	12.95745	77.75750
3212	12.95742	77.75744
3213	12.95739	77.75739
3214	12.95735	77.75733
3215	12.95732	77.75727
3216	12.95729	77.75722
3217	12.95726	77.75716
3218	12.95724	77.75710
3219	12.95722	77.75704
3220	12.95720	77.75698
3221	12.95718	77.75693
3222	12.95715	77.75687
3223	12.95712	77.75681
3224	12.95710	77.75676
3225	12.95707	77.75671
3226	12.95704	77.75665
3227	12.95701	77.75659
3228	12.95699	77.75654
3229	12.95696	77.75648
3230	12.95693	77.75642
3231	12.95691	77.75636
3232	12.95690	77.75630
3233	12.95688	77.75623
3234	12.95685	77.75617
3235	12.95682	77.75611
3236	12.95679	77.75604
3237	12.95676	77.75599
3238	12.95674	77.75592
3239	12.95672	77.75587
3240	12.95670	77.75580
3241	12.95669	77.75574
3242	12.95667	77.75567
3243	12.95665	77.75562
3244	12.95663	77.75556
3245	12.95662	77.75550
3246	12.95659	77.75544
3247	12.95657	77.75538
3248	12.95656	77.75532
3249	12.95654	77.75527
3250	12.95652	77.75522
3251	12.95649	77.75516
3252	12.95647	77.75511
3253	12.95644	77.75504
3254	12.95642	77.75499
3255	12.95638	77.75494
3256	12.95636	77.75487
3257	12.95631	77.75480
3258	12.95628	77.75475
3259	12.95626	77.75469
3260	12.95624	77.75463
3261	12.95622	77.75457
3262	12.95621	77.75452
3263	12.95618	77.75446
3264	12.95614	77.75439
3265	12.95612	77.75433
3266	12.95609	77.75427
3267	12.95606	77.75422
3268	12.95603	77.75416
3269	12.95598	77.75410
3270	12.95595	77.75405
3271	12.95592	77.75399
3272	12.95589	77.75394
3273	12.95587	77.75388
3274	12.95584	77.75382
3275	12.95581	77.75376
3276	12.95579	77.75370
3277	12.95576	77.75364
3278	12.95572	77.75358
3279	12.95570	77.75353
3280	12.95567	77.75348
3281	12.95563	77.75342
3282	12.95561	77.75336
3283	12.95557	77.75330
3284	12.95554	77.75325
3285	12.95552	77.75319
3286	12.95549	77.75313
3287	12.95547	77.75308
3288	12.95544	77.75303
3289	12.95542	77.75297
3290	12.95539	77.75291
3291	12.95535	77.75285
3292	12.95532	77.75279
3293	12.95529	77.75273
3294	12.95526	77.75266
3295	12.95523	77.75261
3296	12.95519	77.75255
3297	12.95516	77.75250
3298	12.95513	77.75245
3299	12.95508	77.75239
3300	12.95505	77.75233
3301	12.95502	77.75227
3302	12.95499	77.75221
3303	12.95496	77.75215
3304	12.95493	77.75210
3305	12.95492	77.75204
3306	12.95491	77.75199
3307	12.95489	77.75193
3308	12.95489	77.75187
3309	12.95489	77.75182
3310	12.95489	77.75175
3311	12.95489	77.75169
3312	12.95488	77.75164
3313	12.95487	77.75158
3314	12.95482	77.75156
3315	12.95476	77.75155
3316	12.95470	77.75154
3317	12.95464	77.75154
3318	12.95459	77.75149
3319	12.95457	77.75143
3320	12.95456	77.75137
3321	12.95454	77.75132
3322	12.95451	77.75127
3323	12.95448	77.75121
3324	12.95446	77.75114
3325	12.95446	77.75108
3326	12.95446	77.75103
3327	12.95446	77.75098
3328	12.95445	77.75092
3329	12.95445	77.75086
3330	12.95445	77.75081
3331	12.95445	77.75076
3332	12.95445	77.75071
3333	12.95444	77.75064
3334	12.95443	77.75058
3335	12.95442	77.75052
3336	12.95442	77.75047
3337	12.95441	77.75042
3338	12.95439	77.75036
3339	12.95437	77.75030
3340	12.95436	77.75023
3341	12.95435	77.75017
3342	12.95435	77.75012
3343	12.95435	77.75007
3344	12.95436	77.75001
3345	12.95436	77.74996
3346	12.95438	77.74990
3347	12.95438	77.74984
3348	12.95439	77.74978
3349	12.95440	77.74972
3350	12.95440	77.74967
3351	12.95440	77.74961
3352	12.95439	77.74956
3353	12.95443	77.74950
3354	12.95450	77.74944
3355	12.95455	77.74937
3356	12.95459	77.74932
3357	12.95464	77.74927
3358	12.95468	77.74921
3359	12.95474	77.74917
3360	12.95479	77.74914
3361	12.95485	77.74911
3362	12.95490	77.74909
3363	12.95496	77.74909
3364	12.95502	77.74909
3365	12.95508	77.74909
3366	12.95514	77.74909
3367	12.95520	77.74908
3368	12.95525	77.74907
3369	12.95532	77.74907
3370	12.95539	77.74907
3371	12.95544	77.74907
3372	12.95550	77.74907
3373	12.95556	77.74907
3374	12.95563	77.74907
3375	12.95568	77.74907
3376	12.95574	77.74906
3377	12.95580	77.74905
3378	12.95586	77.74904
3379	12.95593	77.74904
3380	12.95598	77.74903
3381	12.95604	77.74902
3382	12.95610	77.74902
3383	12.95615	77.74901
3384	12.95621	77.74901
3385	12.95627	77.74899
3386	12.95632	77.74897
3387	12.95638	77.74895
3388	12.95644	77.74892
3389	12.95651	77.74891
3390	12.95657	77.74890
3391	12.95664	77.74888
3392	12.95670	77.74887
3393	12.95675	77.74882
3394	12.95677	77.74875
3395	12.95677	77.74869
3396	12.95677	77.74864
3397	12.95677	77.74858
3398	12.95678	77.74851
3399	12.95680	77.74845
3400	12.95681	77.74840
3401	12.95683	77.74834
3402	12.95684	77.74829
3403	12.95686	77.74823
3404	12.95688	77.74818
3405	12.95689	77.74811
3406	12.95690	77.74805
3407	12.95692	77.74799
3408	12.95694	77.74793
3409	12.95696	77.74786
3410	12.95698	77.74780
3411	12.95700	77.74774
3412	12.95701	77.74769
3413	12.95703	77.74764
3414	12.95704	77.74758
3415	12.95707	77.74752
3416	12.95709	77.74747
3417	12.95713	77.74741
3418	12.95712	77.74735
3419	12.95707	77.74730
3420	12.95701	77.74727
3421	12.95696	77.74724
3422	12.95689	77.74721
3423	12.95683	77.74716
3424	12.95677	77.74713
3425	12.95670	77.74710
3426	12.95665	77.74707
3427	12.95659	77.74704
3428	12.95653	77.74701
3429	12.95648	77.74699
3430	12.95643	77.74696
3431	12.95637	77.74693
3432	12.95631	77.74690
3433	12.95625	77.74688
3434	12.95619	77.74685
3435	12.95613	77.74682
3436	12.95607	77.74679
3437	12.95601	77.74675
3438	12.95595	77.74671
3439	12.95589	77.74667
3440	12.95582	77.74661
3441	12.95578	77.74656
3442	12.95574	77.74651
3443	12.95568	77.74646
3444	12.95563	77.74641
3445	12.95558	77.74636
3446	12.95554	77.74631
3447	12.95551	77.74626
3448	12.95546	77.74620
3449	12.95543	77.74615
3450	12.95540	77.74608
3451	12.95537	77.74602
3452	12.95535	77.74597
3453	12.95534	77.74591
3454	12.95532	77.74584
3455	12.95531	77.74579
3456	12.95530	77.74573
3457	12.95530	77.74567
3458	12.95529	77.74561
3459	12.95528	77.74556
3460	12.95523	77.74550
3461	12.95517	77.74547
3462	12.95511	77.74543
3463	12.95506	77.74538
3464	12.95499	77.74534
3465	12.95493	77.74530
3466	12.95487	77.74527
3467	12.95482	77.74523
3468	12.95477	77.74519
3469	12.95471	77.74516
3470	12.95465	77.74512
3471	12.95459	77.74509
3472	12.95453	77.74505
3473	12.95447	77.74502
3474	12.95440	77.74500
3475	12.95435	77.74498
3476	12.95427	77.74495
3477	12.95421	77.74491
3478	12.95415	77.74488
3479	12.95410	77.74486
3480	12.95405	77.74483
3481	12.95398	77.74480
3482	12.95393	77.74477
3483	12.95387	77.74475
3484	12.95381	77.74472
3485	12.95375	77.74468
3486	12.95369	77.74464
3487	12.95363	77.74461
3488	12.95358	77.74458
3489	12.95352	77.74455
3490	12.95346	77.74452
3491	12.95340	77.74449
3492	12.95335	77.74446
3493	12.95328	77.74444
3494	12.95323	77.74442
3495	12.95316	77.74440
3496	12.95310	77.74439
3497	12.95305	77.74437
3498	12.95298	77.74433
3499	12.95291	77.74429
3500	12.95286	77.74425
3501	12.95280	77.74421
3502	12.95275	77.74415
3503	12.95270	77.74410
3504	12.95267	77.74404
3505	12.95265	77.74399
3506	12.95261	77.74392
3507	12.95258	77.74386
3508	12.95255	77.74381
3509	12.95252	77.74374
3510	12.95250	77.74369
3511	12.95247	77.74363
3512	12.95245	77.74358
3513	12.95243	77.74352
3514	12.95240	77.74347
3515	12.95237	77.74341
3516	12.95234	77.74335
3517	12.95231	77.74330
3518	12.95227	77.74324
3519	12.95224	77.74319
3520	12.95219	77.74313
3521	12.95216	77.74308
3522	12.95212	77.74303
3523	12.95209	77.74296
3524	12.95206	77.74291
3525	12.95205	77.74285
3526	12.95203	77.74280
3527	12.95201	77.74274
3528	12.95200	77.74268
3529	12.95199	77.74262
3530	12.95197	77.74257
3531	12.95196	77.74252
3532	12.95194	77.74247
3533	12.95193	77.74241
3534	12.95191	77.74235
3535	12.95190	77.74229
3536	12.95189	77.74223
3537	12.95187	77.74218
3538	12.95183	77.74212
3539	12.95178	77.74206
3540	12.95172	77.74200
3541	12.95168	77.74194
3542	12.95164	77.74188
3543	12.95160	77.74181
3544	12.95157	77.74175
3545	12.95154	77.74170
3546	12.95152	77.74164
3547	12.95150	77.74158
3548	12.95150	77.74153
3549	12.95149	77.74147
3550	12.95148	77.74140
3551	12.95147	77.74134
3552	12.95146	77.74128
3553	12.95145	77.74121
3554	12.95145	77.74116
3555	12.95142	77.74107
3556	12.95140	77.74101
3557	12.95139	77.74096
3558	12.95136	77.74091
3559	12.95133	77.74085
3560	12.95129	77.74078
3561	12.95125	77.74073
3562	12.95121	77.74068
3563	12.95117	77.74062
3564	12.95113	77.74057
3565	12.95109	77.74052
3566	12.95105	77.74047
3567	12.95100	77.74041
3568	12.95096	77.74036
3569	12.95093	77.74031
3570	12.95090	77.74024
3571	12.95088	77.74019
3572	12.95085	77.74013
3573	12.95082	77.74007
3574	12.95080	77.74002
3575	12.95079	77.73997
3576	12.95078	77.73991
3577	12.95077	77.73986
3578	12.95077	77.73980
3579	12.95077	77.73974
3580	12.95077	77.73968
3581	12.95077	77.73962
3582	12.95076	77.73956
3583	12.95075	77.73951
3584	12.95073	77.73945
3585	12.95071	77.73940
3586	12.95069	77.73934
3587	12.95066	77.73928
3588	12.95063	77.73923
3589	12.95059	77.73917
3590	12.95054	77.73912
3591	12.95049	77.73908
3592	12.95042	77.73903
3593	12.95037	77.73899
3594	12.95031	77.73894
3595	12.95025	77.73890
3596	12.95020	77.73886
3597	12.95014	77.73881
3598	12.95009	77.73877
3599	12.95003	77.73872
3600	12.94996	77.73868
3601	12.94990	77.73863
3602	12.94984	77.73860
3603	12.94978	77.73856
3604	12.94973	77.73850
3605	12.94969	77.73844
3606	12.94965	77.73839
3607	12.94961	77.73833
3608	12.94957	77.73826
3609	12.94952	77.73821
3610	12.94946	77.73815
3611	12.94941	77.73811
3612	12.94936	77.73806
3613	12.94931	77.73800
3614	12.94927	77.73795
3615	12.94923	77.73790
3616	12.94919	77.73785
3617	12.94915	77.73778
3618	12.94912	77.73772
3619	12.94909	77.73766
3620	12.94906	77.73760
3621	12.94904	77.73755
3622	12.94901	77.73749
3623	12.94899	77.73743
3624	12.94896	77.73737
3625	12.94893	77.73731
3626	12.94890	77.73726
3627	12.94885	77.73719
3628	12.94881	77.73713
3629	12.94877	77.73708
3630	12.94873	77.73701
3631	12.94872	77.73696
3632	12.94870	77.73691
3633	12.94868	77.73685
3634	12.94866	77.73679
3635	12.94864	77.73673
3636	12.94862	77.73667
3637	12.94860	77.73661
3638	12.94858	77.73656
3639	12.94855	77.73650
3640	12.94854	77.73644
3641	12.94853	77.73639
3642	12.94851	77.73634
3643	12.94848	77.73628
3644	12.94846	77.73622
3645	12.94843	77.73616
3646	12.94840	77.73610
3647	12.94837	77.73605
3648	12.94834	77.73599
3649	12.94832	77.73594
3650	12.94830	77.73588
3651	12.94828	77.73583
3652	12.94828	77.73577
3653	12.94827	77.73572
3654	12.94826	77.73566
3655	12.94826	77.73561
3656	12.94824	77.73555
3657	12.94823	77.73550
3658	12.94821	77.73544
3659	12.94818	77.73539
3660	12.94814	77.73533
3661	12.94810	77.73528
3662	12.94808	77.73522
3663	12.94805	77.73516
3664	12.94802	77.73511
3665	12.94802	77.73505
3666	12.94802	77.73499
3667	12.94800	77.73493
3668	12.94797	77.73487
3669	12.94794	77.73481
3670	12.94791	77.73475
3671	12.94789	77.73469
3672	12.94786	77.73463
3673	12.94785	77.73458
3674	12.94783	77.73452
3675	12.94782	77.73447
3676	12.94780	77.73441
3677	12.94779	77.73435
3678	12.94778	77.73430
3679	12.94777	77.73424
3680	12.94775	77.73418
3681	12.94773	77.73412
3682	12.94770	77.73407
3683	12.94766	77.73401
3684	12.94762	77.73395
3685	12.94759	77.73390
3686	12.94754	77.73385
3687	12.94748	77.73382
3688	12.94742	77.73378
3689	12.94736	77.73375
3690	12.94730	77.73371
3691	12.94724	77.73367
3692	12.94719	77.73362
3693	12.94713	77.73358
3694	12.94708	77.73353
3695	12.94702	77.73348
3696	12.94698	77.73342
3697	12.94693	77.73336
3698	12.94689	77.73331
3699	12.94685	77.73326
3700	12.94682	77.73320
3701	12.94679	77.73315
3702	12.94677	77.73309
3703	12.94676	77.73304
3704	12.94676	77.73298
3705	12.94676	77.73292
3706	12.94677	77.73286
3707	12.94678	77.73281
3708	12.94680	77.73274
3709	12.94681	77.73268
3710	12.94681	77.73263
3711	12.94682	77.73257
3712	12.94681	77.73252
3713	12.94680	77.73247
3714	12.94678	77.73241
3715	12.94677	77.73235
3716	12.94676	77.73229
3717	12.94674	77.73223
3718	12.94673	77.73218
3719	12.94671	77.73212
3720	12.94669	77.73207
3721	12.94667	77.73201
3722	12.94664	77.73196
3723	12.94661	77.73190
3724	12.94658	77.73184
3725	12.94655	77.73179
3726	12.94651	77.73172
3727	12.94648	77.73167
3728	12.94646	77.73160
3729	12.94643	77.73154
3730	12.94640	77.73149
3731	12.94637	77.73143
3732	12.94635	77.73138
3733	12.94632	77.73132
3734	12.94630	77.73126
3735	12.94629	77.73120
3736	12.94627	77.73115
3737	12.94626	77.73109
3738	12.94624	77.73103
3739	12.94623	77.73098
3740	12.94622	77.73092
3741	12.94620	77.73086
3742	12.94618	77.73080
3743	12.94616	77.73073
3744	12.94614	77.73068
3745	12.94612	77.73061
3746	12.94610	77.73056
3747	12.94608	77.73050
3748	12.94606	77.73045
3749	12.94604	77.73039
3750	12.94601	77.73033
3751	12.94598	77.73027
3752	12.94597	77.73021
3753	12.94595	77.73016
3754	12.94593	77.73010
3755	12.94591	77.73004
3756	12.94588	77.72998
3757	12.94585	77.72992
3758	12.94582	77.72987
3759	12.94579	77.72980
3760	12.94579	77.72974
3761	12.94578	77.72968
3762	12.94578	77.72963
3763	12.94578	77.72958
3764	12.94577	77.72952
3765	12.94576	77.72944
3766	12.94575	77.72938
3767	12.94573	77.72931
3768	12.94571	77.72924
3769	12.94570	77.72919
3770	12.94570	77.72914
3771	12.94568	77.72908
3772	12.94567	77.72901
3773	12.94565	77.72895
3774	12.94563	77.72888
3775	12.94561	77.72881
3776	12.94559	77.72875
3777	12.94558	77.72869
3778	12.94555	77.72864
3779	12.94552	77.72858
3780	12.94549	77.72852
3781	12.94547	77.72847
3782	12.94544	77.72842
3783	12.94543	77.72835
3784	12.94541	77.72829
3785	12.94539	77.72823
3786	12.94538	77.72817
3787	12.94536	77.72811
3788	12.94534	77.72805
3789	12.94531	77.72800
3790	12.94527	77.72794
3791	12.94523	77.72788
3792	12.94518	77.72782
3793	12.94514	77.72776
3794	12.94510	77.72771
3795	12.94506	77.72766
3796	12.94503	77.72761
3797	12.94501	77.72755
3798	12.94498	77.72749
3799	12.94496	77.72744
3800	12.94491	77.72738
3801	12.94488	77.72732
3802	12.94486	77.72727
3803	12.94482	77.72721
3804	12.94478	77.72715
3805	12.94474	77.72709
3806	12.94470	77.72704
3807	12.94466	77.72697
3808	12.94461	77.72691
3809	12.94458	77.72685
3810	12.94455	77.72679
3811	12.94451	77.72673
3812	12.94448	77.72666
3813	12.94445	77.72661
3814	12.94442	77.72655
3815	12.94440	77.72649
3816	12.94437	77.72643
3817	12.94434	77.72637
3818	12.94431	77.72631
3819	12.94428	77.72625
3820	12.94426	77.72620
3821	12.94425	77.72614
3822	12.94422	77.72608
3823	12.94421	77.72603
3824	12.94419	77.72596
3825	12.94417	77.72591
3826	12.94416	77.72585
3827	12.94414	77.72579
3828	12.94412	77.72573
3829	12.94410	77.72568
3830	12.94407	77.72562
3831	12.94403	77.72557
3832	12.94400	77.72551
3833	12.94396	77.72546
3834	12.94393	77.72541
3835	12.94390	77.72535
3836	12.94387	77.72530
3837	12.94384	77.72524
3838	12.94381	77.72517
3839	12.94377	77.72511
3840	12.94375	77.72505
3841	12.94372	77.72499
3842	12.94369	77.72493
3843	12.94365	77.72486
3844	12.94362	77.72479
3845	12.94359	77.72473
3846	12.94356	77.72466
3847	12.94352	77.72459
3848	12.94350	77.72453
3849	12.94347	77.72447
3850	12.94344	77.72441
3851	12.94342	77.72436
3852	12.94339	77.72429
3853	12.94337	77.72422
3854	12.94335	77.72416
3855	12.94333	77.72410
3856	12.94331	77.72404
3857	12.94328	77.72397
3858	12.94325	77.72391
3859	12.94322	77.72385
3860	12.94320	77.72379
3861	12.94317	77.72372
3862	12.94315	77.72366
3863	12.94313	77.72360
3864	12.94311	77.72355
3865	12.94310	77.72348
3866	12.94308	77.72342
3867	12.94307	77.72337
3868	12.94306	77.72331
3869	12.94304	77.72325
3870	12.94302	77.72319
3871	12.94301	77.72313
3872	12.94298	77.72306
3873	12.94296	77.72300
3874	12.94295	77.72294
3875	12.94293	77.72289
3876	12.94292	77.72283
3877	12.94290	77.72278
3878	12.94289	77.72272
3879	12.94287	77.72266
3880	12.94286	77.72261
3881	12.94284	77.72256
3882	12.94282	77.72249
3883	12.94281	77.72243
3884	12.94279	77.72237
3885	12.94278	77.72232
3886	12.94276	77.72225
3887	12.94274	77.72220
3888	12.94272	77.72214
3889	12.94271	77.72209
3890	12.94269	77.72203
3891	12.94266	77.72198
3892	12.94263	77.72192
3893	12.94260	77.72186
3894	12.94257	77.72180
3895	12.94254	77.72174
3896	12.94252	77.72168
3897	12.94251	77.72162
3898	12.94251	77.72155
3899	12.94250	77.72149
3900	12.94250	77.72143
3901	12.94249	77.72138
3902	12.94248	77.72132
3903	12.94246	77.72125
3904	12.94245	77.72118
3905	12.94244	77.72112
3906	12.94242	77.72105
3907	12.94241	77.72099
3908	12.94240	77.72093
3909	12.94239	77.72088
3910	12.94239	77.72082
3911	12.94237	77.72074
3912	12.94237	77.72069
3913	12.94237	77.72063
3914	12.94236	77.72056
3915	12.94235	77.72050
3916	12.94235	77.72043
3917	12.94235	77.72037
3918	12.94235	77.72032
3919	12.94234	77.72026
3920	12.94234	77.72021
3921	12.94233	77.72014
3922	12.94232	77.72007
3923	12.94232	77.72002
3924	12.94231	77.71996
3925	12.94230	77.71989
3926	12.94229	77.71983
3927	12.94229	77.71977
3928	12.94227	77.71971
3929	12.94226	77.71966
3930	12.94227	77.71960
3931	12.94227	77.71954
3932	12.94227	77.71948
3933	12.94227	77.71942
3934	12.94226	77.71936
3935	12.94225	77.71929
3936	12.94223	77.71923
3937	12.94221	77.71916
3938	12.94220	77.71910
3939	12.94218	77.71905
3940	12.94218	77.71899
3941	12.94217	77.71894
3942	12.94216	77.71888
3943	12.94216	77.71882
3944	12.94215	77.71877
3945	12.94214	77.71871
3946	12.94214	77.71865
3947	12.94213	77.71858
3948	12.94212	77.71852
3949	12.94212	77.71845
3950	12.94212	77.71838
3951	12.94212	77.71833
3952	12.94217	77.71829
3953	12.94223	77.71828
3954	12.94229	77.71826
3955	12.94234	77.71822
3956	12.94240	77.71819
3957	12.94246	77.71816
3958	12.94252	77.71815
3959	12.94259	77.71815
3960	12.94266	77.71813
3961	12.94272	77.71811
3962	12.94277	77.71810
3963	12.94282	77.71808
3964	12.94289	77.71806
3965	12.94295	77.71805
3966	12.94302	77.71802
3967	12.94308	77.71800
3968	12.94315	77.71798
3969	12.94320	77.71797
3970	12.94326	77.71795
3971	12.94331	77.71794
3972	12.94336	77.71792
3973	12.94341	77.71791
3974	12.94347	77.71785
3975	12.94352	77.71782
3976	12.94358	77.71780
3977	12.94364	77.71777
3978	12.94370	77.71774
3979	12.94375	77.71771
3980	12.94381	77.71768
3981	12.94387	77.71765
3982	12.94392	77.71763
3983	12.94398	77.71762
3984	12.94404	77.71761
3985	12.94410	77.71760
3986	12.94416	77.71757
3987	12.94421	77.71754
3988	12.94426	77.71750
3989	12.94432	77.71747
3990	12.94438	77.71744
3991	12.94443	77.71740
3992	12.94449	77.71737
3993	12.94454	77.71735
3994	12.94460	77.71734
3995	12.94467	77.71732
3996	12.94473	77.71732
3997	12.94479	77.71731
3998	12.94484	77.71729
3999	12.94490	77.71727
4000	12.94495	77.71725
4001	12.94501	77.71724
4002	12.94507	77.71723
4003	12.94512	77.71721
4004	12.94518	77.71719
4005	12.94523	77.71718
4006	12.94529	77.71717
4007	12.94535	77.71714
4008	12.94541	77.71713
4009	12.94548	77.71711
4010	12.94554	77.71709
4011	12.94560	77.71706
4012	12.94566	77.71706
4013	12.94572	77.71705
4014	12.94577	77.71702
4015	12.94584	77.71702
4016	12.94590	77.71700
4017	12.94597	77.71699
4018	12.94602	77.71697
4019	12.94608	77.71695
4020	12.94614	77.71694
4021	12.94621	77.71691
4022	12.94626	77.71690
4023	12.94632	77.71688
4024	12.94638	77.71687
4025	12.94644	77.71686
4026	12.94650	77.71685
4027	12.94656	77.71685
4028	12.94661	77.71685
4029	12.94667	77.71685
4030	12.94672	77.71685
4031	12.94678	77.71684
4032	12.94684	77.71683
4033	12.94690	77.71682
4034	12.94696	77.71679
4035	12.94702	77.71678
4036	12.94707	77.71677
4037	12.94713	77.71678
4038	12.94719	77.71679
4039	12.94724	77.71680
4040	12.94730	77.71682
4041	12.94735	77.71683
4042	12.94740	77.71685
4043	12.94746	77.71685
4044	12.94753	77.71686
4045	12.94758	77.71686
4046	12.94763	77.71686
4047	12.94770	77.71686
4048	12.94776	77.71686
4049	12.94783	77.71685
4050	12.94789	77.71684
4051	12.94794	77.71683
4052	12.94801	77.71681
4053	12.94806	77.71679
4054	12.94812	77.71678
4055	12.94818	77.71677
4056	12.94825	77.71676
4057	12.94831	77.71675
4058	12.94837	77.71674
4059	12.94842	77.71674
4060	12.94848	77.71673
4061	12.94856	77.71672
4062	12.94862	77.71672
4063	12.94868	77.71671
4064	12.94874	77.71670
4065	12.94882	77.71669
4066	12.94888	77.71668
4067	12.94893	77.71668
4068	12.94899	77.71668
4069	12.94906	77.71668
4070	12.94913	77.71667
4071	12.94921	77.71666
4072	12.94927	77.71665
4073	12.94933	77.71665
4074	12.94939	77.71664
4075	12.94947	77.71661
4076	12.94954	77.71661
4077	12.94962	77.71659
4078	12.94970	77.71659
4079	12.94975	77.71660
4080	12.94982	77.71659
4081	12.94989	77.71657
4082	12.94995	77.71657
4083	12.95000	77.71655
4084	12.95006	77.71654
4085	12.95012	77.71654
4086	12.95019	77.71654
4087	12.95025	77.71654
4088	12.95031	77.71653
4089	12.95037	77.71653
4090	12.95043	77.71652
4091	12.95050	77.71651
4092	12.95056	77.71650
4093	12.95062	77.71649
4094	12.95069	77.71648
4095	12.95074	77.71647
4096	12.95080	77.71646
4097	12.95086	77.71646
4098	12.95093	77.71647
4099	12.95099	77.71647
4100	12.95105	77.71647
4101	12.95113	77.71645
4102	12.95118	77.71644
4103	12.95124	77.71643
4104	12.95131	77.71643
4105	12.95137	77.71642
4106	12.95144	77.71641
4107	12.95150	77.71640
4108	12.95156	77.71640
4109	12.95163	77.71639
4110	12.95168	77.71638
4111	12.95174	77.71637
4112	12.95180	77.71637
4113	12.95185	77.71636
4114	12.95191	77.71635
4115	12.95198	77.71635
4116	12.95204	77.71635
4117	12.95211	77.71635
4118	12.95217	77.71634
4119	12.95222	77.71633
4120	12.95228	77.71632
4121	12.95234	77.71631
4122	12.95240	77.71630
4123	12.95246	77.71629
4124	12.95253	77.71628
4125	12.95258	77.71628
4126	12.95265	77.71627
4127	12.95271	77.71627
4128	12.95276	77.71625
4129	12.95283	77.71625
4130	12.95289	77.71625
4131	12.95295	77.71624
4132	12.95301	77.71622
4133	12.95306	77.71617
4134	12.95311	77.71610
4135	12.95315	77.71604
4136	12.95321	77.71598
4137	12.95328	77.71595
4138	12.95335	77.71593
4139	12.95343	77.71591
4140	12.95351	77.71589
4141	12.95357	77.71588
4142	12.95364	77.71588
4143	12.95370	77.71588
4144	12.95376	77.71588
4145	12.95383	77.71588
4146	12.95388	77.71587
4147	12.95395	77.71587
4148	12.95401	77.71586
4149	12.95406	77.71585
4150	12.95413	77.71584
4151	12.95419	77.71583
4152	12.95426	77.71581
4153	12.95432	77.71581
4154	12.95438	77.71580
4155	12.95444	77.71579
4156	12.95450	77.71578
4157	12.95452	77.71571
4158	12.95453	77.71565
4159	12.95454	77.71558
4160	12.95454	77.71551
4161	12.95455	77.71544
4162	12.95455	77.71538
4163	12.95455	77.71532
4164	12.95455	77.71524
4165	12.95455	77.71516
4166	12.95455	77.71508
4167	12.95455	77.71501
4168	12.95455	77.71493
4169	12.95455	77.71486
4170	12.95455	77.71478
4171	12.95455	77.71468
4172	12.95455	77.71462
4173	12.95455	77.71454
4174	12.95456	77.71446
4175	12.95456	77.71438
4176	12.95456	77.71431
4177	12.95456	77.71422
4178	12.95457	77.71415
4179	12.95458	77.71408
4180	12.95459	77.71401
4181	12.95460	77.71395
4182	12.95461	77.71387
4183	12.95462	77.71381
4184	12.95463	77.71374
4185	12.95464	77.71368
4186	12.95465	77.71361
4187	12.95466	77.71355
4188	12.95467	77.71348
4189	12.95468	77.71341
4190	12.95468	77.71335
4191	12.95468	77.71329
4192	12.95468	77.71322
4193	12.95467	77.71314
4194	12.95467	77.71306
4195	12.95467	77.71297
4196	12.95467	77.71291
4197	12.95468	77.71283
4198	12.95468	77.71275
4199	12.95470	77.71269
4200	12.95471	77.71262
4201	12.95472	77.71253
4202	12.95473	77.71246
4203	12.95475	77.71239
4204	12.95476	77.71232
4205	12.95476	77.71226
4206	12.95477	77.71220
4207	12.95477	77.71212
4208	12.95477	77.71204
4209	12.95478	77.71197
4210	12.95478	77.71190
4211	12.95478	77.71184
4212	12.95478	77.71177
4213	12.95478	77.71169
4214	12.95478	77.71160
4215	12.95479	77.71154
4216	12.95479	77.71147
4217	12.95480	77.71142
4218	12.95481	77.71137
4219	12.95482	77.71130
4220	12.95482	77.71125
4221	12.95484	77.71117
4222	12.95484	77.71110
4223	12.95485	77.71103
4224	12.95486	77.71097
4225	12.95487	77.71091
4226	12.95487	77.71084
4227	12.95487	77.71077
4228	12.95489	77.71070
4229	12.95489	77.71064
4230	12.95490	77.71057
4231	12.95492	77.71050
4232	12.95492	77.71045
4233	12.95493	77.71040
4234	12.95494	77.71034
4235	12.95495	77.71026
4236	12.95496	77.71020
4237	12.95497	77.71013
4238	12.95498	77.71006
4239	12.95500	77.71000
4240	12.95501	77.70995
4241	12.95503	77.70989
4242	12.95504	77.70982
4243	12.95505	77.70976
4244	12.95505	77.70968
4245	12.95506	77.70961
4246	12.95507	77.70953
4247	12.95507	77.70946
4248	12.95507	77.70938
4249	12.95507	77.70931
4250	12.95507	77.70923
4251	12.95507	77.70917
4252	12.95507	77.70910
4253	12.95508	77.70902
4254	12.95508	77.70897
4255	12.95509	77.70891
4256	12.95510	77.70886
4257	12.95511	77.70880
4258	12.95512	77.70874
4259	12.95513	77.70868
4260	12.95514	77.70861
4261	12.95514	77.70855
4262	12.95515	77.70848
4263	12.95516	77.70842
4264	12.95517	77.70835
4265	12.95518	77.70828
4266	12.95518	77.70822
4267	12.95519	77.70815
4268	12.95519	77.70809
4269	12.95520	77.70803
4270	12.95520	77.70798
4271	12.95520	77.70792
4272	12.95520	77.70786
4273	12.95521	77.70780
4274	12.95521	77.70774
4275	12.95522	77.70768
4276	12.95522	77.70762
4277	12.95523	77.70756
4278	12.95523	77.70750
4279	12.95523	77.70743
4280	12.95523	77.70738
4281	12.95523	77.70733
4282	12.95523	77.70727
4283	12.95523	77.70722
4284	12.95523	77.70714
4285	12.95523	77.70709
4286	12.95523	77.70704
4287	12.95523	77.70695
4288	12.95524	77.70688
4289	12.95524	77.70679
4290	12.95524	77.70673
4291	12.95524	77.70667
4292	12.95524	77.70662
4293	12.95524	77.70655
4294	12.95525	77.70647
4295	12.95525	77.70641
4296	12.95525	77.70635
4297	12.95526	77.70629
4298	12.95526	77.70623
4299	12.95527	77.70616
4300	12.95527	77.70610
4301	12.95527	77.70603
4302	12.95527	77.70596
4303	12.95528	77.70591
4304	12.95528	77.70584
