Rank	Latitude	Longitude
1	13.00965	77.68180
2	13.00958	77.68180
3	13.00949	77.68180
4	13.00942	77.68181
5	13.00934	77.68182
6	13.00928	77.68183
7	13.00921	77.68185
8	13.00913	77.68185
9	13.00906	77.68186
10	13.00898	77.68187
11	13.00890	77.68187
12	13.00882	77.68187
13	13.00878	77.68181
14	13.00876	77.68175
15	13.00872	77.68170
16	13.00866	77.68161
17	13.00862	77.68156
18	13.00858	77.68150
19	13.00855	77.68144
20	13.00850	77.68138
21	13.00847	77.68133
22	13.00843	77.68127
23	13.00839	77.68120
24	13.00837	77.68114
25	13.00835	77.68108
26	13.00833	77.68102
27	13.00830	77.68097
28	13.00826	77.68089
29	13.00823	77.68084
30	13.00816	77.68082
31	13.00810	77.68078
32	13.00805	77.68075
33	13.00799	77.68070
34	13.00797	77.68064
35	13.00797	77.68058
36	13.00798	77.68053
37	13.00800	77.68047
38	13.00801	77.68041
39	13.00803	77.68035
40	13.00805	77.68030
41	13.00808	77.68024
42	13.00810	77.68018
43	13.00813	77.68013
44	13.00812	77.68007
45	13.00811	77.68001
46	13.00809	77.67995
47	13.00807	77.67988
48	13.00805	77.67982
49	13.00803	77.67976
50	13.00801	77.67970
51	13.00799	77.67964
52	13.00797	77.67959
53	13.00796	77.67954
54	13.00795	77.67948
55	13.00794	77.67943
56	13.00792	77.67936
57	13.00791	77.67930
58	13.00789	77.67924
59	13.00788	77.67919
60	13.00786	77.67912
61	13.00785	77.67906
62	13.00782	77.67900
63	13.00778	77.67895
64	13.00773	77.67889
65	13.00769	77.67884
66	13.00766	77.67878
67	13.00763	77.67873
68	13.00761	77.67866
69	13.00760	77.67861
70	13.00760	77.67854
71	13.00760	77.67848
72	13.00762	77.67843
73	13.00765	77.67837
74	13.00768	77.67830
75	13.00773	77.67825
76	13.00779	77.67822
77	13.00785	77.67820
78	13.00790	77.67818
79	13.00795	77.67817
80	13.00801	77.67816
81	13.00806	77.67814
82	13.00812	77.67813
83	13.00817	77.67812
84	13.00823	77.67811
85	13.00828	77.67810
86	13.00834	77.67809
87	13.00839	77.67807
88	13.00845	77.67806
89	13.00850	77.67805
90	13.00855	77.67803
91	13.00862	77.67801
92	13.00868	77.67800
93	13.00873	77.67799
94	13.00880	77.67799
95	13.00886	77.67799
96	13.00893	77.67799
97	13.00899	77.67798
98	13.00904	77.67798
99	13.00910	77.67797
100	13.00917	77.67796
101	13.00922	77.67795
102	13.00928	77.67796
103	13.00933	77.67796
104	13.00939	77.67795
105	13.00944	77.67791
106	13.00949	77.67788
107	13.00954	77.67783
108	13.00951	77.67777
109	13.00945	77.67777
110	13.00939	77.67776
111	13.00934	77.67774
112	13.00929	77.67773
113	13.00923	77.67771
114	13.00918	77.67770
115	13.00913	77.67769
116	13.00908	77.67768
117	13.00902	77.67768
118	13.00896	77.67767
119	13.00891	77.67766
120	13.00885	77.67764
121	13.00879	77.67764
122	13.00874	77.67762
123	13.00868	77.67761
124	13.00862	77.67759
125	13.00856	77.67758
126	13.00850	77.67757
127	13.00844	77.67756
128	13.00838	77.67754
129	13.00832	77.67752
130	13.00826	77.67750
131	13.00819	77.67748
132	13.00813	77.67746
133	13.00807	77.67744
134	13.00801	77.67742
135	13.00795	77.67740
136	13.00790	77.67738
137	13.00783	77.67735
138	13.00777	77.67732
139	13.00770	77.67730
140	13.00764	77.67728
141	13.00758	77.67727
142	13.00752	77.67725
143	13.00746	77.67723
144	13.00739	77.67723
145	13.00732	77.67723
146	13.00727	77.67724
147	13.00721	77.67725
148	13.00716	77.67725
149	13.00710	77.67725
150	13.00704	77.67724
151	13.00697	77.67722
152	13.00691	77.67719
153	13.00685	77.67716
154	13.00679	77.67713
155	13.00674	77.67708
156	13.00671	77.67703
157	13.00673	77.67697
158	13.00676	77.67691
159	13.00679	77.67686
160	13.00682	77.67680
161	13.00685	77.67675
162	13.00688	77.67669
163	13.00691	77.67663
164	13.00694	77.67657
165	13.00697	77.67652
166	13.00700	77.67646
167	13.00703	77.67641
168	13.00706	77.67635
169	13.00711	77.67629
170	13.00714	77.67623
171	13.00717	77.67616
172	13.00720	77.67610
173	13.00722	77.67604
174	13.00725	77.67599
175	13.00728	77.67593
176	13.00724	77.67588
177	13.00718	77.67584
178	13.00712	77.67581
179	13.00707	77.67579
180	13.00701	77.67576
181	13.00695	77.67574
182	13.00688	77.67572
183	13.00683	77.67571
184	13.00677	77.67569
185	13.00671	77.67566
186	13.00665	77.67564
187	13.00659	77.67561
188	13.00654	77.67560
189	13.00648	77.67560
190	13.00643	77.67560
191	13.00638	77.67559
192	13.00632	77.67559
193	13.00627	77.67560
194	13.00621	77.67561
195	13.00615	77.67562
196	13.00609	77.67565
197	13.00603	77.67568
198	13.00597	77.67566
199	13.00591	77.67563
200	13.00584	77.67560
201	13.00579	77.67557
202	13.00572	77.67555
203	13.00566	77.67552
204	13.00560	77.67549
205	13.00555	77.67546
206	13.00551	77.67551
207	13.00545	77.67558
208	13.00542	77.67563
209	13.00535	77.67568
210	13.00530	77.67572
211	13.00524	77.67574
212	13.00518	77.67577
213	13.00512	77.67580
214	13.00506	77.67583
215	13.00500	77.67586
216	13.00494	77.67589
217	13.00488	77.67591
218	13.00481	77.67594
219	13.00474	77.67597
220	13.00469	77.67599
221	13.00463	77.67602
222	13.00457	77.67604
223	13.00450	77.67607
224	13.00444	77.67610
225	13.00438	77.67612
226	13.00431	77.67614
227	13.00425	77.67615
228	13.00420	77.67616
229	13.00414	77.67618
230	13.00408	77.67619
231	13.00402	77.67621
232	13.00397	77.67623
233	13.00392	77.67629
234	13.00393	77.67635
235	13.00393	77.67641
236	13.00393	77.67647
237	13.00394	77.67653
238	13.00395	77.67659
239	13.00395	77.67664
240	13.00395	77.67670
241	13.00395	77.67677
242	13.00389	77.67678
243	13.00386	77.67683
244	13.00385	77.67690
245	13.00384	77.67697
246	13.00384	77.67703
247	13.00385	77.67708
248	13.00384	77.67715
249	13.00381	77.67721
250	13.00380	77.67727
251	13.00379	77.67733
252	13.00379	77.67740
253	13.00378	77.67746
254	13.00377	77.67751
255	13.00375	77.67757
256	13.00374	77.67763
257	13.00373	77.67768
258	13.00373	77.67775
259	13.00373	77.67780
260	13.00372	77.67786
261	13.00372	77.67791
262	13.00371	77.67798
263	13.00371	77.67803
264	13.00370	77.67808
265	13.00370	77.67814
266	13.00368	77.67821
267	13.00363	77.67824
268	13.00358	77.67824
269	13.00351	77.67824
270	13.00345	77.67824
271	13.00340	77.67825
272	13.00334	77.67825
273	13.00328	77.67825
274	13.00321	77.67825
275	13.00316	77.67826
276	13.00310	77.67827
277	13.00304	77.67828
278	13.00299	77.67828
279	13.00293	77.67828
280	13.00287	77.67828
281	13.00281	77.67828
282	13.00275	77.67829
283	13.00269	77.67830
284	13.00264	77.67831
285	13.00259	77.67831
286	13.00253	77.67831
287	13.00248	77.67832
288	13.00241	77.67832
289	13.00234	77.67831
290	13.00228	77.67830
291	13.00222	77.67830
292	13.00215	77.67828
293	13.00210	77.67827
294	13.00204	77.67823
295	13.00198	77.67818
296	13.00194	77.67813
297	13.00190	77.67808
298	13.00186	77.67803
299	13.00180	77.67798
300	13.00174	77.67795
301	13.00167	77.67793
302	13.00162	77.67793
303	13.00157	77.67793
304	13.00151	77.67792
305	13.00146	77.67792
306	13.00140	77.67792
307	13.00134	77.67792
308	13.00128	77.67793
309	13.00122	77.67796
310	13.00116	77.67799
311	13.00110	77.67801
312	13.00104	77.67804
313	13.00097	77.67805
314	13.00090	77.67806
315	13.00085	77.67806
316	13.00079	77.67807
317	13.00074	77.67808
318	13.00068	77.67808
319	13.00062	77.67808
320	13.00057	77.67809
321	13.00051	77.67810
322	13.00046	77.67810
323	13.00039	77.67810
324	13.00033	77.67812
325	13.00027	77.67814
326	13.00021	77.67814
327	13.00014	77.67816
328	13.00009	77.67816
329	13.00002	77.67817
330	12.99996	77.67819
331	12.99989	77.67819
332	12.99984	77.67820
333	12.99978	77.67821
334	12.99972	77.67824
335	12.99967	77.67825
336	12.99962	77.67826
337	12.99956	77.67827
338	12.99951	77.67827
339	12.99944	77.67829
340	12.99939	77.67831
341	12.99939	77.67826
342	12.99939	77.67819
343	12.99939	77.67813
344	12.99938	77.67807
345	12.99938	77.67801
346	12.99937	77.67795
347	12.99937	77.67790
348	12.99937	77.67784
349	12.99937	77.67778
350	12.99938	77.67772
351	12.99938	77.67766
352	12.99938	77.67760
353	12.99939	77.67754
354	12.99939	77.67749
355	12.99939	77.67744
356	12.99940	77.67739
357	12.99940	77.67734
358	12.99940	77.67727
359	12.99940	77.67722
360	12.99940	77.67715
361	12.99939	77.67710
362	12.99938	77.67703
363	12.99938	77.67698
364	12.99938	77.67692
365	12.99937	77.67686
366	12.99937	77.67681
367	12.99935	77.67675
368	12.99935	77.67669
369	12.99935	77.67663
370	12.99935	77.67657
371	12.99935	77.67651
372	12.99935	77.67645
373	12.99935	77.67640
374	12.99935	77.67633
375	12.99935	77.67628
376	12.99935	77.67622
377	12.99934	77.67617
378	12.99933	77.67611
379	12.99933	77.67605
380	12.99932	77.67600
381	12.99932	77.67593
382	12.99931	77.67587
383	12.99932	77.67581
384	12.99931	77.67575
385	12.99931	77.67570
386	12.99930	77.67565
387	12.99929	77.67560
388	12.99929	77.67553
389	12.99929	77.67548
390	12.99929	77.67541
391	12.99928	77.67536
392	12.99927	77.67531
393	12.99927	77.67525
394	12.99926	77.67519
395	12.99926	77.67514
396	12.99926	77.67509
397	12.99924	77.67504
398	12.99924	77.67498
399	12.99924	77.67492
400	12.99924	77.67487
401	12.99924	77.67480
402	12.99923	77.67474
403	12.99921	77.67468
404	12.99921	77.67463
405	12.99921	77.67458
406	12.99920	77.67452
407	12.99919	77.67446
408	12.99918	77.67440
409	12.99918	77.67435
410	12.99917	77.67428
411	12.99917	77.67422
412	12.99917	77.67416
413	12.99916	77.67411
414	12.99916	77.67405
415	12.99915	77.67399
416	12.99914	77.67393
417	12.99913	77.67388
418	12.99912	77.67383
419	12.99911	77.67376
420	12.99911	77.67371
421	12.99910	77.67364
422	12.99910	77.67359
423	12.99909	77.67353
424	12.99909	77.67347
425	12.99908	77.67342
426	12.99907	77.67336
427	12.99906	77.67330
428	12.99906	77.67325
429	12.99906	77.67319
430	12.99905	77.67313
431	12.99904	77.67308
432	12.99903	77.67302
433	12.99901	77.67296
434	12.99899	77.67291
435	12.99898	77.67285
436	12.99897	77.67280
437	12.99897	77.67275
438	12.99895	77.67270
439	12.99894	77.67264
440	12.99894	77.67258
441	12.99893	77.67253
442	12.99892	77.67246
443	12.99892	77.67241
444	12.99891	77.67235
445	12.99890	77.67229
446	12.99888	77.67223
447	12.99887	77.67217
448	12.99886	77.67211
449	12.99885	77.67206
450	12.99884	77.67201
451	12.99883	77.67194
452	12.99882	77.67188
453	12.99881	77.67182
454	12.99880	77.67177
455	12.99880	77.67171
456	12.99878	77.67165
457	12.99877	77.67160
458	12.99876	77.67155
459	12.99876	77.67149
460	12.99874	77.67143
461	12.99874	77.67137
462	12.99873	77.67132
463	12.99872	77.67126
464	12.99871	77.67120
465	12.99870	77.67114
466	12.99869	77.67109
467	12.99867	77.67102
468	12.99866	77.67096
469	12.99864	77.67090
470	12.99862	77.67084
471	12.99861	77.67079
472	12.99860	77.67074
473	12.99858	77.67069
474	12.99857	77.67063
475	12.99856	77.67058
476	12.99854	77.67052
477	12.99852	77.67046
478	12.99851	77.67041
479	12.99849	77.67035
480	12.99847	77.67029
481	12.99846	77.67024
482	12.99844	77.67018
483	12.99842	77.67013
484	12.99840	77.67008
485	12.99838	77.67003
486	12.99836	77.66997
487	12.99834	77.66992
488	12.99832	77.66987
489	12.99829	77.66981
490	12.99828	77.66975
491	12.99827	77.66970
492	12.99825	77.66964
493	12.99823	77.66959
494	12.99822	77.66954
495	12.99820	77.66948
496	12.99817	77.66943
497	12.99815	77.66937
498	12.99813	77.66932
499	12.99811	77.66925
500	12.99809	77.66919
501	12.99807	77.66913
502	12.99806	77.66908
503	12.99804	77.66902
504	12.99803	77.66897
505	12.99801	77.66892
506	12.99798	77.66886
507	12.99796	77.66880
508	12.99794	77.66873
509	12.99792	77.66867
510	12.99791	77.66862
511	12.99788	77.66856
512	12.99786	77.66851
513	12.99783	77.66845
514	12.99781	77.66840
515	12.99778	77.66834
516	12.99776	77.66829
517	12.99773	77.66823
518	12.99772	77.66818
519	12.99770	77.66813
520	12.99768	77.66807
521	12.99766	77.66801
522	12.99763	77.66796
523	12.99761	77.66791
524	12.99759	77.66786
525	12.99756	77.66779
526	12.99753	77.66774
527	12.99750	77.66768
528	12.99747	77.66761
529	12.99745	77.66756
530	12.99742	77.66751
531	12.99740	77.66745
532	12.99737	77.66739
533	12.99734	77.66734
534	12.99731	77.66728
535	12.99729	77.66723
536	12.99726	77.66717
537	12.99723	77.66711
538	12.99720	77.66706
539	12.99717	77.66700
540	12.99714	77.66695
541	12.99712	77.66689
542	12.99709	77.66683
543	12.99706	77.66678
544	12.99702	77.66671
545	12.99700	77.66666
546	12.99697	77.66661
547	12.99695	77.66656
548	12.99692	77.66650
549	12.99689	77.66645
550	12.99686	77.66639
551	12.99683	77.66633
552	12.99681	77.66628
553	12.99678	77.66622
554	12.99674	77.66616
555	12.99670	77.66611
556	12.99667	77.66606
557	12.99664	77.66600
558	12.99661	77.66595
559	12.99657	77.66589
560	12.99654	77.66584
561	12.99652	77.66578
562	12.99649	77.66572
563	12.99646	77.66567
564	12.99644	77.66562
565	12.99640	77.66556
566	12.99637	77.66551
567	12.99634	77.66545
568	12.99630	77.66539
569	12.99626	77.66533
570	12.99623	77.66527
571	12.99618	77.66522
572	12.99616	77.66517
573	12.99622	77.66512
574	12.99628	77.66509
575	12.99633	77.66505
576	12.99640	77.66501
577	12.99646	77.66497
578	12.99651	77.66494
579	12.99656	77.66489
580	12.99662	77.66487
581	12.99668	77.66484
582	12.99673	77.66481
583	12.99680	77.66478
584	12.99685	77.66476
585	12.99691	77.66474
586	12.99697	77.66472
587	12.99702	77.66470
588	12.99709	77.66468
589	12.99716	77.66469
590	12.99721	77.66468
591	12.99727	77.66467
592	12.99733	77.66467
593	12.99739	77.66466
594	12.99746	77.66465
595	12.99752	77.66465
596	12.99758	77.66464
597	12.99764	77.66463
598	12.99770	77.66463
599	12.99776	77.66462
600	12.99782	77.66462
601	12.99788	77.66461
602	12.99794	77.66460
603	12.99799	77.66459
604	12.99806	77.66459
605	12.99811	77.66459
606	12.99817	77.66458
607	12.99823	77.66458
608	12.99828	77.66457
609	12.99834	77.66457
610	12.99841	77.66456
611	12.99847	77.66456
612	12.99853	77.66455
613	12.99860	77.66454
614	12.99865	77.66453
615	12.99872	77.66453
616	12.99877	77.66452
617	12.99883	77.66452
618	12.99888	77.66451
619	12.99894	77.66451
620	12.99899	77.66451
621	12.99905	77.66451
622	12.99911	77.66451
623	12.99917	77.66451
624	12.99923	77.66451
625	12.99929	77.66451
626	12.99935	77.66451
627	12.99942	77.66451
628	12.99948	77.66451
629	12.99954	77.66451
630	12.99960	77.66451
631	12.99966	77.66451
632	12.99973	77.66451
633	12.99979	77.66450
634	12.99985	77.66449
635	12.99991	77.66449
636	12.99998	77.66449
637	13.00004	77.66449
638	13.00010	77.66448
639	13.00016	77.66448
640	13.00021	77.66448
641	13.00027	77.66448
642	13.00032	77.66448
643	13.00038	77.66447
644	13.00043	77.66447
645	13.00049	77.66447
646	13.00054	77.66447
647	13.00060	77.66446
648	13.00066	77.66444
649	13.00073	77.66443
650	13.00079	77.66442
651	13.00086	77.66442
652	13.00091	77.66442
653	13.00097	77.66441
654	13.00104	77.66441
655	13.00109	77.66440
656	13.00116	77.66439
657	13.00122	77.66438
658	13.00129	77.66438
659	13.00135	77.66438
660	13.00142	77.66438
661	13.00149	77.66437
662	13.00155	77.66436
663	13.00161	77.66436
664	13.00166	77.66436
665	13.00172	77.66434
666	13.00178	77.66434
667	13.00185	77.66434
668	13.00191	77.66434
669	13.00198	77.66433
670	13.00205	77.66433
671	13.00212	77.66433
672	13.00217	77.66433
673	13.00223	77.66433
674	13.00228	77.66432
675	13.00234	77.66432
676	13.00239	77.66431
677	13.00246	77.66430
678	13.00252	77.66430
679	13.00259	77.66430
680	13.00264	77.66430
681	13.00270	77.66430
682	13.00276	77.66430
683	13.00282	77.66430
684	13.00288	77.66430
685	13.00294	77.66430
686	13.00300	77.66430
687	13.00306	77.66429
688	13.00312	77.66428
689	13.00318	77.66427
690	13.00324	77.66427
691	13.00330	77.66426
692	13.00336	77.66426
693	13.00342	77.66424
694	13.00349	77.66423
695	13.00355	77.66423
696	13.00361	77.66421
697	13.00367	77.66419
698	13.00372	77.66418
699	13.00378	77.66417
700	13.00383	77.66416
701	13.00389	77.66415
702	13.00395	77.66414
703	13.00402	77.66413
704	13.00408	77.66412
705	13.00414	77.66410
706	13.00419	77.66408
707	13.00425	77.66407
708	13.00431	77.66405
709	13.00438	77.66404
710	13.00444	77.66403
711	13.00449	77.66402
712	13.00456	77.66401
713	13.00461	77.66400
714	13.00468	77.66400
715	13.00473	77.66399
716	13.00479	77.66398
717	13.00486	77.66396
718	13.00492	77.66396
719	13.00498	77.66395
720	13.00504	77.66394
721	13.00509	77.66393
722	13.00515	77.66392
723	13.00521	77.66391
724	13.00526	77.66390
725	13.00533	77.66389
726	13.00538	77.66388
727	13.00543	77.66387
728	13.00549	77.66385
729	13.00555	77.66385
730	13.00561	77.66384
731	13.00567	77.66384
732	13.00573	77.66383
733	13.00579	77.66382
734	13.00585	77.66382
735	13.00590	77.66381
736	13.00597	77.66380
737	13.00603	77.66380
738	13.00609	77.66380
739	13.00615	77.66379
740	13.00621	77.66379
741	13.00626	77.66378
742	13.00632	77.66376
743	13.00639	77.66375
744	13.00646	77.66375
745	13.00652	77.66375
746	13.00658	77.66375
747	13.00664	77.66375
748	13.00670	77.66375
749	13.00677	77.66374
750	13.00682	77.66373
751	13.00689	77.66372
752	13.00694	77.66370
753	13.00700	77.66369
754	13.00706	77.66368
755	13.00712	77.66367
756	13.00718	77.66367
757	13.00724	77.66367
758	13.00730	77.66367
759	13.00736	77.66367
760	13.00743	77.66367
761	13.00750	77.66367
762	13.00755	77.66366
763	13.00762	77.66366
764	13.00767	77.66365
765	13.00774	77.66364
766	13.00780	77.66364
767	13.00785	77.66363
768	13.00790	77.66363
769	13.00796	77.66363
770	13.00801	77.66363
771	13.00807	77.66363
772	13.00812	77.66363
773	13.00817	77.66363
774	13.00823	77.66363
775	13.00829	77.66363
776	13.00835	77.66362
777	13.00841	77.66361
778	13.00846	77.66359
779	13.00852	77.66358
780	13.00858	77.66357
781	13.00863	77.66357
782	13.00869	77.66356
783	13.00875	77.66356
784	13.00881	77.66356
785	13.00887	77.66355
786	13.00892	77.66353
787	13.00898	77.66352
788	13.00903	77.66350
789	13.00909	77.66349
790	13.00915	77.66348
791	13.00921	77.66347
792	13.00926	77.66346
793	13.00932	77.66346
794	13.00939	77.66346
795	13.00944	77.66346
796	13.00950	77.66346
797	13.00957	77.66345
798	13.00963	77.66345
799	13.00968	77.66345
800	13.00974	77.66345
801	13.00980	77.66345
802	13.00986	77.66344
803	13.00991	77.66343
804	13.00997	77.66343
805	13.01003	77.66343
806	13.01009	77.66342
807	13.01016	77.66342
808	13.01021	77.66341
809	13.01027	77.66341
810	13.01033	77.66341
811	13.01039	77.66340
812	13.01046	77.66340
813	13.01051	77.66340
814	13.01058	77.66340
815	13.01063	77.66340
816	13.01070	77.66340
817	13.01075	77.66340
818	13.01082	77.66340
819	13.01088	77.66339
820	13.01094	77.66338
821	13.01100	77.66337
822	13.01105	77.66337
823	13.01111	77.66337
824	13.01116	77.66337
825	13.01123	77.66337
826	13.01129	77.66336
827	13.01134	77.66335
828	13.01140	77.66335
829	13.01146	77.66335
830	13.01152	77.66334
831	13.01159	77.66334
832	13.01164	77.66334
833	13.01171	77.66334
834	13.01177	77.66334
835	13.01183	77.66334
836	13.01188	77.66338
837	13.01188	77.66344
838	13.01188	77.66351
839	13.01187	77.66357
840	13.01185	77.66363
841	13.01184	77.66368
842	13.01182	77.66374
843	13.01181	77.66379
844	13.01180	77.66385
845	13.01179	77.66391
846	13.01177	77.66397
847	13.01176	77.66403
848	13.01175	77.66408
849	13.01173	77.66415
850	13.01171	77.66421
851	13.01170	77.66427
852	13.01169	77.66433
853	13.01167	77.66438
854	13.01166	77.66444
855	13.01164	77.66450
856	13.01162	77.66457
857	13.01161	77.66463
858	13.01159	77.66468
859	13.01157	77.66473
860	13.01155	77.66480
861	13.01153	77.66486
862	13.01151	77.66492
863	13.01149	77.66498
864	13.01147	77.66504
865	13.01146	77.66510
866	13.01145	77.66516
867	13.01143	77.66521
868	13.01141	77.66527
869	13.01140	77.66532
870	13.01138	77.66538
871	13.01136	77.66543
872	13.01135	77.66549
873	13.01133	77.66555
874	13.01131	77.66561
875	13.01129	77.66566
876	13.01127	77.66573
877	13.01125	77.66579
878	13.01124	77.66584
879	13.01123	77.66590
880	13.01121	77.66595
881	13.01120	77.66601
882	13.01118	77.66606
883	13.01117	77.66612
884	13.01115	77.66617
885	13.01113	77.66623
886	13.01111	77.66629
887	13.01110	77.66634
888	13.01109	77.66639
889	13.01107	77.66645
890	13.01105	77.66651
891	13.01103	77.66657
892	13.01101	77.66664
893	13.01099	77.66670
894	13.01098	77.66676
895	13.01096	77.66681
896	13.01095	77.66686
897	13.01093	77.66692
898	13.01091	77.66698
899	13.01090	77.66704
900	13.01088	77.66710
901	13.01086	77.66717
902	13.01084	77.66723
903	13.01083	77.66728
904	13.01082	77.66734
905	13.01081	77.66740
906	13.01080	77.66746
907	13.01080	77.66752
908	13.01079	77.66757
909	13.01079	77.66763
910	13.01078	77.66769
911	13.01077	77.66775
912	13.01076	77.66781
913	13.01075	77.66786
914	13.01074	77.66793
915	13.01073	77.66800
916	13.01072	77.66805
917	13.01072	77.66810
918	13.01071	77.66815
919	13.01070	77.66821
920	13.01070	77.66826
921	13.01069	77.66831
922	13.01068	77.66837
923	13.01068	77.66850
924	13.01068	77.66863
925	13.01066	77.66876
926	13.01064	77.66889
927	13.01064	77.66901
928	13.01064	77.66914
929	13.01064	77.66927
930	13.01061	77.66940
931	13.01061	77.66953
932	13.01059	77.66966
933	13.01057	77.66979
934	13.01057	77.66992
935	13.01057	77.67005
936	13.01055	77.67020
937	13.01055	77.67028
938	13.01055	77.67041
939	13.01055	77.67054
940	13.01055	77.67069
941	13.01053	77.67084
942	13.01053	77.67097
943	13.01049	77.67112
944	13.01047	77.67125
945	13.01047	77.67133
946	13.01045	77.67148
947	13.01043	77.67161
948	13.01043	77.67174
949	13.01040	77.67187
950	13.01040	77.67200
951	13.01040	77.67213
952	13.01040	77.67226
953	13.01038	77.67238
954	13.01036	77.67251
955	13.01036	77.67264
956	13.01036	77.67277
957	13.01034	77.67290
958	13.01032	77.67299
959	13.01032	77.67311
960	13.01030	77.67320
961	13.01028	77.67333
962	13.01028	77.67346
963	13.01026	77.67354
964	13.01024	77.67363
965	13.01024	77.67376
966	13.01024	77.67389
967	13.01024	77.67402
968	13.01024	77.67414
969	13.01024	77.67427
970	13.01024	77.67440
971	13.01024	77.67453
972	13.01024	77.67466
973	13.01024	77.67479
974	13.01022	77.67492
975	13.01019	77.67505
976	13.01019	77.67517
977	13.01019	77.67530
978	13.01019	77.67543
979	13.01019	77.67556
980	13.01019	77.67565
981	13.01019	77.67573
982	13.01019	77.67586
983	13.01019	77.67595
984	13.01019	77.67610
985	13.01019	77.67625
986	13.01019	77.67638
987	13.01019	77.67650
988	13.01019	77.67665
989	13.01017	77.67674
990	13.01015	77.67687
991	13.01015	77.67696
992	13.01013	77.67708
993	13.01011	77.67721
994	13.01011	77.67734
995	13.01011	77.67747
996	13.01011	77.67756
997	13.01011	77.67768
998	13.01009	77.67774
999	13.01010	77.67780
1000	13.01010	77.67786
1001	13.01010	77.67793
1002	13.01010	77.67799
1003	13.01010	77.67805
1004	13.01010	77.67811
1005	13.01012	77.67817
1006	13.01014	77.67822
1007	13.01015	77.67828
1008	13.01016	77.67834
1009	13.01017	77.67840
1010	13.01018	77.67847
1011	13.01018	77.67852
1012	13.01019	77.67861
1013	13.01021	77.67866
1014	13.01023	77.67873
1015	13.01025	77.67879
1016	13.01027	77.67886
1017	13.01029	77.67892
1018	13.01029	77.67898
1019	13.01029	77.67903
1020	13.01029	77.67909
1021	13.01030	77.67915
1022	13.01030	77.67920
1023	13.01030	77.67927
1024	13.01032	77.67933
1025	13.01033	77.67939
1026	13.01034	77.67945
1027	13.01034	77.67951
1028	13.01034	77.67958
1029	13.01034	77.67963
1030	13.01034	77.67970
1031	13.01033	77.67976
1032	13.01033	77.67983
1033	13.01031	77.67990
1034	13.01031	77.67996
1035	13.01031	77.68003
1036	13.01031	77.68011
1037	13.01030	77.68018
1038	13.01029	77.68024
1039	13.01029	77.68031
1040	13.01028	77.68038
1041	13.01027	77.68045
1042	13.01026	77.68052
1043	13.01025	77.68058
1044	13.01024	77.68065
1045	13.01023	77.68073
1046	13.01020	77.68078
1047	13.01019	77.68084
1048	13.01017	77.68089
1049	13.01014	77.68094
1050	13.01013	77.68101
1051	13.01010	77.68108
1052	13.01006	77.68115
1053	13.01003	77.68122
1054	13.00999	77.68129
1055	13.00996	77.68134
1056	13.00991	77.68143
1057	13.00987	77.68149
1058	13.00982	77.68156
1059	13.00979	77.68161
1060	13.00977	77.68167
1061	13.00972	77.68173
