Rank	Latitude	Longitude
1	13.02752	77.71214
2	13.02747	77.71217
3	13.02741	77.71219
4	13.02735	77.71222
5	13.02729	77.71224
6	13.02723	77.71226
7	13.02717	77.71229
8	13.02711	77.71232
9	13.02705	77.71235
10	13.02700	77.71237
11	13.02694	77.71240
12	13.02688	77.71243
13	13.02683	77.71247
14	13.02678	77.71249
15	13.02671	77.71251
16	13.02666	77.71253
17	13.02661	77.71255
18	13.02656	77.71256
19	13.02651	77.71258
20	13.02645	77.71259
21	13.02639	77.71258
22	13.02633	77.71258
23	13.02629	77.71264
24	13.02626	77.71271
25	13.02620	77.71273
26	13.02613	77.71273
27	13.02607	77.71274
28	13.02601	77.71275
29	13.02596	77.71276
30	13.02590	77.71277
31	13.02584	77.71278
32	13.02578	77.71278
33	13.02572	77.71279
34	13.02565	77.71279
35	13.02559	77.71279
36	13.02552	77.71279
37	13.02545	77.71279
38	13.02540	77.71280
39	13.02535	77.71282
40	13.02530	77.71283
41	13.02523	77.71284
42	13.02516	77.71284
43	13.02510	77.71284
44	13.02503	77.71284
45	13.02497	77.71285
46	13.02491	77.71287
47	13.02485	77.71288
48	13.02479	77.71289
49	13.02473	77.71290
50	13.02467	77.71290
51	13.02461	77.71290
52	13.02454	77.71290
53	13.02449	77.71289
54	13.02442	77.71291
55	13.02435	77.71293
56	13.02430	77.71294
57	13.02424	77.71297
58	13.02419	77.71297
59	13.02411	77.71298
60	13.02406	77.71299
61	13.02399	77.71300
62	13.02394	77.71301
63	13.02386	77.71302
64	13.02381	77.71303
65	13.02375	77.71304
66	13.02368	77.71306
67	13.02363	77.71307
68	13.02357	77.71307
69	13.02350	77.71310
70	13.02343	77.71310
71	13.02337	77.71310
72	13.02331	77.71312
73	13.02325	77.71313
74	13.02320	77.71313
75	13.02314	77.71315
76	13.02309	77.71316
77	13.02303	77.71316
78	13.02297	77.71314
79	13.02291	77.71314
80	13.02285	77.71316
81	13.02280	77.71320
82	13.02274	77.71324
83	13.02269	77.71328
84	13.02263	77.71332
85	13.02258	77.71336
86	13.02252	77.71341
87	13.02247	77.71345
88	13.02242	77.71350
89	13.02236	77.71355
90	13.02232	77.71361
91	13.02227	77.71366
92	13.02221	77.71371
93	13.02216	77.71376
94	13.02211	77.71381
95	13.02204	77.71386
96	13.02199	77.71390
97	13.02193	77.71395
98	13.02188	77.71398
99	13.02182	77.71400
100	13.02176	77.71403
101	13.02170	77.71406
102	13.02165	77.71408
103	13.02159	77.71411
104	13.02153	77.71414
105	13.02146	77.71417
106	13.02141	77.71420
107	13.02135	77.71422
108	13.02130	77.71425
109	13.02124	77.71428
110	13.02118	77.71431
111	13.02112	77.71435
112	13.02105	77.71438
113	13.02099	77.71441
114	13.02093	77.71443
115	13.02088	77.71438
116	13.02085	77.71433
117	13.02082	77.71427
118	13.02079	77.71421
119	13.02074	77.71422
120	13.02068	77.71428
121	13.02062	77.71430
122	13.02057	77.71435
123	13.02052	77.71439
124	13.02046	77.71443
125	13.02040	77.71447
126	13.02035	77.71450
127	13.02029	77.71453
128	13.02024	77.71457
129	13.02019	77.71461
130	13.02012	77.71466
131	13.02007	77.71470
132	13.02001	77.71475
133	13.01996	77.71479
134	13.01990	77.71484
135	13.01984	77.71489
136	13.01978	77.71495
137	13.01973	77.71500
138	13.01968	77.71505
139	13.01964	77.71510
140	13.01959	77.71516
141	13.01953	77.71521
142	13.01947	77.71527
143	13.01942	77.71533
144	13.01937	77.71539
145	13.01932	77.71542
146	13.01926	77.71541
147	13.01920	77.71541
148	13.01914	77.71541
149	13.01908	77.71541
150	13.01901	77.71539
151	13.01895	77.71538
152	13.01889	77.71537
153	13.01883	77.71537
154	13.01878	77.71537
155	13.01871	77.71535
156	13.01866	77.71533
157	13.01860	77.71532
158	13.01854	77.71529
159	13.01849	77.71526
160	13.01843	77.71523
161	13.01837	77.71519
162	13.01831	77.71515
163	13.01825	77.71510
164	13.01820	77.71505
165	13.01815	77.71499
166	13.01809	77.71494
167	13.01805	77.71489
168	13.01801	77.71483
169	13.01797	77.71477
170	13.01794	77.71472
171	13.01790	77.71467
172	13.01786	77.71461
173	13.01782	77.71456
174	13.01778	77.71450
175	13.01774	77.71444
176	13.01771	77.71439
177	13.01768	77.71433
178	13.01766	77.71428
179	13.01764	77.71423
180	13.01761	77.71417
181	13.01758	77.71411
182	13.01755	77.71405
183	13.01752	77.71400
184	13.01749	77.71394
185	13.01746	77.71389
186	13.01744	77.71384
187	13.01741	77.71379
188	13.01738	77.71373
189	13.01735	77.71368
190	13.01731	77.71362
191	13.01727	77.71357
192	13.01722	77.71351
193	13.01718	77.71346
194	13.01714	77.71341
195	13.01711	77.71335
196	13.01707	77.71329
197	13.01703	77.71324
198	13.01698	77.71317
199	13.01693	77.71312
200	13.01687	77.71307
201	13.01681	77.71302
202	13.01676	77.71298
203	13.01670	77.71294
204	13.01665	77.71291
205	13.01659	77.71287
206	13.01652	77.71284
207	13.01647	77.71281
208	13.01642	77.71279
209	13.01635	77.71277
210	13.01629	77.71275
211	13.01623	77.71273
212	13.01617	77.71271
213	13.01611	77.71270
214	13.01605	77.71268
215	13.01599	77.71266
216	13.01592	77.71265
217	13.01586	77.71264
218	13.01580	77.71264
219	13.01574	77.71264
220	13.01569	77.71266
221	13.01564	77.71269
222	13.01557	77.71272
223	13.01551	77.71278
224	13.01547	77.71283
225	13.01541	77.71289
226	13.01536	77.71292
227	13.01530	77.71296
228	13.01524	77.71299
229	13.01518	77.71301
230	13.01512	77.71301
231	13.01508	77.71295
232	13.01504	77.71290
233	13.01500	77.71284
234	13.01495	77.71279
235	13.01489	77.71274
236	13.01483	77.71268
237	13.01479	77.71263
238	13.01476	77.71256
239	13.01476	77.71250
240	13.01470	77.71248
241	13.01464	77.71248
242	13.01458	77.71248
243	13.01451	77.71248
244	13.01446	77.71246
245	13.01440	77.71240
246	13.01435	77.71236
247	13.01429	77.71235
248	13.01424	77.71235
249	13.01418	77.71235
250	13.01413	77.71235
251	13.01407	77.71236
252	13.01401	77.71236
253	13.01394	77.71236
254	13.01389	77.71237
255	13.01383	77.71237
256	13.01377	77.71238
257	13.01372	77.71235
258	13.01366	77.71231
259	13.01360	77.71227
260	13.01355	77.71224
261	13.01350	77.71220
262	13.01344	77.71218
263	13.01339	77.71214
264	13.01334	77.71210
265	13.01332	77.71203
266	13.01330	77.71198
267	13.01330	77.71192
268	13.01328	77.71187
269	13.01322	77.71185
270	13.01316	77.71185
271	13.01310	77.71185
272	13.01304	77.71185
273	13.01297	77.71185
274	13.01294	77.71179
275	13.01294	77.71173
276	13.01292	77.71168
277	13.01290	77.71161
278	13.01289	77.71156
279	13.01287	77.71151
280	13.01286	77.71144
281	13.01283	77.71139
282	13.01281	77.71133
283	13.01279	77.71128
284	13.01278	77.71123
285	13.01275	77.71117
286	13.01273	77.71111
287	13.01271	77.71106
288	13.01269	77.71100
289	13.01267	77.71095
290	13.01264	77.71089
291	13.01262	77.71084
292	13.01259	77.71078
293	13.01257	77.71073
294	13.01256	77.71067
295	13.01254	77.71061
296	13.01253	77.71056
297	13.01252	77.71050
298	13.01252	77.71045
299	13.01252	77.71038
300	13.01250	77.71033
301	13.01250	77.71027
302	13.01250	77.71022
303	13.01249	77.71016
304	13.01249	77.71011
305	13.01249	77.71005
306	13.01249	77.70998
307	13.01249	77.70993
308	13.01249	77.70987
309	13.01248	77.70980
310	13.01247	77.70975
311	13.01245	77.70970
312	13.01244	77.70964
313	13.01243	77.70958
314	13.01242	77.70953
315	13.01240	77.70948
316	13.01240	77.70942
317	13.01240	77.70935
318	13.01242	77.70929
319	13.01243	77.70923
320	13.01244	77.70916
321	13.01244	77.70910
322	13.01244	77.70903
323	13.01244	77.70897
324	13.01243	77.70891
325	13.01242	77.70885
326	13.01241	77.70879
327	13.01238	77.70873
328	13.01236	77.70868
329	13.01233	77.70862
330	13.01227	77.70857
331	13.01222	77.70852
332	13.01216	77.70847
333	13.01211	77.70842
334	13.01207	77.70837
335	13.01204	77.70831
336	13.01201	77.70826
337	13.01198	77.70821
338	13.01195	77.70815
339	13.01191	77.70810
340	13.01190	77.70805
341	13.01188	77.70799
342	13.01187	77.70792
343	13.01186	77.70786
344	13.01183	77.70780
345	13.01182	77.70774
346	13.01181	77.70769
347	13.01179	77.70763
348	13.01177	77.70758
349	13.01175	77.70752
350	13.01174	77.70747
351	13.01173	77.70741
352	13.01171	77.70736
353	13.01170	77.70731
354	13.01168	77.70724
355	13.01168	77.70718
356	13.01168	77.70712
357	13.01171	77.70707
358	13.01174	77.70702
359	13.01177	77.70696
360	13.01181	77.70690
361	13.01184	77.70685
362	13.01187	77.70679
363	13.01190	77.70673
364	13.01193	77.70667
365	13.01195	77.70661
366	13.01198	77.70655
367	13.01197	77.70649
368	13.01197	77.70643
369	13.01197	77.70638
370	13.01198	77.70632
371	13.01198	77.70627
372	13.01198	77.70621
373	13.01198	77.70615
374	13.01197	77.70609
375	13.01196	77.70603
376	13.01196	77.70597
377	13.01196	77.70591
378	13.01196	77.70585
379	13.01196	77.70579
380	13.01195	77.70573
381	13.01195	77.70568
382	13.01195	77.70563
383	13.01195	77.70558
384	13.01195	77.70553
385	13.01195	77.70547
386	13.01195	77.70541
387	13.01195	77.70535
388	13.01196	77.70528
389	13.01196	77.70523
390	13.01197	77.70517
391	13.01197	77.70511
392	13.01197	77.70505
393	13.01197	77.70500
394	13.01198	77.70494
395	13.01198	77.70488
396	13.01198	77.70483
397	13.01199	77.70476
398	13.01200	77.70471
399	13.01200	77.70464
400	13.01200	77.70458
401	13.01200	77.70452
402	13.01201	77.70445
403	13.01201	77.70440
404	13.01201	77.70434
405	13.01201	77.70429
406	13.01201	77.70423
407	13.01201	77.70417
408	13.01202	77.70410
409	13.01203	77.70405
410	13.01203	77.70399
411	13.01203	77.70392
412	13.01197	77.70388
413	13.01191	77.70387
414	13.01186	77.70387
415	13.01180	77.70387
416	13.01174	77.70387
417	13.01168	77.70386
418	13.01162	77.70385
419	13.01156	77.70385
420	13.01149	77.70385
421	13.01143	77.70385
422	13.01138	77.70385
423	13.01133	77.70385
424	13.01127	77.70384
425	13.01121	77.70383
426	13.01115	77.70383
427	13.01108	77.70382
428	13.01102	77.70381
429	13.01096	77.70381
430	13.01089	77.70381
431	13.01082	77.70381
432	13.01076	77.70381
433	13.01070	77.70381
434	13.01063	77.70381
435	13.01057	77.70381
436	13.01050	77.70381
437	13.01044	77.70381
438	13.01037	77.70381
439	13.01030	77.70381
440	13.01024	77.70380
441	13.01017	77.70380
442	13.01012	77.70379
443	13.01006	77.70379
444	13.01001	77.70378
445	13.00995	77.70378
446	13.00989	77.70378
447	13.00983	77.70378
448	13.00976	77.70378
449	13.00971	77.70378
450	13.00965	77.70377
451	13.00959	77.70377
452	13.00953	77.70377
453	13.00947	77.70377
454	13.00940	77.70377
455	13.00934	77.70377
456	13.00928	77.70377
457	13.00921	77.70377
458	13.00916	77.70377
459	13.00910	77.70376
460	13.00904	77.70376
461	13.00899	77.70375
462	13.00893	77.70376
463	13.00894	77.70370
464	13.00896	77.70365
465	13.00899	77.70359
466	13.00902	77.70352
467	13.00906	77.70347
468	13.00911	77.70341
469	13.00914	77.70335
470	13.00917	77.70329
471	13.00919	77.70324
472	13.00919	77.70319
473	13.00918	77.70314
474	13.00917	77.70308
475	13.00917	77.70301
476	13.00916	77.70295
477	13.00914	77.70289
478	13.00913	77.70283
479	13.00911	77.70278
480	13.00910	77.70273
481	13.00908	77.70267
482	13.00907	77.70262
483	13.00906	77.70256
484	13.00904	77.70250
485	13.00903	77.70244
486	13.00901	77.70238
487	13.00900	77.70232
488	13.00898	77.70226
489	13.00897	77.70220
490	13.00895	77.70214
491	13.00893	77.70208
492	13.00892	77.70202
493	13.00890	77.70197
494	13.00888	77.70190
495	13.00886	77.70185
496	13.00884	77.70179
497	13.00882	77.70174
498	13.00880	77.70168
499	13.00878	77.70162
500	13.00877	77.70157
501	13.00875	77.70151
502	13.00874	77.70145
503	13.00872	77.70139
504	13.00869	77.70133
505	13.00866	77.70128
506	13.00864	77.70123
507	13.00860	77.70117
508	13.00858	77.70111
509	13.00855	77.70105
510	13.00852	77.70099
511	13.00850	77.70094
512	13.00847	77.70088
513	13.00843	77.70082
514	13.00840	77.70076
515	13.00837	77.70071
516	13.00835	77.70066
517	13.00833	77.70060
518	13.00830	77.70055
519	13.00829	77.70050
520	13.00826	77.70044
521	13.00823	77.70038
522	13.00820	77.70032
523	13.00817	77.70027
524	13.00815	77.70021
525	13.00812	77.70016
526	13.00809	77.70010
527	13.00806	77.70005
528	13.00803	77.69999
529	13.00801	77.69994
530	13.00798	77.69988
531	13.00794	77.69983
532	13.00790	77.69977
533	13.00788	77.69972
534	13.00786	77.69966
535	13.00784	77.69961
536	13.00782	77.69956
537	13.00780	77.69950
538	13.00778	77.69944
539	13.00782	77.69939
540	13.00787	77.69933
541	13.00790	77.69928
542	13.00794	77.69922
543	13.00797	77.69916
544	13.00801	77.69910
545	13.00804	77.69904
546	13.00808	77.69898
547	13.00810	77.69892
548	13.00804	77.69888
549	13.00799	77.69883
550	13.00793	77.69878
551	13.00788	77.69873
552	13.00782	77.69869
553	13.00783	77.69863
554	13.00786	77.69857
555	13.00789	77.69851
556	13.00792	77.69845
557	13.00795	77.69838
558	13.00798	77.69832
559	13.00801	77.69827
560	13.00804	77.69822
561	13.00807	77.69816
562	13.00810	77.69810
563	13.00813	77.69805
564	13.00812	77.69800
565	13.00807	77.69795
566	13.00801	77.69791
567	13.00795	77.69788
568	13.00789	77.69784
569	13.00783	77.69780
570	13.00777	77.69776
571	13.00772	77.69772
572	13.00766	77.69768
573	13.00761	77.69765
574	13.00755	77.69760
575	13.00750	77.69756
576	13.00744	77.69751
577	13.00739	77.69746
578	13.00733	77.69742
579	13.00727	77.69737
580	13.00722	77.69732
581	13.00716	77.69727
582	13.00711	77.69722
583	13.00706	77.69716
584	13.00703	77.69710
585	13.00701	77.69705
586	13.00698	77.69699
587	13.00697	77.69693
588	13.00696	77.69688
589	13.00694	77.69682
590	13.00694	77.69677
591	13.00693	77.69671
592	13.00693	77.69665
593	13.00692	77.69659
594	13.00691	77.69654
595	13.00691	77.69649
596	13.00691	77.69644
597	13.00691	77.69638
598	13.00691	77.69631
599	13.00691	77.69625
600	13.00691	77.69619
601	13.00692	77.69613
602	13.00692	77.69608
603	13.00694	77.69602
604	13.00695	77.69596
605	13.00695	77.69589
606	13.00695	77.69583
607	13.00695	77.69577
608	13.00696	77.69572
609	13.00696	77.69567
610	13.00696	77.69560
611	13.00696	77.69554
612	13.00695	77.69549
613	13.00694	77.69543
614	13.00694	77.69537
615	13.00694	77.69531
616	13.00694	77.69526
617	13.00694	77.69521
618	13.00694	77.69515
619	13.00695	77.69509
620	13.00695	77.69504
621	13.00695	77.69498
622	13.00695	77.69492
623	13.00695	77.69486
624	13.00695	77.69480
625	13.00695	77.69474
626	13.00695	77.69469
627	13.00695	77.69462
628	13.00694	77.69456
629	13.00693	77.69451
630	13.00692	77.69445
631	13.00691	77.69439
632	13.00691	77.69434
633	13.00690	77.69428
634	13.00689	77.69422
635	13.00688	77.69417
636	13.00687	77.69411
637	13.00686	77.69406
638	13.00685	77.69400
639	13.00684	77.69395
640	13.00683	77.69389
641	13.00683	77.69383
642	13.00681	77.69377
643	13.00681	77.69372
644	13.00680	77.69366
645	13.00679	77.69361
646	13.00679	77.69355
647	13.00679	77.69350
648	13.00678	77.69343
649	13.00678	77.69337
650	13.00677	77.69332
651	13.00677	77.69326
652	13.00676	77.69321
653	13.00675	77.69315
654	13.00673	77.69309
655	13.00672	77.69303
656	13.00670	77.69297
657	13.00668	77.69291
658	13.00667	77.69285
659	13.00665	77.69280
660	13.00663	77.69274
661	13.00662	77.69269
662	13.00661	77.69264
663	13.00660	77.69258
664	13.00659	77.69252
665	13.00658	77.69247
666	13.00657	77.69242
667	13.00655	77.69236
668	13.00653	77.69230
669	13.00652	77.69224
670	13.00650	77.69219
671	13.00649	77.69214
672	13.00647	77.69208
673	13.00645	77.69203
674	13.00643	77.69197
675	13.00642	77.69191
676	13.00641	77.69186
677	13.00639	77.69181
678	13.00639	77.69175
679	13.00638	77.69170
680	13.00637	77.69164
681	13.00636	77.69157
682	13.00635	77.69152
683	13.00633	77.69146
684	13.00632	77.69140
685	13.00630	77.69135
686	13.00629	77.69130
687	13.00628	77.69124
688	13.00626	77.69118
689	13.00625	77.69111
690	13.00623	77.69106
691	13.00622	77.69101
692	13.00619	77.69095
693	13.00617	77.69089
694	13.00615	77.69083
695	13.00612	77.69076
696	13.00611	77.69070
697	13.00608	77.69065
698	13.00605	77.69059
699	13.00602	77.69054
700	13.00599	77.69047
701	13.00597	77.69042
702	13.00594	77.69036
703	13.00592	77.69031
704	13.00589	77.69024
705	13.00586	77.69019
706	13.00583	77.69014
707	13.00580	77.69008
708	13.00576	77.69002
709	13.00574	77.68997
710	13.00572	77.68992
711	13.00570	77.68987
712	13.00567	77.68981
713	13.00565	77.68975
714	13.00563	77.68970
715	13.00560	77.68964
716	13.00557	77.68958
717	13.00555	77.68953
718	13.00552	77.68947
719	13.00550	77.68942
720	13.00546	77.68936
721	13.00543	77.68931
722	13.00540	77.68925
723	13.00537	77.68919
724	13.00535	77.68914
725	13.00531	77.68909
726	13.00528	77.68903
727	13.00524	77.68898
728	13.00521	77.68892
729	13.00519	77.68887
730	13.00516	77.68881
731	13.00512	77.68876
732	13.00509	77.68869
733	13.00506	77.68863
734	13.00503	77.68858
735	13.00501	77.68852
736	13.00498	77.68846
737	13.00496	77.68841
738	13.00493	77.68834
739	13.00491	77.68829
740	13.00490	77.68824
741	13.00487	77.68818
742	13.00484	77.68813
743	13.00481	77.68808
744	13.00479	77.68803
745	13.00476	77.68797
746	13.00473	77.68792
747	13.00471	77.68787
748	13.00467	77.68781
749	13.00463	77.68775
750	13.00458	77.68769
751	13.00455	77.68764
752	13.00451	77.68758
753	13.00449	77.68753
754	13.00445	77.68747
755	13.00442	77.68741
756	13.00439	77.68735
757	13.00437	77.68730
758	13.00434	77.68723
759	13.00430	77.68718
760	13.00426	77.68712
761	13.00422	77.68706
762	13.00419	77.68701
763	13.00416	77.68695
764	13.00414	77.68689
765	13.00411	77.68684
766	13.00406	77.68678
767	13.00404	77.68673
768	13.00401	77.68668
769	13.00398	77.68661
770	13.00394	77.68655
771	13.00390	77.68650
772	13.00386	77.68645
773	13.00383	77.68639
774	13.00381	77.68634
775	13.00378	77.68628
776	13.00375	77.68622
777	13.00374	77.68616
778	13.00373	77.68611
779	13.00378	77.68608
780	13.00384	77.68605
781	13.00390	77.68601
782	13.00396	77.68598
783	13.00401	77.68595
784	13.00407	77.68592
785	13.00414	77.68587
786	13.00420	77.68584
787	13.00426	77.68581
788	13.00432	77.68576
789	13.00438	77.68573
790	13.00443	77.68569
791	13.00449	77.68565
792	13.00454	77.68562
793	13.00460	77.68558
794	13.00467	77.68555
795	13.00472	77.68551
796	13.00478	77.68548
797	13.00484	77.68544
798	13.00489	77.68541
799	13.00495	77.68537
800	13.00500	77.68534
801	13.00505	77.68531
802	13.00511	77.68527
803	13.00516	77.68523
804	13.00523	77.68518
805	13.00528	77.68514
806	13.00534	77.68511
807	13.00541	77.68507
808	13.00547	77.68503
809	13.00553	77.68500
810	13.00559	77.68498
811	13.00565	77.68495
812	13.00571	77.68491
813	13.00577	77.68487
814	13.00582	77.68484
815	13.00588	77.68480
816	13.00595	77.68478
817	13.00601	77.68473
818	13.00607	77.68470
819	13.00613	77.68466
820	13.00618	77.68464
821	13.00624	77.68460
822	13.00629	77.68456
823	13.00636	77.68451
824	13.00642	77.68448
825	13.00647	77.68444
826	13.00653	77.68440
827	13.00658	77.68435
828	13.00663	77.68429
829	13.00668	77.68423
830	13.00674	77.68417
831	13.00680	77.68412
832	13.00686	77.68406
833	13.00689	77.68401
834	13.00696	77.68396
835	13.00702	77.68391
836	13.00708	77.68385
837	13.00713	77.68381
838	13.00719	77.68377
839	13.00725	77.68372
840	13.00730	77.68367
841	13.00735	77.68364
842	13.00741	77.68359
843	13.00747	77.68354
844	13.00752	77.68350
845	13.00757	77.68346
846	13.00763	77.68342
847	13.00768	77.68338
848	13.00774	77.68333
849	13.00781	77.68328
850	13.00787	77.68325
851	13.00794	77.68322
852	13.00799	77.68319
853	13.00805	77.68317
854	13.00811	77.68313
855	13.00816	77.68310
856	13.00822	77.68306
857	13.00828	77.68301
858	13.00834	77.68296
859	13.00838	77.68290
860	13.00843	77.68284
861	13.00849	77.68280
862	13.00854	77.68274
863	13.00859	77.68269
864	13.00865	77.68265
865	13.00871	77.68260
866	13.00876	77.68256
867	13.00882	77.68250
868	13.00887	77.68245
869	13.00892	77.68239
870	13.00897	77.68233
871	13.00903	77.68229
872	13.00908	77.68224
873	13.00914	77.68219
874	13.00919	77.68215
875	13.00925	77.68211
876	13.00931	77.68206
877	13.00937	77.68202
878	13.00942	77.68198
879	13.00947	77.68194
880	13.00954	77.68189
881	13.00959	77.68185
882	13.00964	77.68181
883	13.00972	77.68182
884	13.00977	77.68184
885	13.00981	77.68191
886	13.00981	77.68198
887	13.00981	77.68206
888	13.00981	77.68213
889	13.00980	77.68220
890	13.00979	77.68226
891	13.00978	77.68233
892	13.00978	77.68239
893	13.00977	77.68247
894	13.00977	77.68255
895	13.00977	77.68262
896	13.00977	77.68269
897	13.00976	77.68276
898	13.00975	77.68284
899	13.00973	77.68290
900	13.00973	77.68295
901	13.00972	77.68303
902	13.00971	77.68309
903	13.00971	77.68317
904	13.00972	77.68323
905	13.00975	77.68330
906	13.00980	77.68337
907	13.00987	77.68344
908	13.00993	77.68351
909	13.00998	77.68357
910	13.01002	77.68363
911	13.01008	77.68368
912	13.01015	77.68372
913	13.01020	77.68374
914	13.01025	77.68376
915	13.01031	77.68378
916	13.01038	77.68379
917	13.01043	77.68380
918	13.01049	77.68381
919	13.01055	77.68382
920	13.01060	77.68383
921	13.01067	77.68383
922	13.01073	77.68385
923	13.01081	77.68385
924	13.01088	77.68386
925	13.01094	77.68387
926	13.01100	77.68388
927	13.01106	77.68388
928	13.01113	77.68388
929	13.01120	77.68388
930	13.01126	77.68389
931	13.01134	77.68389
932	13.01141	77.68389
933	13.01147	77.68389
934	13.01153	77.68388
935	13.01158	77.68387
936	13.01163	77.68387
937	13.01169	77.68387
938	13.01175	77.68386
939	13.01181	77.68386
940	13.01187	77.68387
941	13.01192	77.68387
942	13.01200	77.68387
943	13.01205	77.68387
944	13.01211	77.68387
945	13.01217	77.68387
946	13.01223	77.68387
947	13.01229	77.68387
948	13.01234	77.68387
949	13.01240	77.68387
950	13.01246	77.68387
951	13.01253	77.68387
952	13.01260	77.68387
953	13.01267	77.68387
954	13.01273	77.68387
955	13.01280	77.68387
956	13.01285	77.68390
957	13.01285	77.68396
958	13.01284	77.68403
959	13.01283	77.68408
960	13.01283	77.68416
961	13.01283	77.68422
962	13.01283	77.68427
963	13.01283	77.68434
964	13.01283	77.68439
965	13.01283	77.68447
966	13.01283	77.68453
967	13.01282	77.68462
968	13.01282	77.68469
969	13.01282	77.68476
970	13.01283	77.68482
971	13.01284	77.68487
972	13.01285	77.68493
973	13.01286	77.68500
974	13.01288	77.68505
975	13.01289	77.68511
976	13.01291	77.68516
977	13.01292	77.68522
978	13.01294	77.68529
979	13.01295	77.68534
980	13.01297	77.68541
981	13.01299	77.68546
982	13.01300	77.68551
983	13.01301	77.68557
984	13.01304	77.68564
985	13.01305	77.68570
986	13.01309	77.68578
987	13.01312	77.68585
988	13.01318	77.68592
989	13.01322	77.68597
990	13.01329	77.68603
991	13.01336	77.68609
992	13.01342	77.68614
993	13.01348	77.68619
994	13.01354	77.68624
995	13.01361	77.68628
996	13.01366	77.68631
997	13.01373	77.68635
998	13.01378	77.68638
999	13.01384	77.68642
1000	13.01391	77.68645
1001	13.01397	77.68648
1002	13.01402	77.68651
1003	13.01407	77.68653
1004	13.01414	77.68655
1005	13.01420	77.68658
1006	13.01425	77.68660
1007	13.01431	77.68663
1008	13.01437	77.68667
1009	13.01443	77.68670
1010	13.01449	77.68671
1011	13.01455	77.68673
1012	13.01461	77.68674
1013	13.01467	77.68675
1014	13.01473	77.68676
1015	13.01481	77.68678
1016	13.01487	77.68679
1017	13.01492	77.68679
1018	13.01499	77.68679
1019	13.01505	77.68679
1020	13.01511	77.68679
1021	13.01517	77.68679
1022	13.01524	77.68678
1023	13.01530	77.68680
1024	13.01528	77.68687
1025	13.01527	77.68692
1026	13.01526	77.68699
1027	13.01526	77.68704
1028	13.01524	77.68711
1029	13.01523	77.68716
1030	13.01521	77.68722
1031	13.01527	77.68726
1032	13.01532	77.68726
1033	13.01541	77.68727
1034	13.01546	77.68728
1035	13.01553	77.68729
1036	13.01561	77.68730
1037	13.01568	77.68731
1038	13.01575	77.68732
1039	13.01581	77.68733
1040	13.01587	77.68733
1041	13.01591	77.68739
1042	13.01591	77.68746
1043	13.01590	77.68753
1044	13.01589	77.68759
1045	13.01588	77.68766
1046	13.01587	77.68772
1047	13.01587	77.68778
1048	13.01587	77.68785
1049	13.01587	77.68792
1050	13.01587	77.68800
1051	13.01587	77.68807
1052	13.01587	77.68814
1053	13.01587	77.68820
1054	13.01587	77.68827
1055	13.01587	77.68836
1056	13.01587	77.68843
1057	13.01587	77.68849
1058	13.01587	77.68856
1059	13.01586	77.68861
1060	13.01585	77.68868
1061	13.01584	77.68876
1062	13.01584	77.68883
1063	13.01583	77.68890
1064	13.01582	77.68896
1065	13.01581	77.68902
1066	13.01581	77.68909
1067	13.01580	77.68916
1068	13.01579	77.68923
1069	13.01579	77.68931
1070	13.01579	77.68937
1071	13.01582	77.68945
1072	13.01583	77.68950
1073	13.01585	77.68956
1074	13.01591	77.68958
1075	13.01597	77.68958
1076	13.01604	77.68959
1077	13.01609	77.68959
1078	13.01616	77.68960
1079	13.01624	77.68961
1080	13.01630	77.68961
1081	13.01635	77.68961
1082	13.01642	77.68961
1083	13.01647	77.68961
1084	13.01652	77.68961
1085	13.01659	77.68962
1086	13.01665	77.68963
1087	13.01671	77.68963
1088	13.01677	77.68963
1089	13.01683	77.68964
1090	13.01689	77.68964
1091	13.01696	77.68964
1092	13.01703	77.68964
1093	13.01709	77.68964
1094	13.01712	77.68970
1095	13.01712	77.68977
1096	13.01714	77.68982
1097	13.01714	77.68991
1098	13.01714	77.68997
1099	13.01714	77.69006
1100	13.01714	77.69014
1101	13.01714	77.69020
1102	13.01714	77.69028
1103	13.01714	77.69034
1104	13.01715	77.69041
1105	13.01717	77.69047
1106	13.01724	77.69047
1107	13.01731	77.69047
1108	13.01738	77.69047
1109	13.01746	77.69047
1110	13.01753	77.69047
1111	13.01759	77.69046
1112	13.01767	77.69045
1113	13.01774	77.69045
1114	13.01779	77.69045
1115	13.01786	77.69045
1116	13.01791	77.69045
1117	13.01799	77.69045
1118	13.01806	77.69045
1119	13.01814	77.69045
1120	13.01816	77.69051
1121	13.01817	77.69058
1122	13.01818	77.69066
1123	13.01819	77.69071
1124	13.01819	77.69080
1125	13.01820	77.69086
1126	13.01820	77.69092
1127	13.01820	77.69099
1128	13.01820	77.69107
1129	13.01820	77.69115
1130	13.01820	77.69122
1131	13.01820	77.69128
1132	13.01820	77.69133
1133	13.01820	77.69141
1134	13.01820	77.69147
1135	13.01820	77.69154
1136	13.01820	77.69162
1137	13.01820	77.69170
1138	13.01820	77.69177
1139	13.01820	77.69184
1140	13.01820	77.69194
1141	13.01826	77.69198
1142	13.01832	77.69197
1143	13.01838	77.69197
1144	13.01844	77.69197
1145	13.01850	77.69197
1146	13.01858	77.69197
1147	13.01867	77.69197
1148	13.01875	77.69197
1149	13.01881	77.69197
1150	13.01887	77.69197
1151	13.01896	77.69197
1152	13.01901	77.69197
1153	13.01908	77.69197
1154	13.01917	77.69197
1155	13.01922	77.69197
1156	13.01930	77.69197
1157	13.01937	77.69197
1158	13.01943	77.69197
1159	13.01950	77.69197
1160	13.01958	77.69197
1161	13.01960	77.69191
1162	13.01966	77.69188
1163	13.01972	77.69190
1164	13.01979	77.69192
1165	13.01986	77.69193
1166	13.01993	77.69193
1167	13.01998	77.69193
1168	13.02005	77.69194
1169	13.02010	77.69194
1170	13.02017	77.69194
1171	13.02022	77.69194
1172	13.02029	77.69194
1173	13.02035	77.69194
1174	13.02041	77.69194
1175	13.02049	77.69194
1176	13.02057	77.69196
1177	13.02064	77.69196
1178	13.02070	77.69197
1179	13.02076	77.69198
1180	13.02084	77.69198
1181	13.02091	77.69198
1182	13.02097	77.69198
1183	13.02103	77.69198
1184	13.02107	77.69205
1185	13.02107	77.69212
1186	13.02107	77.69219
1187	13.02107	77.69226
1188	13.02107	77.69234
1189	13.02106	77.69241
1190	13.02106	77.69247
1191	13.02106	77.69254
1192	13.02107	77.69261
1193	13.02107	77.69267
1194	13.02107	77.69274
1195	13.02108	77.69280
1196	13.02108	77.69288
1197	13.02108	77.69295
1198	13.02108	77.69303
1199	13.02109	77.69309
1200	13.02109	77.69315
1201	13.02116	77.69316
1202	13.02122	77.69317
1203	13.02128	77.69317
1204	13.02135	77.69319
1205	13.02143	77.69319
1206	13.02149	77.69320
1207	13.02155	77.69321
1208	13.02162	77.69321
1209	13.02169	77.69322
1210	13.02175	77.69322
1211	13.02182	77.69322
1212	13.02188	77.69321
1213	13.02194	77.69320
1214	13.02200	77.69320
1215	13.02207	77.69319
1216	13.02213	77.69319
1217	13.02219	77.69317
1218	13.02225	77.69317
1219	13.02232	77.69316
1220	13.02238	77.69315
1221	13.02245	77.69314
1222	13.02251	77.69314
1223	13.02258	77.69313
1224	13.02264	77.69313
1225	13.02270	77.69314
1226	13.02272	77.69320
1227	13.02272	77.69325
1228	13.02273	77.69331
1229	13.02274	77.69337
1230	13.02275	77.69344
1231	13.02275	77.69350
1232	13.02276	77.69356
1233	13.02276	77.69363
1234	13.02277	77.69369
1235	13.02278	77.69375
1236	13.02278	77.69382
1237	13.02278	77.69388
1238	13.02279	77.69397
1239	13.02276	77.69404
1240	13.02274	77.69410
1241	13.02272	77.69417
1242	13.02270	77.69425
1243	13.02268	77.69431
1244	13.02266	77.69436
1245	13.02264	77.69442
1246	13.02261	77.69449
1247	13.02260	77.69454
1248	13.02261	77.69460
1249	13.02261	77.69467
1250	13.02261	77.69473
1251	13.02261	77.69480
1252	13.02261	77.69487
1253	13.02260	77.69493
1254	13.02260	77.69500
1255	13.02260	77.69506
1256	13.02260	77.69512
1257	13.02260	77.69518
1258	13.02260	77.69526
1259	13.02269	77.69530
1260	13.02275	77.69530
1261	13.02282	77.69530
1262	13.02288	77.69530
1263	13.02294	77.69530
1264	13.02301	77.69530
1265	13.02306	77.69532
1266	13.02312	77.69532
1267	13.02319	77.69532
1268	13.02324	77.69533
1269	13.02330	77.69533
1270	13.02336	77.69533
1271	13.02343	77.69533
1272	13.02349	77.69533
1273	13.02355	77.69533
1274	13.02361	77.69532
1275	13.02368	77.69530
1276	13.02373	77.69529
1277	13.02379	77.69528
1278	13.02385	77.69528
1279	13.02391	77.69528
1280	13.02397	77.69528
1281	13.02403	77.69529
1282	13.02408	77.69530
1283	13.02414	77.69530
1284	13.02420	77.69532
1285	13.02427	77.69533
1286	13.02432	77.69534
1287	13.02438	77.69534
1288	13.02445	77.69534
1289	13.02451	77.69534
1290	13.02457	77.69534
1291	13.02465	77.69534
1292	13.02472	77.69534
1293	13.02478	77.69534
1294	13.02484	77.69533
1295	13.02490	77.69533
1296	13.02495	77.69532
1297	13.02502	77.69532
1298	13.02508	77.69532
1299	13.02514	77.69532
1300	13.02521	77.69532
1301	13.02527	77.69533
1302	13.02532	77.69534
1303	13.02542	77.69537
1304	13.02547	77.69539
1305	13.02552	77.69540
1306	13.02557	77.69542
1307	13.02568	77.69544
1308	13.02577	77.69547
1309	13.02584	77.69547
1310	13.02590	77.69548
1311	13.02595	77.69554
1312	13.02597	77.69561
1313	13.02597	77.69567
1314	13.02599	77.69572
1315	13.02604	77.69582
1316	13.02606	77.69588
1317	13.02607	77.69594
1318	13.02609	77.69599
1319	13.02610	77.69606
1320	13.02612	77.69615
1321	13.02613	77.69625
1322	13.02614	77.69630
1323	13.02615	77.69636
1324	13.02617	77.69641
1325	13.02618	77.69651
1326	13.02619	77.69657
1327	13.02623	77.69667
1328	13.02624	77.69672
1329	13.02625	77.69677
1330	13.02626	77.69683
1331	13.02629	77.69692
1332	13.02629	77.69699
1333	13.02631	77.69708
1334	13.02632	77.69713
1335	13.02633	77.69719
1336	13.02635	77.69725
1337	13.02638	77.69734
1338	13.02639	77.69740
1339	13.02643	77.69747
1340	13.02644	77.69753
1341	13.02646	77.69758
1342	13.02647	77.69763
1343	13.02649	77.69769
1344	13.02650	77.69774
1345	13.02651	77.69779
1346	13.02651	77.69786
1347	13.02652	77.69797
1348	13.02652	77.69803
1349	13.02652	77.69809
1350	13.02654	77.69816
1351	13.02654	77.69822
1352	13.02655	77.69828
1353	13.02657	77.69834
1354	13.02659	77.69844
1355	13.02660	77.69849
1356	13.02662	77.69855
1357	13.02662	77.69862
1358	13.02663	77.69873
1359	13.02664	77.69878
1360	13.02665	77.69890
1361	13.02665	77.69897
1362	13.02665	77.69904
1363	13.02665	77.69911
1364	13.02667	77.69917
1365	13.02667	77.69923
1366	13.02668	77.69930
1367	13.02670	77.69935
1368	13.02673	77.69945
1369	13.02674	77.69951
1370	13.02675	77.69958
1371	13.02677	77.69964
1372	13.02679	77.69970
1373	13.02680	77.69977
1374	13.02685	77.69988
1375	13.02686	77.69994
1376	13.02688	77.70005
1377	13.02689	77.70010
1378	13.02690	77.70017
1379	13.02691	77.70022
1380	13.02692	77.70027
1381	13.02692	77.70034
1382	13.02692	77.70040
1383	13.02693	77.70048
1384	13.02693	77.70054
1385	13.02694	77.70061
1386	13.02695	77.70067
1387	13.02696	77.70072
1388	13.02697	77.70079
1389	13.02697	77.70085
1390	13.02699	77.70091
1391	13.02700	77.70097
1392	13.02700	77.70105
1393	13.02700	77.70112
1394	13.02700	77.70120
1395	13.02700	77.70125
1396	13.02700	77.70131
1397	13.02700	77.70138
1398	13.02701	77.70143
1399	13.02701	77.70150
1400	13.02701	77.70157
1401	13.02701	77.70165
1402	13.02703	77.70170
1403	13.02703	77.70176
1404	13.02703	77.70184
1405	13.02704	77.70190
1406	13.02704	77.70197
1407	13.02705	77.70202
1408	13.02705	77.70209
1409	13.02705	77.70215
1410	13.02705	77.70221
1411	13.02706	77.70227
1412	13.02707	77.70234
1413	13.02708	77.70241
1414	13.02708	77.70247
1415	13.02708	77.70255
1416	13.02708	77.70261
1417	13.02708	77.70268
1418	13.02700	77.70268
1419	13.02693	77.70267
1420	13.02680	77.70265
1421	13.02673	77.70264
1422	13.02665	77.70264
1423	13.02656	77.70264
1424	13.02648	77.70264
1425	13.02637	77.70267
1426	13.02631	77.70269
1427	13.02619	77.70270
1428	13.02607	77.70278
1429	13.02608	77.70285
1430	13.02611	77.70293
1431	13.02613	77.70299
1432	13.02614	77.70305
1433	13.02616	77.70312
1434	13.02618	77.70319
1435	13.02622	77.70325
1436	13.02624	77.70331
1437	13.02627	77.70338
1438	13.02628	77.70344
1439	13.02631	77.70350
1440	13.02633	77.70357
1441	13.02634	77.70363
1442	13.02635	77.70370
1443	13.02638	77.70376
1444	13.02641	77.70383
1445	13.02643	77.70389
1446	13.02644	77.70395
1447	13.02646	77.70401
1448	13.02649	77.70408
1449	13.02652	77.70416
1450	13.02655	77.70422
1451	13.02657	77.70427
1452	13.02660	77.70433
1453	13.02663	77.70439
1454	13.02665	77.70445
1455	13.02667	77.70450
1456	13.02671	77.70457
1457	13.02673	77.70463
1458	13.02675	77.70470
1459	13.02677	77.70476
1460	13.02680	77.70482
1461	13.02684	77.70488
1462	13.02688	77.70494
1463	13.02691	77.70501
1464	13.02693	77.70507
1465	13.02695	77.70512
1466	13.02697	77.70519
1467	13.02698	77.70527
1468	13.02699	77.70532
1469	13.02700	77.70538
1470	13.02700	77.70544
1471	13.02701	77.70550
1472	13.02703	77.70555
1473	13.02706	77.70565
1474	13.02709	77.70573
1475	13.02710	77.70580
1476	13.02711	77.70585
1477	13.02712	77.70591
1478	13.02714	77.70596
1479	13.02714	77.70602
1480	13.02716	77.70613
1481	13.02716	77.70620
1482	13.02716	77.70626
1483	13.02715	77.70632
1484	13.02715	77.70639
1485	13.02714	77.70645
1486	13.02713	77.70652
1487	13.02712	77.70658
1488	13.02711	77.70665
1489	13.02709	77.70671
1490	13.02705	77.70682
1491	13.02701	77.70693
1492	13.02699	77.70699
1493	13.02697	77.70705
1494	13.02695	77.70711
1495	13.02693	77.70717
1496	13.02691	77.70723
1497	13.02690	77.70729
1498	13.02686	77.70740
1499	13.02685	77.70746
1500	13.02682	77.70752
1501	13.02680	77.70758
1502	13.02677	77.70764
1503	13.02674	77.70771
1504	13.02671	77.70777
1505	13.02667	77.70783
1506	13.02664	77.70788
1507	13.02660	77.70794
1508	13.02654	77.70805
1509	13.02650	77.70812
1510	13.02647	77.70818
1511	13.02643	77.70825
1512	13.02638	77.70830
1513	13.02635	77.70835
1514	13.02631	77.70841
1515	13.02628	77.70847
1516	13.02625	77.70852
1517	13.02623	77.70859
1518	13.02619	77.70864
1519	13.02618	77.70871
1520	13.02616	77.70877
1521	13.02614	77.70884
1522	13.02613	77.70890
1523	13.02612	77.70897
1524	13.02611	77.70904
1525	13.02610	77.70913
1526	13.02610	77.70919
1527	13.02610	77.70925
1528	13.02612	77.70936
1529	13.02612	77.70943
1530	13.02612	77.70950
1531	13.02612	77.70958
1532	13.02612	77.70964
1533	13.02612	77.70972
1534	13.02614	77.70978
1535	13.02614	77.70984
1536	13.02615	77.70990
1537	13.02615	77.70998
1538	13.02616	77.71005
1539	13.02617	77.71010
1540	13.02617	77.71017
1541	13.02617	77.71023
1542	13.02618	77.71029
1543	13.02619	77.71035
1544	13.02619	77.71041
1545	13.02619	77.71048
1546	13.02626	77.71055
1547	13.02633	77.71062
1548	13.02640	77.71069
1549	13.02647	77.71078
1550	13.02653	77.71086
1551	13.02659	77.71095
1552	13.02666	77.71104
1553	13.02672	77.71111
1554	13.02678	77.71117
1555	13.02685	77.71126
1556	13.02691	77.71134
1557	13.02697	77.71141
1558	13.02703	77.71149
1559	13.02709	77.71156
1560	13.02715	77.71165
1561	13.02723	77.71174
1562	13.02729	77.71182
1563	13.02735	77.71189
1564	13.02741	77.71197
1565	13.02748	77.71205
