Rank	Latitude	Longitude
1	13.03701	77.72290
2	13.03701	77.72296
3	13.03701	77.72284
4	13.03701	77.72278
5	13.03700	77.72302
6	13.03700	77.72272
7	13.03699	77.72308
8	13.03699	77.72313
9	13.03698	77.72267
10	13.03697	77.72319
11	13.03695	77.72261
12	13.03694	77.72325
13	13.03692	77.72256
14	13.03692	77.72331
15	13.03689	77.72336
16	13.03688	77.72251
17	13.03686	77.72342
18	13.03683	77.72347
19	13.03683	77.72244
20	13.03681	77.72353
21	13.03678	77.72239
22	13.03676	77.72358
23	13.03673	77.72233
24	13.03670	77.72362
25	13.03668	77.72228
26	13.03664	77.72366
27	13.03663	77.72222
28	13.03658	77.72216
29	13.03658	77.72369
30	13.03653	77.72210
31	13.03652	77.72373
32	13.03649	77.72205
33	13.03646	77.72376
34	13.03646	77.72198
35	13.03642	77.72192
36	13.03640	77.72381
37	13.03638	77.72186
38	13.03635	77.72384
39	13.03633	77.72181
40	13.03629	77.72387
41	13.03628	77.72175
42	13.03624	77.72390
43	13.03623	77.72169
44	13.03619	77.72163
45	13.03618	77.72392
46	13.03615	77.72158
47	13.03612	77.72394
48	13.03610	77.72152
49	13.03607	77.72397
50	13.03605	77.72147
51	13.03602	77.72141
52	13.03602	77.72400
53	13.03598	77.72136
54	13.03596	77.72404
55	13.03594	77.72131
56	13.03591	77.72408
57	13.03590	77.72125
58	13.03586	77.72119
59	13.03584	77.72412
60	13.03583	77.72113
61	13.03580	77.72106
62	13.03578	77.72415
63	13.03576	77.72100
64	13.03574	77.72095
65	13.03572	77.72417
66	13.03571	77.72089
67	13.03568	77.72083
68	13.03567	77.72419
69	13.03564	77.72078
70	13.03561	77.72421
71	13.03560	77.72072
72	13.03558	77.72067
73	13.03556	77.72425
74	13.03555	77.72061
75	13.03552	77.72056
76	13.03550	77.72428
77	13.03550	77.72051
78	13.03547	77.72045
79	13.03545	77.72430
80	13.03543	77.72039
81	13.03540	77.72433
82	13.03539	77.72034
83	13.03537	77.72029
84	13.03535	77.72023
85	13.03534	77.72435
86	13.03532	77.72018
87	13.03529	77.72012
88	13.03528	77.72438
89	13.03526	77.72006
90	13.03522	77.72000
91	13.03522	77.72441
92	13.03519	77.71994
93	13.03516	77.72443
94	13.03516	77.71989
95	13.03514	77.71983
96	13.03510	77.72446
97	13.03508	77.71978
98	13.03505	77.72449
99	13.03503	77.71974
100	13.03499	77.72450
101	13.03498	77.71969
102	13.03494	77.71964
103	13.03493	77.72452
104	13.03489	77.71958
105	13.03488	77.72454
106	13.03485	77.71953
107	13.03481	77.72456
108	13.03480	77.71948
109	13.03475	77.72458
110	13.03474	77.71944
111	13.03470	77.72460
112	13.03468	77.71938
113	13.03463	77.72463
114	13.03462	77.71933
115	13.03458	77.71927
116	13.03457	77.72465
117	13.03453	77.71922
118	13.03452	77.72467
119	13.03449	77.71916
120	13.03446	77.72470
121	13.03444	77.71911
122	13.03440	77.72473
123	13.03440	77.71906
124	13.03435	77.71901
125	13.03435	77.72475
126	13.03431	77.71894
127	13.03430	77.72478
128	13.03427	77.71889
129	13.03424	77.72481
130	13.03423	77.71883
131	13.03419	77.71878
132	13.03418	77.72484
133	13.03415	77.71872
134	13.03413	77.72486
135	13.03412	77.71866
136	13.03409	77.71860
137	13.03407	77.72489
138	13.03406	77.71855
139	13.03402	77.71850
140	13.03400	77.72491
141	13.03397	77.71844
142	13.03395	77.71838
143	13.03395	77.72493
144	13.03392	77.71831
145	13.03389	77.72497
146	13.03388	77.71826
147	13.03386	77.71820
148	13.03384	77.71815
149	13.03383	77.71810
150	13.03382	77.72502
151	13.03380	77.71805
152	13.03378	77.71798
153	13.03377	77.72506
154	13.03375	77.71793
155	13.03373	77.71788
156	13.03370	77.71783
157	13.03370	77.72511
158	13.03368	77.71777
159	13.03365	77.71772
160	13.03365	77.72515
161	13.03363	77.71766
162	13.03361	77.71760
163	13.03360	77.71755
164	13.03359	77.72518
165	13.03359	77.71749
166	13.03356	77.71743
167	13.03354	77.71737
168	13.03353	77.72521
169	13.03352	77.71731
170	13.03350	77.71726
171	13.03348	77.71720
172	13.03347	77.72524
173	13.03345	77.71714
174	13.03343	77.71709
175	13.03341	77.72527
176	13.03340	77.71702
177	13.03338	77.71697
178	13.03336	77.72529
179	13.03335	77.71691
180	13.03332	77.71686
181	13.03330	77.72530
182	13.03329	77.71681
183	13.03327	77.71675
184	13.03326	77.71669
185	13.03325	77.72530
186	13.03323	77.71663
187	13.03321	77.71657
188	13.03319	77.72531
189	13.03318	77.71652
190	13.03315	77.71646
191	13.03314	77.72531
192	13.03313	77.71640
193	13.03311	77.71635
194	13.03310	77.71629
195	13.03308	77.71623
196	13.03308	77.71617
197	13.03308	77.72531
198	13.03307	77.71611
199	13.03305	77.71606
200	13.03303	77.71600
201	13.03302	77.71594
202	13.03302	77.72530
203	13.03301	77.71588
204	13.03300	77.71583
205	13.03298	77.71577
206	13.03297	77.71572
207	13.03296	77.72530
208	13.03295	77.71566
209	13.03293	77.71561
210	13.03292	77.71556
211	13.03290	77.71550
212	13.03290	77.72530
213	13.03288	77.71544
214	13.03287	77.71539
215	13.03286	77.71533
216	13.03284	77.71528
217	13.03284	77.71522
218	13.03283	77.72530
219	13.03283	77.71516
220	13.03282	77.71510
221	13.03281	77.71503
222	13.03280	77.71497
223	13.03278	77.71491
224	13.03278	77.71485
225	13.03278	77.71479
226	13.03277	77.71472
227	13.03276	77.72530
228	13.03276	77.71466
229	13.03275	77.71460
230	13.03273	77.71455
231	13.03271	77.71449
232	13.03270	77.72528
233	13.03268	77.71444
234	13.03266	77.71439
235	13.03264	77.71434
236	13.03263	77.72527
237	13.03262	77.71429
238	13.03260	77.71423
239	13.03257	77.72527
240	13.03256	77.71417
241	13.03254	77.71412
242	13.03252	77.71406
243	13.03252	77.72526
244	13.03250	77.71400
245	13.03248	77.71395
246	13.03246	77.71390
247	13.03246	77.72526
248	13.03245	77.71384
249	13.03242	77.71378
250	13.03241	77.71373
251	13.03240	77.72525
252	13.03239	77.71368
253	13.03238	77.71361
254	13.03237	77.71356
255	13.03235	77.71350
256	13.03234	77.71345
257	13.03233	77.72524
258	13.03232	77.71340
259	13.03231	77.71335
260	13.03228	77.71329
261	13.03226	77.72524
262	13.03223	77.71323
263	13.03221	77.72523
264	13.03217	77.71320
265	13.03215	77.72522
266	13.03212	77.71317
267	13.03209	77.72521
268	13.03206	77.71314
269	13.03203	77.72520
270	13.03201	77.71311
271	13.03197	77.72519
272	13.03195	77.71309
273	13.03191	77.72519
274	13.03190	77.71306
275	13.03185	77.72518
276	13.03184	77.71303
277	13.03180	77.72517
278	13.03178	77.71301
279	13.03173	77.71298
280	13.03173	77.72518
281	13.03167	77.72518
282	13.03167	77.71295
283	13.03161	77.71291
284	13.03161	77.72518
285	13.03155	77.72518
286	13.03155	77.71288
287	13.03150	77.71284
288	13.03149	77.72518
289	13.03144	77.71280
290	13.03142	77.72518
291	13.03139	77.71276
292	13.03136	77.72518
293	13.03132	77.71273
294	13.03130	77.72519
295	13.03126	77.71269
296	13.03124	77.72520
297	13.03120	77.71265
298	13.03117	77.72520
299	13.03114	77.71262
300	13.03111	77.72520
301	13.03108	77.71259
302	13.03105	77.72520
303	13.03103	77.71256
304	13.03099	77.72521
305	13.03097	77.71251
306	13.03094	77.72521
307	13.03091	77.71246
308	13.03087	77.72522
309	13.03085	77.71242
310	13.03081	77.72522
311	13.03080	77.71238
312	13.03075	77.72522
313	13.03074	77.71235
314	13.03069	77.72522
315	13.03069	77.71231
316	13.03063	77.71227
317	13.03063	77.72522
318	13.03057	77.71223
319	13.03056	77.72522
320	13.03052	77.71219
321	13.03050	77.72522
322	13.03046	77.71215
323	13.03044	77.72521
324	13.03041	77.71211
325	13.03039	77.72520
326	13.03035	77.71208
327	13.03032	77.72520
328	13.03030	77.71205
329	13.03026	77.72520
330	13.03024	77.71202
331	13.03020	77.72521
332	13.03018	77.71199
333	13.03015	77.72520
334	13.03012	77.71194
335	13.03009	77.72520
336	13.03007	77.71190
337	13.03003	77.72518
338	13.03001	77.71187
339	13.02997	77.72518
340	13.02996	77.71183
341	13.02992	77.72517
342	13.02990	77.71181
343	13.02985	77.72517
344	13.02984	77.71175
345	13.02979	77.72516
346	13.02979	77.71171
347	13.02973	77.72516
348	13.02973	77.71167
349	13.02967	77.71162
350	13.02967	77.72516
351	13.02962	77.71157
352	13.02961	77.72515
353	13.02956	77.71152
354	13.02955	77.72514
355	13.02950	77.71146
356	13.02949	77.72514
357	13.02944	77.71142
358	13.02943	77.72513
359	13.02939	77.71137
360	13.02938	77.72513
361	13.02933	77.71131
362	13.02932	77.72513
363	13.02928	77.71128
364	13.02927	77.72514
365	13.02922	77.71123
366	13.02921	77.72515
367	13.02917	77.71118
368	13.02915	77.72516
369	13.02911	77.71115
370	13.02909	77.72516
371	13.02906	77.71112
372	13.02903	77.72516
373	13.02900	77.71107
374	13.02897	77.72516
375	13.02892	77.71102
376	13.02889	77.72515
377	13.02886	77.71105
378	13.02884	77.72513
379	13.02881	77.71108
380	13.02878	77.72511
381	13.02875	77.71110
382	13.02872	77.72510
383	13.02869	77.71112
384	13.02867	77.72508
385	13.02863	77.71115
386	13.02861	77.72506
387	13.02857	77.71117
388	13.02855	77.72505
389	13.02851	77.71120
390	13.02849	77.72504
391	13.02845	77.71123
392	13.02843	77.72503
393	13.02839	77.71125
394	13.02837	77.72502
395	13.02833	77.71128
396	13.02831	77.72501
397	13.02828	77.71132
398	13.02825	77.72501
399	13.02823	77.71136
400	13.02818	77.72501
401	13.02817	77.71137
402	13.02813	77.72502
403	13.02811	77.71140
404	13.02807	77.72503
405	13.02806	77.71141
406	13.02802	77.72503
407	13.02801	77.71144
408	13.02797	77.72503
409	13.02795	77.71145
410	13.02790	77.72505
411	13.02790	77.71146
412	13.02784	77.71147
413	13.02784	77.72507
414	13.02779	77.71147
415	13.02778	77.72507
416	13.02772	77.71147
417	13.02772	77.72508
418	13.02769	77.71153
419	13.02766	77.72509
420	13.02765	77.71160
421	13.02759	77.72510
422	13.02759	77.71162
423	13.02753	77.72511
424	13.02753	77.71162
425	13.02747	77.72513
426	13.02747	77.71162
427	13.02741	77.72514
428	13.02741	77.71163
429	13.02736	77.71164
430	13.02735	77.72515
431	13.02730	77.71165
432	13.02730	77.72516
433	13.02724	77.71166
434	13.02724	77.72517
435	13.02718	77.71167
436	13.02717	77.72518
437	13.02712	77.72520
438	13.02712	77.71168
439	13.02706	77.72521
440	13.02705	77.71168
441	13.02701	77.72522
442	13.02699	77.71168
443	13.02695	77.72524
444	13.02691	77.71167
445	13.02690	77.72525
446	13.02685	77.71167
447	13.02683	77.72527
448	13.02680	77.71168
449	13.02677	77.72528
450	13.02674	77.71170
451	13.02671	77.72529
452	13.02669	77.71172
453	13.02665	77.72530
454	13.02662	77.71172
455	13.02659	77.72531
456	13.02656	77.71172
457	13.02654	77.72531
458	13.02649	77.71172
459	13.02648	77.72533
460	13.02643	77.71172
461	13.02641	77.72535
462	13.02637	77.71174
463	13.02635	77.72535
464	13.02630	77.71175
465	13.02629	77.72535
466	13.02625	77.71176
467	13.02623	77.72536
468	13.02619	77.71177
469	13.02617	77.72540
470	13.02613	77.71178
471	13.02610	77.72544
472	13.02607	77.71178
473	13.02604	77.72547
474	13.02600	77.71178
475	13.02598	77.72551
476	13.02594	77.71178
477	13.02592	77.72554
478	13.02589	77.71177
479	13.02584	77.72559
480	13.02581	77.71180
481	13.02579	77.72563
482	13.02575	77.71182
483	13.02572	77.72568
484	13.02570	77.71183
485	13.02567	77.72572
486	13.02564	77.71185
487	13.02561	77.72577
488	13.02558	77.71185
489	13.02556	77.72581
490	13.02551	77.71187
491	13.02549	77.72586
492	13.02546	77.71188
493	13.02544	77.72591
494	13.02539	77.71189
495	13.02538	77.72596
496	13.02534	77.71189
497	13.02533	77.72600
498	13.02528	77.72604
499	13.02526	77.71191
500	13.02522	77.72609
501	13.02521	77.71192
502	13.02517	77.72613
503	13.02515	77.71192
504	13.02511	77.72618
505	13.02508	77.71194
506	13.02506	77.72622
507	13.02503	77.71195
508	13.02500	77.72626
509	13.02497	77.71196
510	13.02494	77.72630
511	13.02489	77.71198
512	13.02488	77.72634
513	13.02483	77.71199
514	13.02483	77.72638
515	13.02478	77.72642
516	13.02477	77.71199
517	13.02472	77.72647
518	13.02471	77.71200
519	13.02466	77.72653
520	13.02465	77.71201
521	13.02459	77.72658
522	13.02459	77.71202
523	13.02454	77.71204
524	13.02453	77.72663
525	13.02448	77.71205
526	13.02447	77.72668
527	13.02443	77.71204
528	13.02442	77.72672
529	13.02437	77.71203
530	13.02436	77.72676
531	13.02430	77.71202
532	13.02430	77.72682
533	13.02425	77.71205
534	13.02424	77.72687
535	13.02420	77.71208
536	13.02418	77.72692
537	13.02414	77.71212
538	13.02411	77.72698
539	13.02408	77.71216
540	13.02406	77.72704
541	13.02403	77.71220
542	13.02400	77.72709
543	13.02398	77.71224
544	13.02393	77.72715
545	13.02392	77.71229
546	13.02388	77.72719
547	13.02387	77.71233
548	13.02383	77.72724
549	13.02381	77.71238
550	13.02377	77.72728
551	13.02376	77.71243
552	13.02372	77.72732
553	13.02372	77.71249
554	13.02367	77.71254
555	13.02366	77.72737
556	13.02361	77.71260
557	13.02360	77.72741
558	13.02355	77.71265
559	13.02354	77.72744
560	13.02350	77.71270
561	13.02348	77.72748
562	13.02344	77.71275
563	13.02342	77.72753
564	13.02339	77.71278
565	13.02337	77.72756
566	13.02333	77.71283
567	13.02331	77.72759
568	13.02327	77.71286
569	13.02325	77.72762
570	13.02322	77.71289
571	13.02319	77.72765
572	13.02316	77.71292
573	13.02313	77.72768
574	13.02310	77.71295
575	13.02307	77.72771
576	13.02304	77.71297
577	13.02302	77.72775
578	13.02299	77.71300
579	13.02296	77.72780
580	13.02292	77.71303
581	13.02290	77.72785
582	13.02286	77.71306
583	13.02284	77.72791
584	13.02280	77.71308
585	13.02278	77.72797
586	13.02275	77.71311
587	13.02272	77.72803
588	13.02270	77.71313
589	13.02267	77.72808
590	13.02263	77.71316
591	13.02262	77.72813
592	13.02257	77.71320
593	13.02257	77.72819
594	13.02251	77.71323
595	13.02251	77.72825
596	13.02246	77.72830
597	13.02245	77.71327
598	13.02240	77.72835
599	13.02238	77.71330
600	13.02234	77.72840
601	13.02233	77.71331
602	13.02229	77.72844
603	13.02228	77.71326
604	13.02225	77.71321
605	13.02223	77.72849
606	13.02221	77.71315
607	13.02219	77.71310
608	13.02216	77.72854
609	13.02213	77.71311
610	13.02211	77.72858
611	13.02208	77.71316
612	13.02206	77.72862
613	13.02202	77.71319
614	13.02201	77.72866
615	13.02197	77.71324
616	13.02195	77.72871
617	13.02192	77.71328
618	13.02190	77.72874
619	13.02186	77.71331
620	13.02184	77.72879
621	13.02180	77.71335
622	13.02178	77.72885
623	13.02174	77.71338
624	13.02172	77.72889
625	13.02169	77.71341
626	13.02165	77.72894
627	13.02164	77.71346
628	13.02159	77.72899
629	13.02158	77.71349
630	13.02153	77.72904
631	13.02152	77.71354
632	13.02148	77.72907
633	13.02146	77.71359
634	13.02143	77.72910
635	13.02141	77.71363
636	13.02137	77.72913
637	13.02135	77.71368
638	13.02131	77.72918
639	13.02130	77.71372
640	13.02124	77.72923
641	13.02124	77.71378
642	13.02119	77.72927
643	13.02118	77.71383
644	13.02113	77.72932
645	13.02112	77.71388
646	13.02107	77.71394
647	13.02107	77.72935
648	13.02104	77.71399
649	13.02101	77.72939
650	13.02099	77.71404
651	13.02095	77.72943
652	13.02093	77.71410
653	13.02089	77.72946
654	13.02087	77.71415
655	13.02083	77.72951
656	13.02082	77.71421
657	13.02077	77.72955
658	13.02077	77.71427
659	13.02072	77.71430
660	13.02071	77.72959
661	13.02066	77.71430
662	13.02066	77.72962
663	13.02060	77.71430
664	13.02059	77.72966
665	13.02054	77.72969
666	13.02054	77.71430
667	13.02048	77.72970
668	13.02047	77.71429
669	13.02042	77.72973
670	13.02041	77.71427
671	13.02037	77.72975
672	13.02035	77.71427
673	13.02031	77.72977
674	13.02029	77.71426
675	13.02026	77.72978
676	13.02023	77.71426
677	13.02019	77.72981
678	13.02017	77.71425
679	13.02013	77.72982
680	13.02011	77.71423
681	13.02007	77.72984
682	13.02005	77.71422
683	13.02002	77.72986
684	13.02000	77.71420
685	13.01996	77.72988
686	13.01994	77.71417
687	13.01991	77.72989
688	13.01988	77.71414
689	13.01985	77.72991
690	13.01983	77.71411
691	13.01980	77.72993
692	13.01977	77.71407
693	13.01973	77.72996
694	13.01971	77.71403
695	13.01967	77.72998
696	13.01965	77.71398
697	13.01962	77.73000
698	13.01960	77.71393
699	13.01956	77.73001
700	13.01955	77.71388
701	13.01950	77.73003
702	13.01949	77.71383
703	13.01945	77.71377
704	13.01943	77.73006
705	13.01940	77.71371
706	13.01937	77.73009
707	13.01937	77.71366
708	13.01934	77.71361
709	13.01932	77.73011
710	13.01929	77.71355
711	13.01925	77.73011
712	13.01925	77.71349
713	13.01922	77.71344
714	13.01920	77.73011
715	13.01918	77.71339
716	13.01914	77.71333
717	13.01914	77.73011
718	13.01911	77.71327
719	13.01908	77.71321
720	13.01907	77.73011
721	13.01906	77.71316
722	13.01903	77.71311
723	13.01901	77.71306
724	13.01901	77.73010
725	13.01898	77.71300
726	13.01895	77.73008
727	13.01895	77.71294
728	13.01892	77.71288
729	13.01890	77.73007
730	13.01889	77.71283
731	13.01886	77.71277
732	13.01884	77.73006
733	13.01883	77.71272
734	13.01881	77.71267
735	13.01879	77.73004
736	13.01878	77.71262
737	13.01875	77.71256
738	13.01873	77.73002
739	13.01871	77.71250
740	13.01868	77.73001
741	13.01867	77.71245
742	13.01862	77.71239
743	13.01861	77.72998
744	13.01858	77.71234
745	13.01856	77.72996
746	13.01853	77.71229
747	13.01851	77.71223
748	13.01850	77.72993
749	13.01847	77.71217
750	13.01844	77.72991
751	13.01843	77.71212
752	13.01838	77.71206
753	13.01838	77.72988
754	13.01833	77.71200
755	13.01831	77.72986
756	13.01827	77.71195
757	13.01825	77.72985
758	13.01821	77.71190
759	13.01818	77.72982
760	13.01816	77.71186
761	13.01813	77.72980
762	13.01810	77.71182
763	13.01807	77.72978
764	13.01805	77.71179
765	13.01801	77.72976
766	13.01798	77.71176
767	13.01795	77.72973
768	13.01792	77.71172
769	13.01790	77.72972
770	13.01787	77.71169
771	13.01784	77.72971
772	13.01781	77.71167
773	13.01779	77.72971
774	13.01775	77.71165
775	13.01773	77.72970
776	13.01769	77.71163
777	13.01766	77.72969
778	13.01763	77.71162
779	13.01761	77.72968
780	13.01757	77.71160
781	13.01754	77.72967
782	13.01751	77.71158
783	13.01748	77.72966
784	13.01745	77.71157
785	13.01742	77.72965
786	13.01739	77.71154
787	13.01735	77.72964
788	13.01732	77.71153
789	13.01729	77.72962
790	13.01726	77.71153
791	13.01723	77.72960
792	13.01720	77.71152
793	13.01717	77.72959
794	13.01714	77.71152
795	13.01712	77.72957
796	13.01709	77.71154
797	13.01705	77.72955
798	13.01704	77.71158
799	13.01699	77.72953
800	13.01697	77.71161
801	13.01693	77.72952
802	13.01691	77.71166
803	13.01687	77.71172
804	13.01686	77.72950
805	13.01681	77.71177
806	13.01680	77.72948
807	13.01675	77.71181
808	13.01674	77.72947
809	13.01669	77.71184
810	13.01669	77.72945
811	13.01664	77.71187
812	13.01663	77.72944
813	13.01657	77.71190
814	13.01657	77.72943
815	13.01652	77.72941
816	13.01651	77.71189
817	13.01648	77.71184
818	13.01645	77.72940
819	13.01644	77.71179
820	13.01639	77.72938
821	13.01639	77.71173
822	13.01634	77.71168
823	13.01633	77.72935
824	13.01628	77.71162
825	13.01627	77.72933
826	13.01623	77.71157
827	13.01620	77.72931
828	13.01618	77.71152
829	13.01616	77.71145
830	13.01616	77.71139
831	13.01614	77.72929
832	13.01610	77.71136
833	13.01609	77.72927
834	13.01604	77.71136
835	13.01602	77.72925
836	13.01597	77.71136
837	13.01597	77.72923
838	13.01591	77.71136
839	13.01591	77.72922
840	13.01586	77.71135
841	13.01585	77.72920
842	13.01580	77.71129
843	13.01580	77.72917
844	13.01575	77.71124
845	13.01574	77.72915
846	13.01569	77.71123
847	13.01568	77.72914
848	13.01564	77.71123
849	13.01562	77.72912
850	13.01558	77.71124
851	13.01556	77.72910
852	13.01553	77.71124
853	13.01550	77.72909
854	13.01547	77.71124
855	13.01544	77.72907
856	13.01540	77.71124
857	13.01538	77.72906
858	13.01534	77.71125
859	13.01533	77.72904
860	13.01529	77.71125
861	13.01527	77.72902
862	13.01523	77.71126
863	13.01521	77.72901
864	13.01517	77.71126
865	13.01516	77.72900
866	13.01511	77.71123
867	13.01509	77.72899
868	13.01506	77.71120
869	13.01503	77.72898
870	13.01500	77.71115
871	13.01497	77.72896
872	13.01495	77.71112
873	13.01492	77.72896
874	13.01490	77.71109
875	13.01484	77.71106
876	13.01483	77.72896
877	13.01479	77.71103
878	13.01474	77.72896
879	13.01473	77.71098
880	13.01472	77.71092
881	13.01470	77.71087
882	13.01469	77.71081
883	13.01468	77.71075
884	13.01467	77.72895
885	13.01462	77.71074
886	13.01462	77.72894
887	13.01456	77.71074
888	13.01453	77.72894
889	13.01449	77.71074
890	13.01444	77.72893
891	13.01443	77.71073
892	13.01437	77.72893
893	13.01437	77.71073
894	13.01434	77.71067
895	13.01433	77.71061
896	13.01432	77.71056
897	13.01431	77.72892
898	13.01430	77.71050
899	13.01429	77.71044
900	13.01427	77.71039
901	13.01426	77.71033
902	13.01425	77.72891
903	13.01423	77.71028
904	13.01421	77.71022
905	13.01419	77.71017
906	13.01417	77.71011
907	13.01416	77.72890
908	13.01414	77.71006
909	13.01413	77.71000
910	13.01411	77.70995
911	13.01409	77.70989
912	13.01407	77.72890
913	13.01407	77.70984
914	13.01404	77.70978
915	13.01402	77.72889
916	13.01401	77.70972
917	13.01399	77.70966
918	13.01397	77.70961
919	13.01396	77.70955
920	13.01395	77.72889
921	13.01394	77.70950
922	13.01393	77.70944
923	13.01392	77.70938
924	13.01392	77.70933
925	13.01392	77.70927
926	13.01390	77.70921
927	13.01390	77.70916
928	13.01390	77.70911
929	13.01389	77.70905
930	13.01389	77.70900
931	13.01389	77.70893
932	13.01389	77.70887
933	13.01389	77.70882
934	13.01388	77.70875
935	13.01388	77.70869
936	13.01387	77.72888
937	13.01386	77.70863
938	13.01385	77.70858
939	13.01384	77.70798
940	13.01383	77.70853
941	13.01383	77.70805
942	13.01383	77.70792
943	13.01383	77.70785
944	13.01383	77.70811
945	13.01383	77.70847
946	13.01383	77.70779
947	13.01382	77.70773
948	13.01381	77.70842
949	13.01381	77.70818
950	13.01380	77.70768
951	13.01380	77.70837
952	13.01380	77.70824
953	13.01380	77.70830
954	13.01378	77.70762
955	13.01378	77.72884
956	13.01376	77.70756
957	13.01373	77.70751
958	13.01369	77.72882
959	13.01367	77.70745
960	13.01364	77.72881
961	13.01361	77.70741
962	13.01356	77.70736
963	13.01355	77.72879
964	13.01351	77.70731
965	13.01349	77.72877
966	13.01347	77.70725
967	13.01343	77.70720
968	13.01343	77.70287
969	13.01343	77.70294
970	13.01343	77.70281
971	13.01342	77.70299
972	13.01341	77.70305
973	13.01341	77.70312
974	13.01341	77.72876
975	13.01341	77.70322
976	13.01341	77.70317
977	13.01341	77.70714
978	13.01340	77.70334
979	13.01340	77.70328
980	13.01340	77.70353
981	13.01340	77.70346
982	13.01340	77.70340
983	13.01339	77.70360
984	13.01338	77.70365
985	13.01338	77.70371
986	13.01338	77.70377
987	13.01338	77.70382
988	13.01338	77.70709
989	13.01337	77.70543
990	13.01337	77.70521
991	13.01337	77.70515
992	13.01337	77.70509
993	13.01337	77.70504
994	13.01337	77.70405
995	13.01337	77.70400
996	13.01337	77.70394
997	13.01337	77.70388
998	13.01337	77.70276
999	13.01337	77.70526
1000	13.01337	77.70497
1001	13.01337	77.70537
1002	13.01337	77.70532
1003	13.01336	77.70491
1004	13.01336	77.70486
1005	13.01336	77.70479
1006	13.01336	77.70474
1007	13.01336	77.70412
1008	13.01336	77.70468
1009	13.01336	77.70417
1010	13.01335	77.70550
1011	13.01335	77.70462
1012	13.01335	77.70457
1013	13.01335	77.70452
1014	13.01335	77.70446
1015	13.01335	77.70441
1016	13.01335	77.70435
1017	13.01335	77.70430
1018	13.01335	77.70423
1019	13.01335	77.70704
1020	13.01333	77.72874
1021	13.01332	77.70555
1022	13.01331	77.70698
1023	13.01331	77.70276
1024	13.01330	77.70562
1025	13.01330	77.70693
1026	13.01328	77.70687
1027	13.01327	77.70681
1028	13.01327	77.70567
1029	13.01326	77.70675
1030	13.01325	77.70276
1031	13.01324	77.70573
1032	13.01323	77.70669
1033	13.01323	77.72871
1034	13.01322	77.70663
1035	13.01321	77.70578
1036	13.01320	77.70657
1037	13.01320	77.70276
1038	13.01319	77.70652
1039	13.01317	77.70584
1040	13.01317	77.70647
1041	13.01315	77.70641
1042	13.01314	77.70275
1043	13.01314	77.70635
1044	13.01313	77.70590
1045	13.01313	77.72868
1046	13.01312	77.70630
1047	13.01311	77.70625
1048	13.01311	77.70595
1049	13.01310	77.70619
1050	13.01308	77.70613
1051	13.01308	77.70607
1052	13.01308	77.70601
1053	13.01308	77.70275
1054	13.01302	77.72866
1055	13.01302	77.70274
1056	13.01296	77.70274
1057	13.01290	77.72864
1058	13.01289	77.70274
1059	13.01285	77.72520
1060	13.01285	77.72513
1061	13.01285	77.72506
1062	13.01284	77.72500
1063	13.01283	77.72528
1064	13.01283	77.72478
1065	13.01283	77.72472
1066	13.01283	77.70273
1067	13.01283	77.72494
1068	13.01283	77.72486
1069	13.01283	77.72465
1070	13.01283	77.72458
1071	13.01282	77.72537
1072	13.01282	77.72452
1073	13.01282	77.72445
1074	13.01282	77.72438
1075	13.01282	77.72430
1076	13.01282	77.72424
1077	13.01282	77.72417
1078	13.01282	77.72408
1079	13.01282	77.72864
1080	13.01281	77.72543
1081	13.01281	77.72400
1082	13.01281	77.72394
1083	13.01280	77.72549
1084	13.01280	77.72387
1085	13.01279	77.72570
1086	13.01279	77.72562
1087	13.01279	77.72556
1088	13.01279	77.72382
1089	13.01279	77.72577
1090	13.01278	77.72375
1091	13.01278	77.70273
1092	13.01278	77.72585
1093	13.01278	77.72369
1094	13.01278	77.72362
1095	13.01278	77.72356
1096	13.01277	77.72592
1097	13.01277	77.72348
1098	13.01276	77.72599
1099	13.01276	77.72341
1100	13.01276	77.72606
1101	13.01275	77.72661
1102	13.01275	77.72654
1103	13.01275	77.72647
1104	13.01275	77.72335
1105	13.01275	77.72674
1106	13.01275	77.72667
1107	13.01275	77.72613
1108	13.01274	77.72641
1109	13.01274	77.72620
1110	13.01273	77.72687
1111	13.01273	77.72680
1112	13.01273	77.72627
1113	13.01273	77.72329
1114	13.01273	77.72866
1115	13.01273	77.72743
1116	13.01273	77.72715
1117	13.01273	77.72707
1118	13.01273	77.72701
1119	13.01273	77.72694
1120	13.01273	77.72634
1121	13.01272	77.70273
1122	13.01272	77.72750
1123	13.01272	77.72736
1124	13.01272	77.72730
1125	13.01272	77.72723
1126	13.01272	77.72324
1127	13.01272	77.72317
1128	13.01272	77.72310
1129	13.01271	77.72304
1130	13.01271	77.72296
1131	13.01271	77.72288
1132	13.01271	77.72281
1133	13.01270	77.72275
1134	13.01270	77.72268
1135	13.01269	77.72756
1136	13.01269	77.72260
1137	13.01268	77.72253
1138	13.01267	77.72817
1139	13.01267	77.72809
1140	13.01267	77.72803
1141	13.01267	77.72762
1142	13.01267	77.72822
1143	13.01267	77.72796
1144	13.01266	77.70272
1145	13.01266	77.72248
1146	13.01266	77.72867
1147	13.01266	77.72829
1148	13.01266	77.72788
1149	13.01266	77.72782
1150	13.01266	77.72775
1151	13.01266	77.72768
1152	13.01264	77.72835
1153	13.01263	77.72241
1154	13.01262	77.72842
1155	13.01261	77.72236
1156	13.01261	77.72849
1157	13.01260	77.70272
1158	13.01260	77.72867
1159	13.01259	77.72861
1160	13.01259	77.72854
1161	13.01258	77.72230
1162	13.01256	77.72224
1163	13.01255	77.70271
1164	13.01255	77.72219
1165	13.01253	77.72213
1166	13.01251	77.72208
1167	13.01249	77.72203
1168	13.01248	77.70271
1169	13.01247	77.72197
1170	13.01244	77.72192
1171	13.01242	77.70270
1172	13.01242	77.72187
1173	13.01240	77.72182
1174	13.01236	77.72176
1175	13.01235	77.70270
1176	13.01233	77.72169
1177	13.01231	77.72164
1178	13.01230	77.72158
1179	13.01229	77.70270
1180	13.01228	77.72152
1181	13.01226	77.72146
1182	13.01224	77.72140
1183	13.01222	77.70270
1184	13.01221	77.72134
1185	13.01218	77.72128
1186	13.01216	77.72123
1187	13.01215	77.70270
1188	13.01212	77.72117
1189	13.01210	77.72111
1190	13.01209	77.70270
1191	13.01209	77.72106
1192	13.01206	77.72100
1193	13.01204	77.72094
1194	13.01203	77.70270
1195	13.01202	77.72088
1196	13.01199	77.72083
1197	13.01197	77.72077
1198	13.01196	77.70270
1199	13.01196	77.72071
1200	13.01190	77.70270
1201	13.01189	77.72069
1202	13.01184	77.72068
1203	13.01183	77.70270
1204	13.01178	77.72067
1205	13.01176	77.70270
1206	13.01171	77.72066
1207	13.01170	77.70269
1208	13.01164	77.72064
1209	13.01163	77.70269
1210	13.01157	77.72062
1211	13.01157	77.70268
1212	13.01152	77.72060
1213	13.01151	77.70268
1214	13.01147	77.72058
1215	13.01146	77.70268
1216	13.01140	77.70267
1217	13.01140	77.72056
1218	13.01135	77.70267
1219	13.01135	77.72055
1220	13.01129	77.72053
1221	13.01129	77.70267
1222	13.01123	77.72051
1223	13.01123	77.70267
1224	13.01117	77.72049
1225	13.01116	77.70267
1226	13.01111	77.72047
1227	13.01110	77.70266
1228	13.01105	77.70266
1229	13.01104	77.72044
1230	13.01098	77.70265
1231	13.01098	77.72042
1232	13.01093	77.70266
1233	13.01092	77.72040
1234	13.01087	77.70265
1235	13.01086	77.72037
1236	13.01080	77.72032
1237	13.01080	77.70265
1238	13.01075	77.72029
1239	13.01074	77.70265
1240	13.01069	77.72025
1241	13.01068	77.70265
1242	13.01063	77.72021
1243	13.01061	77.70265
1244	13.01059	77.70213
1245	13.01059	77.70208
1246	13.01058	77.72018
1247	13.01057	77.70202
1248	13.01057	77.70196
1249	13.01057	77.70218
1250	13.01057	77.70190
1251	13.01056	77.70265
1252	13.01055	77.70184
1253	13.01054	77.70178
1254	13.01054	77.70224
1255	13.01053	77.70172
1256	13.01052	77.72014
1257	13.01051	77.70167
1258	13.01050	77.70230
1259	13.01050	77.70265
1260	13.01050	77.70161
1261	13.01048	77.70156
1262	13.01047	77.70150
1263	13.01046	77.72009
1264	13.01046	77.70145
1265	13.01046	77.70236
1266	13.01044	77.70139
1267	13.01044	77.70265
1268	13.01043	77.70133
1269	13.01042	77.70241
1270	13.01041	77.70127
1271	13.01040	77.72008
1272	13.01039	77.70120
1273	13.01039	77.70247
1274	13.01038	77.70264
1275	13.01038	77.70115
1276	13.01037	77.70109
1277	13.01036	77.70253
1278	13.01035	77.70103
1279	13.01034	77.72006
1280	13.01033	77.70258
1281	13.01033	77.70097
1282	13.01032	77.70265
1283	13.01031	77.70091
1284	13.01029	77.70085
1285	13.01029	77.72004
1286	13.01028	77.70079
1287	13.01026	77.70073
1288	13.01024	77.70068
1289	13.01024	77.72003
1290	13.01022	77.70062
1291	13.01020	77.70056
1292	13.01018	77.72002
1293	13.01018	77.70051
1294	13.01017	77.70046
1295	13.01015	77.70040
1296	13.01013	77.70034
1297	13.01012	77.71999
1298	13.01012	77.70028
1299	13.01009	77.71970
1300	13.01009	77.71964
1301	13.01009	77.70022
1302	13.01009	77.71958
1303	13.01008	77.71976
1304	13.01008	77.71981
1305	13.01008	77.71952
1306	13.01008	77.71945
1307	13.01008	77.71987
1308	13.01008	77.71939
1309	13.01007	77.71934
1310	13.01007	77.71993
1311	13.01007	77.71928
1312	13.01006	77.70017
1313	13.01006	77.71923
1314	13.01004	77.70012
1315	13.01000	77.70005
1316	13.01000	77.71923
1317	13.00998	77.69999
1318	13.00994	77.69994
1319	13.00994	77.71923
1320	13.00992	77.69988
1321	13.00989	77.69983
1322	13.00988	77.71924
1323	13.00987	77.69977
1324	13.00983	77.69971
1325	13.00983	77.71924
1326	13.00979	77.69965
1327	13.00977	77.71925
1328	13.00977	77.69960
1329	13.00975	77.69955
1330	13.00973	77.69949
1331	13.00972	77.71926
1332	13.00970	77.69944
1333	13.00968	77.69939
1334	13.00967	77.71927
1335	13.00966	77.69933
1336	13.00963	77.69927
1337	13.00960	77.71928
1338	13.00960	77.69921
1339	13.00957	77.69916
1340	13.00955	77.71929
1341	13.00954	77.69910
1342	13.00953	77.69693
1343	13.00952	77.69688
1344	13.00952	77.69904
1345	13.00950	77.69781
1346	13.00949	77.69699
1347	13.00949	77.71929
1348	13.00948	77.69899
1349	13.00947	77.69787
1350	13.00946	77.69705
1351	13.00946	77.69683
1352	13.00946	77.69893
1353	13.00944	77.69793
1354	13.00944	77.69777
1355	13.00943	77.69710
1356	13.00943	77.71928
1357	13.00943	77.69888
1358	13.00941	77.69882
1359	13.00941	77.69799
1360	13.00941	77.69716
1361	13.00941	77.69680
1362	13.00938	77.69771
1363	13.00938	77.69877
1364	13.00938	77.69721
1365	13.00937	77.69804
1366	13.00937	77.71927
1367	13.00935	77.69727
1368	13.00935	77.69676
1369	13.00934	77.69871
1370	13.00933	77.69811
1371	13.00933	77.69767
1372	13.00932	77.69733
1373	13.00931	77.71926
1374	13.00930	77.69865
1375	13.00930	77.69817
1376	13.00929	77.69739
1377	13.00928	77.69673
1378	13.00927	77.69860
1379	13.00927	77.69761
1380	13.00927	77.69822
1381	13.00926	77.69745
1382	13.00926	77.69855
1383	13.00926	77.71926
1384	13.00924	77.69849
1385	13.00923	77.69752
1386	13.00923	77.69669
1387	13.00922	77.69844
1388	13.00922	77.69758
1389	13.00922	77.69827
1390	13.00920	77.71925
1391	13.00920	77.69839
1392	13.00918	77.69833
1393	13.00917	77.69664
1394	13.00914	77.71923
1395	13.00912	77.69660
1396	13.00908	77.71921
1397	13.00906	77.69657
1398	13.00902	77.71921
1399	13.00900	77.69653
1400	13.00896	77.71921
1401	13.00895	77.69649
1402	13.00890	77.71921
1403	13.00890	77.69644
1404	13.00884	77.69639
1405	13.00883	77.71920
1406	13.00878	77.69635
1407	13.00877	77.71920
1408	13.00873	77.69630
1409	13.00871	77.71919
1410	13.00867	77.69626
1411	13.00864	77.71918
1412	13.00861	77.69620
1413	13.00858	77.71917
1414	13.00856	77.69616
1415	13.00852	77.71916
1416	13.00850	77.69610
1417	13.00846	77.71915
1418	13.00846	77.69605
1419	13.00843	77.69599
1420	13.00841	77.69593
1421	13.00841	77.71913
1422	13.00838	77.69587
1423	13.00836	77.69579
1424	13.00834	77.71912
1425	13.00831	77.69585
1426	13.00828	77.71911
1427	13.00825	77.69590
1428	13.00823	77.69596
1429	13.00822	77.71909
1430	13.00820	77.69602
1431	13.00819	77.69607
1432	13.00818	77.69613
1433	13.00817	77.71907
1434	13.00816	77.69618
1435	13.00814	77.69624
1436	13.00813	77.69630
1437	13.00812	77.71906
1438	13.00811	77.69637
1439	13.00810	77.69643
1440	13.00808	77.69648
1441	13.00806	77.69654
1442	13.00806	77.71905
1443	13.00804	77.69660
1444	13.00803	77.69665
1445	13.00800	77.71905
1446	13.00800	77.69671
1447	13.00796	77.69677
1448	13.00794	77.71905
1449	13.00792	77.69683
1450	13.00789	77.69688
1451	13.00787	77.71903
1452	13.00785	77.69694
1453	13.00782	77.71903
1454	13.00782	77.69699
1455	13.00778	77.69705
1456	13.00777	77.71903
1457	13.00774	77.69710
1458	13.00771	77.69716
1459	13.00770	77.71902
1460	13.00766	77.69721
1461	13.00763	77.71902
1462	13.00763	77.69727
1463	13.00760	77.69732
1464	13.00758	77.69738
1465	13.00756	77.71902
1466	13.00754	77.69743
1467	13.00750	77.69749
1468	13.00750	77.71901
1469	13.00747	77.69754
1470	13.00743	77.71900
1471	13.00743	77.69760
1472	13.00739	77.69765
1473	13.00738	77.71898
1474	13.00736	77.69772
1475	13.00733	77.69777
1476	13.00732	77.71898
1477	13.00729	77.69783
1478	13.00726	77.69789
1479	13.00726	77.71897
1480	13.00723	77.69794
1481	13.00721	77.69800
1482	13.00720	77.71897
1483	13.00718	77.69806
1484	13.00715	77.69811
1485	13.00713	77.71897
1486	13.00713	77.69817
1487	13.00709	77.69823
1488	13.00708	77.71896
1489	13.00707	77.69829
1490	13.00703	77.69835
1491	13.00702	77.71895
1492	13.00700	77.69841
1493	13.00697	77.69846
1494	13.00695	77.71895
1495	13.00693	77.69852
1496	13.00690	77.69858
1497	13.00689	77.71895
1498	13.00686	77.69863
1499	13.00683	77.71895
1500	13.00681	77.69869
1501	13.00678	77.69874
1502	13.00677	77.71895
1503	13.00674	77.69880
1504	13.00671	77.69885
1505	13.00671	77.71895
1506	13.00668	77.69890
1507	13.00666	77.69897
1508	13.00665	77.71895
1509	13.00663	77.69902
1510	13.00660	77.69908
1511	13.00658	77.71895
1512	13.00657	77.69914
1513	13.00655	77.69919
1514	13.00653	77.69925
1515	13.00652	77.71894
1516	13.00651	77.69931
1517	13.00649	77.69937
1518	13.00647	77.69944
1519	13.00646	77.71894
1520	13.00645	77.69949
1521	13.00643	77.69955
1522	13.00641	77.69960
1523	13.00640	77.71893
1524	13.00639	77.69966
1525	13.00638	77.69971
1526	13.00636	77.69977
1527	13.00635	77.71892
1528	13.00634	77.69982
1529	13.00633	77.69988
1530	13.00631	77.69993
1531	13.00629	77.71892
1532	13.00628	77.70000
1533	13.00625	77.70006
1534	13.00624	77.71891
1535	13.00624	77.70011
1536	13.00620	77.70016
1537	13.00618	77.71891
1538	13.00615	77.70014
1539	13.00613	77.71890
1540	13.00608	77.70012
1541	13.00607	77.71889
1542	13.00602	77.70011
1543	13.00602	77.71889
1544	13.00596	77.70009
1545	13.00596	77.71888
1546	13.00591	77.70007
1547	13.00591	77.71887
1548	13.00586	77.70005
1549	13.00585	77.71887
1550	13.00579	77.70003
1551	13.00579	77.71886
1552	13.00574	77.70000
1553	13.00573	77.71886
1554	13.00568	77.69998
1555	13.00567	77.71884
1556	13.00563	77.69996
1557	13.00561	77.71882
1558	13.00557	77.69995
1559	13.00555	77.71881
1560	13.00551	77.69996
1561	13.00549	77.71879
1562	13.00545	77.69997
1563	13.00543	77.71877
1564	13.00540	77.69999
1565	13.00538	77.71876
1566	13.00534	77.70001
1567	13.00532	77.71874
1568	13.00528	77.70001
1569	13.00527	77.71872
1570	13.00522	77.70002
1571	13.00520	77.71870
1572	13.00515	77.70003
1573	13.00514	77.71869
1574	13.00510	77.70003
1575	13.00508	77.71867
1576	13.00505	77.70002
1577	13.00502	77.71865
1578	13.00500	77.70002
1579	13.00496	77.71864
1580	13.00494	77.70001
1581	13.00490	77.71862
1582	13.00488	77.70001
1583	13.00484	77.71861
1584	13.00482	77.70001
1585	13.00478	77.71858
1586	13.00476	77.70001
1587	13.00472	77.71855
1588	13.00469	77.70000
1589	13.00466	77.71853
1590	13.00465	77.71400
1591	13.00465	77.71393
1592	13.00465	77.71388
1593	13.00465	77.71382
1594	13.00464	77.71405
1595	13.00464	77.69999
1596	13.00464	77.71377
1597	13.00463	77.71412
1598	13.00463	77.71370
1599	13.00463	77.71365
1600	13.00463	77.71360
1601	13.00462	77.71418
1602	13.00462	77.71423
1603	13.00461	77.71354
1604	13.00461	77.71429
1605	13.00460	77.71348
1606	13.00460	77.71852
1607	13.00460	77.71341
1608	13.00460	77.71435
1609	13.00460	77.71335
1610	13.00459	77.71440
1611	13.00459	77.71330
1612	13.00459	77.69998
1613	13.00459	77.71446
1614	13.00458	77.71324
1615	13.00458	77.71451
1616	13.00457	77.71457
1617	13.00457	77.71318
1618	13.00457	77.71312
1619	13.00456	77.71463
1620	13.00456	77.71306
1621	13.00456	77.71469
1622	13.00456	77.71301
1623	13.00455	77.71850
1624	13.00455	77.71295
1625	13.00455	77.71475
1626	13.00454	77.71289
1627	13.00454	77.71283
1628	13.00453	77.71844
1629	13.00453	77.71481
1630	13.00453	77.71277
1631	13.00453	77.69997
1632	13.00453	77.71838
1633	13.00453	77.71488
1634	13.00452	77.71832
1635	13.00452	77.71826
1636	13.00452	77.71820
1637	13.00452	77.71272
1638	13.00452	77.71493
1639	13.00451	77.71499
1640	13.00451	77.71510
1641	13.00451	77.71504
1642	13.00451	77.71814
1643	13.00450	77.71516
1644	13.00450	77.71522
1645	13.00450	77.71808
1646	13.00449	77.71266
1647	13.00449	77.71784
1648	13.00449	77.71777
1649	13.00449	77.71772
1650	13.00449	77.71766
1651	13.00449	77.71714
1652	13.00449	77.71761
1653	13.00449	77.71738
1654	13.00449	77.71681
1655	13.00449	77.71676
1656	13.00449	77.71670
1657	13.00449	77.71665
1658	13.00449	77.71528
1659	13.00449	77.71802
1660	13.00449	77.71790
1661	13.00449	77.71743
1662	13.00449	77.71733
1663	13.00448	77.71709
1664	13.00448	77.71659
1665	13.00448	77.71648
1666	13.00448	77.71642
1667	13.00448	77.71636
1668	13.00448	77.71260
1669	13.00448	77.71254
1670	13.00448	77.71248
1671	13.00448	77.71225
1672	13.00448	77.71796
1673	13.00448	77.71755
1674	13.00448	77.71750
1675	13.00448	77.71726
1676	13.00448	77.71720
1677	13.00448	77.71704
1678	13.00448	77.71698
1679	13.00448	77.71687
1680	13.00448	77.71630
1681	13.00448	77.71533
1682	13.00448	77.71693
1683	13.00448	77.71654
1684	13.00448	77.71624
1685	13.00448	77.71539
1686	13.00448	77.71242
1687	13.00448	77.71236
1688	13.00448	77.71231
1689	13.00448	77.71602
1690	13.00448	77.71596
1691	13.00448	77.71590
1692	13.00448	77.71219
1693	13.00447	77.71619
1694	13.00447	77.71607
1695	13.00447	77.71613
1696	13.00447	77.71584
1697	13.00447	77.71545
1698	13.00447	77.71578
1699	13.00447	77.69996
1700	13.00447	77.71573
1701	13.00447	77.71556
1702	13.00447	77.71551
1703	13.00446	77.71567
1704	13.00446	77.71562
1705	13.00446	77.71214
1706	13.00446	77.71208
1707	13.00445	77.71203
1708	13.00445	77.71198
1709	13.00444	77.71192
1710	13.00443	77.71187
1711	13.00442	77.71181
1712	13.00441	77.71176
1713	13.00440	77.69996
1714	13.00439	77.71169
1715	13.00439	77.71163
1716	13.00438	77.71158
1717	13.00438	77.71153
1718	13.00437	77.71147
1719	13.00437	77.71141
1720	13.00436	77.71136
1721	13.00435	77.71130
1722	13.00435	77.69995
1723	13.00434	77.71124
1724	13.00432	77.71118
1725	13.00432	77.71112
1726	13.00432	77.71106
1727	13.00432	77.71100
1728	13.00432	77.71083
1729	13.00431	77.71078
1730	13.00431	77.71073
1731	13.00431	77.71067
1732	13.00431	77.71061
1733	13.00431	77.71094
1734	13.00431	77.71089
1735	13.00431	77.71055
1736	13.00431	77.71050
1737	13.00431	77.71045
1738	13.00431	77.71040
1739	13.00431	77.71034
1740	13.00431	77.71028
1741	13.00430	77.71022
1742	13.00430	77.71015
1743	13.00430	77.71010
1744	13.00430	77.71004
1745	13.00429	77.69994
1746	13.00429	77.70954
1747	13.00428	77.70998
1748	13.00428	77.70966
1749	13.00428	77.70960
1750	13.00428	77.70948
1751	13.00428	77.70943
1752	13.00428	77.70937
1753	13.00428	77.70932
1754	13.00428	77.70927
1755	13.00428	77.70921
1756	13.00428	77.70915
1757	13.00428	77.70720
1758	13.00428	77.70909
1759	13.00428	77.70904
1760	13.00428	77.70899
1761	13.00428	77.70893
1762	13.00428	77.70726
1763	13.00427	77.70993
1764	13.00427	77.70888
1765	13.00427	77.70882
1766	13.00427	77.70988
1767	13.00427	77.70982
1768	13.00427	77.70977
1769	13.00427	77.70971
1770	13.00427	77.70732
1771	13.00427	77.70876
1772	13.00427	77.70738
1773	13.00426	77.70870
1774	13.00426	77.70865
1775	13.00426	77.70743
1776	13.00425	77.70859
1777	13.00425	77.70749
1778	13.00425	77.70854
1779	13.00424	77.70847
1780	13.00424	77.70771
1781	13.00424	77.70754
1782	13.00424	77.70842
1783	13.00424	77.70837
1784	13.00424	77.70789
1785	13.00424	77.70783
1786	13.00424	77.70777
1787	13.00424	77.70765
1788	13.00424	77.70759
1789	13.00424	77.69994
1790	13.00423	77.70795
1791	13.00423	77.70801
1792	13.00423	77.70812
1793	13.00423	77.70807
1794	13.00422	77.70830
1795	13.00422	77.70819
1796	13.00422	77.70824
1797	13.00421	77.70719
1798	13.00418	77.69993
1799	13.00416	77.70719
1800	13.00412	77.69992
1801	13.00410	77.70718
1802	13.00407	77.69992
1803	13.00403	77.70717
1804	13.00401	77.69991
1805	13.00398	77.70717
1806	13.00395	77.69990
1807	13.00392	77.70716
1808	13.00389	77.69989
1809	13.00384	77.70715
1810	13.00382	77.69988
1811	13.00378	77.70715
1812	13.00375	77.69987
1813	13.00371	77.70714
1814	13.00370	77.69985
1815	13.00364	77.70713
1816	13.00363	77.69983
1817	13.00357	77.70712
1818	13.00357	77.69982
1819	13.00351	77.70711
1820	13.00350	77.69980
1821	13.00345	77.70710
1822	13.00344	77.69978
1823	13.00340	77.70709
1824	13.00339	77.69978
1825	13.00334	77.70708
1826	13.00333	77.69978
1827	13.00328	77.69977
1828	13.00328	77.70707
1829	13.00323	77.70705
1830	13.00322	77.69977
1831	13.00317	77.70704
1832	13.00317	77.69976
1833	13.00311	77.70704
1834	13.00311	77.69976
1835	13.00306	77.70702
1836	13.00305	77.69975
1837	13.00300	77.69975
1838	13.00300	77.70700
1839	13.00295	77.69974
1840	13.00294	77.70699
1841	13.00289	77.69974
1842	13.00288	77.70699
1843	13.00282	77.69973
1844	13.00282	77.70697
1845	13.00277	77.70696
1846	13.00277	77.69972
1847	13.00271	77.70694
1848	13.00271	77.69971
1849	13.00266	77.70692
1850	13.00264	77.69971
1851	13.00261	77.70690
1852	13.00258	77.69970
1853	13.00254	77.70688
1854	13.00252	77.69968
1855	13.00249	77.70686
1856	13.00245	77.69968
1857	13.00242	77.70683
1858	13.00240	77.69968
1859	13.00237	77.70680
1860	13.00235	77.69967
1861	13.00231	77.70675
1862	13.00229	77.69966
1863	13.00226	77.70672
1864	13.00223	77.69966
1865	13.00221	77.70668
1866	13.00217	77.69965
1867	13.00215	77.70665
1868	13.00212	77.69964
1869	13.00210	77.70662
1870	13.00206	77.69963
1871	13.00204	77.70659
1872	13.00200	77.69963
1873	13.00198	77.70656
1874	13.00194	77.69962
1875	13.00192	77.70653
1876	13.00188	77.69961
1877	13.00185	77.70651
1878	13.00182	77.69960
1879	13.00180	77.70650
1880	13.00175	77.69958
1881	13.00174	77.70650
1882	13.00170	77.69956
1883	13.00168	77.70648
1884	13.00163	77.69955
1885	13.00162	77.70646
1886	13.00157	77.69954
1887	13.00156	77.70645
1888	13.00151	77.70643
1889	13.00151	77.69954
1890	13.00145	77.70642
1891	13.00144	77.69952
1892	13.00138	77.69951
1893	13.00138	77.70641
1894	13.00133	77.69949
1895	13.00133	77.70640
1896	13.00127	77.69948
1897	13.00127	77.70639
1898	13.00121	77.70638
1899	13.00121	77.69946
1900	13.00116	77.70637
1901	13.00115	77.69945
1902	13.00111	77.70635
1903	13.00110	77.69944
1904	13.00105	77.70634
1905	13.00105	77.69942
1906	13.00099	77.69941
1907	13.00098	77.70633
1908	13.00092	77.69939
1909	13.00092	77.70632
1910	13.00086	77.69938
1911	13.00085	77.70632
1912	13.00081	77.69937
1913	13.00080	77.70632
1914	13.00074	77.69937
1915	13.00074	77.70632
1916	13.00069	77.69937
1917	13.00068	77.70632
1918	13.00063	77.69937
1919	13.00061	77.70631
1920	13.00058	77.69937
1921	13.00056	77.70631
1922	13.00052	77.69936
1923	13.00051	77.70630
1924	13.00046	77.69937
1925	13.00044	77.70630
1926	13.00041	77.69937
1927	13.00038	77.70629
1928	13.00035	77.69936
1929	13.00032	77.70628
1930	13.00029	77.69936
1931	13.00027	77.70626
1932	13.00024	77.69934
1933	13.00020	77.70626
1934	13.00018	77.69934
1935	13.00014	77.70626
1936	13.00011	77.69934
1937	13.00008	77.70626
1938	13.00006	77.69933
1939	13.00002	77.70626
1940	12.99999	77.69932
1941	12.99996	77.70625
1942	12.99993	77.69932
1943	12.99991	77.70625
1944	12.99986	77.69931
1945	12.99985	77.70625
1946	12.99980	77.69937
1947	12.99980	77.69932
1948	12.99980	77.69944
1949	12.99980	77.70625
1950	12.99979	77.69950
1951	12.99977	77.70024
1952	12.99977	77.70018
1953	12.99977	77.69957
1954	12.99977	77.70029
1955	12.99977	77.69968
1956	12.99977	77.69963
1957	12.99977	77.70012
1958	12.99977	77.70006
1959	12.99977	77.69978
1960	12.99977	77.69973
1961	12.99976	77.70035
1962	12.99976	77.70000
1963	12.99976	77.69995
1964	12.99976	77.69989
1965	12.99976	77.69983
1966	12.99976	77.70040
1967	12.99975	77.70058
1968	12.99975	77.70052
1969	12.99975	77.70046
1970	12.99974	77.70065
1971	12.99974	77.70070
1972	12.99974	77.70624
1973	12.99973	77.70076
1974	12.99973	77.70113
1975	12.99973	77.70108
1976	12.99973	77.70103
1977	12.99973	77.70097
1978	12.99973	77.70092
1979	12.99973	77.70086
1980	12.99973	77.70081
1981	12.99972	77.70119
1982	12.99972	77.70124
1983	12.99971	77.70200
1984	12.99971	77.70195
1985	12.99971	77.70190
1986	12.99971	77.70183
1987	12.99971	77.70176
1988	12.99971	77.70131
1989	12.99971	77.70171
1990	12.99971	77.70165
1991	12.99971	77.70159
1992	12.99971	77.70206
1993	12.99971	77.70153
1994	12.99970	77.70148
1995	12.99970	77.70136
1996	12.99970	77.70142
1997	12.99970	77.70212
1998	12.99969	77.70217
1999	12.99969	77.70222
2000	12.99969	77.70624
2001	12.99968	77.70228
2002	12.99967	77.70233
2003	12.99967	77.70274
2004	12.99967	77.70269
2005	12.99967	77.70238
2006	12.99967	77.70287
2007	12.99967	77.70281
2008	12.99967	77.70263
2009	12.99967	77.70257
2010	12.99967	77.70250
2011	12.99967	77.70244
2012	12.99965	77.70292
2013	12.99964	77.70297
2014	12.99963	77.70303
2015	12.99962	77.70624
2016	12.99962	77.70310
2017	12.99961	77.70327
2018	12.99961	77.70322
2019	12.99961	77.70316
2020	12.99961	77.70333
2021	12.99960	77.70338
2022	12.99960	77.70366
2023	12.99960	77.70360
2024	12.99960	77.70353
2025	12.99960	77.70348
2026	12.99960	77.70343
2027	12.99959	77.70371
2028	12.99959	77.70377
2029	12.99958	77.70384
2030	12.99958	77.70406
2031	12.99958	77.70400
2032	12.99958	77.70395
2033	12.99958	77.70389
2034	12.99958	77.70413
2035	12.99957	77.70420
2036	12.99957	77.70425
2037	12.99956	77.70430
2038	12.99956	77.70442
2039	12.99956	77.70435
2040	12.99956	77.70447
2041	12.99955	77.70454
2042	12.99955	77.70623
2043	12.99954	77.70459
2044	12.99953	77.70465
2045	12.99951	77.70471
2046	12.99950	77.70476
2047	12.99949	77.70623
2048	12.99948	77.70481
2049	12.99947	77.70488
2050	12.99945	77.70494
2051	12.99944	77.70499
2052	12.99943	77.70504
2053	12.99943	77.70510
2054	12.99943	77.70516
2055	12.99943	77.70623
2056	12.99943	77.70521
2057	12.99943	77.70526
2058	12.99943	77.70532
2059	12.99942	77.70537
2060	12.99941	77.70543
2061	12.99941	77.70548
2062	12.99940	77.70555
2063	12.99939	77.70560
2064	12.99938	77.70565
2065	12.99938	77.70572
2066	12.99937	77.70578
2067	12.99937	77.70624
2068	12.99936	77.70583
2069	12.99935	77.70589
2070	12.99934	77.70595
2071	12.99932	77.70601
2072	12.99932	77.70606
2073	12.99931	77.70624
2074	12.99931	77.70611
2075	12.99930	77.70617
