Rank	Latitude	Longitude
1	12.98352	77.73762
2	12.98352	77.73767
3	12.98352	77.73680
4	12.98352	77.73674
5	12.98352	77.73668
6	12.98352	77.73662
7	12.98352	77.73657
8	12.98353	77.73756
9	12.98353	77.73772
10	12.98353	77.73750
11	12.98353	77.73553
12	12.98353	77.73547
13	12.98353	77.73744
14	12.98353	77.73709
15	12.98353	77.73703
16	12.98353	77.73697
17	12.98353	77.73691
18	12.98353	77.73685
19	12.98353	77.73651
20	12.98353	77.73559
21	12.98354	77.73848
22	12.98354	77.73843
23	12.98354	77.73837
24	12.98354	77.73739
25	12.98354	77.73733
26	12.98354	77.73727
27	12.98354	77.73721
28	12.98354	77.73715
29	12.98354	77.73646
30	12.98354	77.73640
31	12.98354	77.73542
32	12.98354	77.73536
33	12.98354	77.73901
34	12.98354	77.73634
35	12.98354	77.73895
36	12.98354	77.73778
37	12.98354	77.73582
38	12.98354	77.73577
39	12.98354	77.73906
40	12.98354	77.73854
41	12.98354	77.73628
42	12.98354	77.73622
43	12.98354	77.73616
44	12.98354	77.73611
45	12.98354	77.73605
46	12.98354	77.73565
47	12.98354	77.73531
48	12.98354	77.73525
49	12.98354	77.73520
50	12.98355	77.73889
51	12.98355	77.73808
52	12.98355	77.73801
53	12.98355	77.73796
54	12.98355	77.73790
55	12.98355	77.73784
56	12.98355	77.73571
57	12.98355	77.73513
58	12.98355	77.73507
59	12.98355	77.73588
60	12.98355	77.73883
61	12.98355	77.73878
62	12.98355	77.73872
63	12.98355	77.73867
64	12.98355	77.73861
65	12.98355	77.73830
66	12.98355	77.73501
67	12.98355	77.73825
68	12.98355	77.73819
69	12.98355	77.73814
70	12.98356	77.73599
71	12.98356	77.73594
72	12.98356	77.73911
73	12.98356	77.73496
74	12.98357	77.73918
75	12.98358	77.73924
76	12.98359	77.73929
77	12.98360	77.73940
78	12.98360	77.73935
79	12.98360	77.73946
80	12.98360	77.73957
81	12.98360	77.73951
82	12.98360	77.73489
83	12.98361	77.73968
84	12.98361	77.73963
85	12.98361	77.73974
86	12.98362	77.73980
87	12.98364	77.73986
88	12.98364	77.73991
89	12.98366	77.73489
90	12.98370	77.73992
91	12.98372	77.73489
92	12.98376	77.73991
93	12.98377	77.73489
94	12.98382	77.73991
95	12.98383	77.73489
96	12.98388	77.73992
97	12.98389	77.73488
98	12.98394	77.73488
99	12.98394	77.73992
100	12.98399	77.73992
101	12.98400	77.73487
102	12.98405	77.73487
103	12.98406	77.73991
104	12.98411	77.73991
105	12.98411	77.73486
106	12.98416	77.73466
107	12.98416	77.73461
108	12.98416	77.73471
109	12.98417	77.73455
110	12.98417	77.73477
111	12.98417	77.73991
112	12.98417	77.73484
113	12.98417	77.73450
114	12.98418	77.73421
115	12.98418	77.73416
116	12.98418	77.73411
117	12.98418	77.73406
118	12.98418	77.73445
119	12.98418	77.73439
120	12.98418	77.73434
121	12.98418	77.73428
122	12.98420	77.73399
123	12.98420	77.73394
124	12.98421	77.73389
125	12.98421	77.73382
126	12.98421	77.73377
127	12.98423	77.73372
128	12.98423	77.73991
129	12.98424	77.73366
130	12.98429	77.73991
131	12.98430	77.73362
132	12.98434	77.73356
133	12.98435	77.73991
134	12.98439	77.73351
135	12.98440	77.73991
136	12.98445	77.73347
137	12.98446	77.73991
138	12.98451	77.73991
139	12.98452	77.73344
140	12.98457	77.73990
141	12.98458	77.73341
142	12.98463	77.73989
143	12.98464	77.73338
144	12.98469	77.73989
145	12.98471	77.73335
146	12.98474	77.73989
147	12.98477	77.73331
148	12.98480	77.73989
149	12.98482	77.73327
150	12.98486	77.73988
151	12.98488	77.73321
152	12.98492	77.73988
153	12.98494	77.73315
154	12.98498	77.73992
155	12.98499	77.73311
156	12.98504	77.73997
157	12.98505	77.73306
158	12.98507	77.74002
159	12.98510	77.74009
160	12.98511	77.73302
161	12.98512	77.74015
162	12.98516	77.74021
163	12.98518	77.73300
164	12.98518	77.74026
165	12.98521	77.74032
166	12.98523	77.73299
167	12.98524	77.74038
168	12.98526	77.74044
169	12.98527	77.74049
170	12.98530	77.74055
171	12.98530	77.73298
172	12.98531	77.74060
173	12.98532	77.74066
174	12.98535	77.74071
175	12.98536	77.74077
176	12.98536	77.73297
177	12.98537	77.74082
178	12.98540	77.74087
179	12.98542	77.74093
180	12.98542	77.73297
181	12.98545	77.74099
182	12.98548	77.74105
183	12.98549	77.73296
184	12.98551	77.74111
185	12.98554	77.73295
186	12.98554	77.74117
187	12.98557	77.74122
188	12.98560	77.73295
189	12.98560	77.74128
190	12.98563	77.74133
191	12.98566	77.73294
192	12.98566	77.74139
193	12.98569	77.74144
194	12.98572	77.73294
195	12.98573	77.74150
196	12.98576	77.74155
197	12.98578	77.74160
198	12.98579	77.73294
199	12.98581	77.74166
200	12.98584	77.74172
201	12.98585	77.73294
202	12.98586	77.74177
203	12.98588	77.74183
204	12.98591	77.74189
205	12.98592	77.73293
206	12.98596	77.74194
207	12.98597	77.73292
208	12.98601	77.74189
209	12.98603	77.74183
210	12.98603	77.73291
211	12.98604	77.74177
212	12.98606	77.74172
213	12.98608	77.74165
214	12.98609	77.73290
215	12.98610	77.74159
216	12.98612	77.74153
217	12.98614	77.74147
218	12.98616	77.74141
219	12.98616	77.73289
220	12.98617	77.74135
221	12.98617	77.74092
222	12.98617	77.74086
223	12.98617	77.74080
224	12.98617	77.74075
225	12.98618	77.74099
226	12.98618	77.74069
227	12.98618	77.74052
228	12.98618	77.74046
229	12.98618	77.74041
230	12.98618	77.74129
231	12.98618	77.74063
232	12.98618	77.74057
233	12.98618	77.74034
234	12.98618	77.74028
235	12.98618	77.74022
236	12.98618	77.74016
237	12.98618	77.74011
238	12.98618	77.74005
239	12.98618	77.73998
240	12.98618	77.73992
241	12.98618	77.73987
242	12.98618	77.74104
243	12.98618	77.73980
244	12.98619	77.73857
245	12.98619	77.73851
246	12.98619	77.73844
247	12.98619	77.73839
248	12.98619	77.73833
249	12.98619	77.73827
250	12.98619	77.73821
251	12.98619	77.73816
252	12.98619	77.73811
253	12.98619	77.73804
254	12.98619	77.73798
255	12.98619	77.73793
256	12.98619	77.73787
257	12.98619	77.73781
258	12.98619	77.73975
259	12.98619	77.74123
260	12.98619	77.74116
261	12.98619	77.74110
262	12.98619	77.73970
263	12.98619	77.73862
264	12.98619	77.73964
265	12.98619	77.73867
266	12.98619	77.73775
267	12.98620	77.73873
268	12.98620	77.73958
269	12.98620	77.73953
270	12.98620	77.73947
271	12.98620	77.73769
272	12.98621	77.73941
273	12.98621	77.73722
274	12.98621	77.73716
275	12.98621	77.73878
276	12.98621	77.73728
277	12.98621	77.73935
278	12.98621	77.73711
279	12.98621	77.73289
280	12.98621	77.73930
281	12.98621	77.73924
282	12.98621	77.73919
283	12.98621	77.73912
284	12.98621	77.73884
285	12.98622	77.73705
286	12.98622	77.73907
287	12.98622	77.73700
288	12.98622	77.73890
289	12.98622	77.73763
290	12.98622	77.73733
291	12.98622	77.73694
292	12.98622	77.73901
293	12.98622	77.73895
294	12.98623	77.73756
295	12.98623	77.73738
296	12.98623	77.73688
297	12.98623	77.73750
298	12.98623	77.73745
299	12.98624	77.73681
300	12.98624	77.73676
301	12.98625	77.73670
302	12.98625	77.73665
303	12.98626	77.73660
304	12.98626	77.73654
305	12.98626	77.73649
306	12.98626	77.73644
307	12.98626	77.73289
308	12.98627	77.73639
309	12.98628	77.73634
310	12.98628	77.73628
311	12.98629	77.73622
312	12.98630	77.73617
313	12.98632	77.73611
314	12.98632	77.73289
315	12.98633	77.73605
316	12.98634	77.73600
317	12.98634	77.73594
318	12.98635	77.73589
319	12.98635	77.73583
320	12.98636	77.73577
321	12.98638	77.73570
322	12.98638	77.73289
323	12.98638	77.73564
324	12.98640	77.73558
325	12.98642	77.73552
326	12.98642	77.73547
327	12.98643	77.73541
328	12.98643	77.73289
329	12.98645	77.73535
330	12.98647	77.73528
331	12.98647	77.73523
332	12.98648	77.73518
333	12.98649	77.73512
334	12.98649	77.73506
335	12.98649	77.73500
336	12.98649	77.73494
337	12.98649	77.73488
338	12.98649	77.73288
339	12.98655	77.73485
340	12.98656	77.73288
341	12.98661	77.73483
342	12.98661	77.73288
343	12.98666	77.73482
344	12.98668	77.73288
345	12.98672	77.73481
346	12.98674	77.73289
347	12.98678	77.73481
348	12.98679	77.73289
349	12.98684	77.73480
350	12.98685	77.73290
351	12.98685	77.73284
352	12.98685	77.73277
353	12.98685	77.73272
354	12.98686	77.73266
355	12.98687	77.73260
356	12.98688	77.73255
357	12.98689	77.73249
358	12.98690	77.73479
359	12.98690	77.73243
360	12.98691	77.73237
361	12.98692	77.73232
362	12.98692	77.73226
363	12.98693	77.73220
364	12.98694	77.73215
365	12.98695	77.73209
366	12.98696	77.73478
367	12.98696	77.73203
368	12.98698	77.73197
369	12.98700	77.73192
370	12.98701	77.73187
371	12.98702	77.73477
372	12.98703	77.73181
373	12.98704	77.73175
374	12.98706	77.73170
375	12.98707	77.73164
376	12.98708	77.73158
377	12.98709	77.73150
378	12.98709	77.73476
379	12.98710	77.73145
380	12.98710	77.73138
381	12.98711	77.73133
382	12.98712	77.73126
383	12.98713	77.73121
384	12.98713	77.73115
385	12.98714	77.73109
386	12.98714	77.73103
387	12.98714	77.73097
388	12.98714	77.73091
389	12.98714	77.73474
390	12.98715	77.73086
391	12.98716	77.73079
392	12.98717	77.73074
393	12.98717	77.73069
394	12.98718	77.73063
395	12.98719	77.73058
396	12.98720	77.73051
397	12.98720	77.73472
398	12.98721	77.73045
399	12.98723	77.73039
400	12.98723	77.73033
401	12.98724	77.73027
402	12.98725	77.73020
403	12.98726	77.73471
404	12.98727	77.73014
405	12.98728	77.73009
406	12.98729	77.73004
407	12.98730	77.72999
408	12.98731	77.72993
409	12.98731	77.73471
410	12.98732	77.72987
411	12.98733	77.72981
412	12.98734	77.72975
413	12.98735	77.72970
414	12.98736	77.72965
415	12.98737	77.73470
416	12.98738	77.72959
417	12.98739	77.72954
418	12.98740	77.72947
419	12.98743	77.72940
420	12.98743	77.73469
421	12.98744	77.72935
422	12.98745	77.72929
423	12.98747	77.72923
424	12.98748	77.72917
425	12.98749	77.72911
426	12.98750	77.73468
427	12.98750	77.72905
428	12.98751	77.72899
429	12.98752	77.72894
430	12.98753	77.72888
431	12.98755	77.72882
432	12.98755	77.73467
433	12.98757	77.72877
434	12.98758	77.72871
435	12.98760	77.72864
436	12.98761	77.73465
437	12.98762	77.72858
438	12.98763	77.72853
439	12.98764	77.72846
440	12.98765	77.72840
441	12.98766	77.72833
442	12.98766	77.73463
443	12.98767	77.72828
444	12.98768	77.72822
445	12.98769	77.72816
446	12.98770	77.72810
447	12.98772	77.72803
448	12.98773	77.73462
449	12.98773	77.72798
450	12.98775	77.72792
451	12.98777	77.72786
452	12.98778	77.73461
453	12.98778	77.72780
454	12.98781	77.72773
455	12.98783	77.72768
456	12.98783	77.73459
457	12.98784	77.72762
458	12.98786	77.72757
459	12.98787	77.72751
460	12.98789	77.73457
461	12.98789	77.72746
462	12.98791	77.72741
463	12.98794	77.72735
464	12.98794	77.73456
465	12.98796	77.72729
466	12.98799	77.72723
467	12.98800	77.73455
468	12.98803	77.72718
469	12.98806	77.72713
470	12.98806	77.73454
471	12.98809	77.72707
472	12.98812	77.73453
473	12.98813	77.72702
474	12.98816	77.72696
475	12.98818	77.73452
476	12.98819	77.72690
477	12.98824	77.72684
478	12.98824	77.73452
479	12.98826	77.72678
480	12.98829	77.72673
481	12.98831	77.73451
482	12.98833	77.72666
483	12.98836	77.72661
484	12.98837	77.73450
485	12.98839	77.72656
486	12.98842	77.72650
487	12.98843	77.73450
488	12.98845	77.72644
489	12.98848	77.72637
490	12.98849	77.73449
491	12.98850	77.72631
492	12.98852	77.72624
493	12.98854	77.72619
494	12.98855	77.73448
495	12.98856	77.72613
496	12.98858	77.72607
497	12.98861	77.73448
498	12.98861	77.72601
499	12.98864	77.72595
500	12.98867	77.72589
501	12.98867	77.73446
502	12.98870	77.72583
503	12.98872	77.72578
504	12.98872	77.73445
505	12.98874	77.72573
506	12.98876	77.72567
507	12.98877	77.72560
508	12.98879	77.72555
509	12.98879	77.73445
510	12.98879	77.72550
511	12.98880	77.72544
512	12.98881	77.72538
513	12.98882	77.72532
514	12.98883	77.71487
515	12.98884	77.72525
516	12.98884	77.71482
517	12.98885	77.72520
518	12.98885	77.73444
519	12.98886	77.71477
520	12.98887	77.72513
521	12.98887	77.71493
522	12.98888	77.71472
523	12.98889	77.72507
524	12.98891	77.73443
525	12.98891	77.71499
526	12.98891	77.72501
527	12.98891	77.71466
528	12.98893	77.72496
529	12.98893	77.71460
530	12.98894	77.71455
531	12.98894	77.72490
532	12.98894	77.71504
533	12.98895	77.71448
534	12.98895	77.71442
535	12.98896	77.72484
536	12.98896	77.71437
537	12.98897	77.73442
538	12.98898	77.71510
539	12.98898	77.72478
540	12.98898	77.71431
541	12.98900	77.71516
542	12.98900	77.71426
543	12.98901	77.72472
544	12.98902	77.71419
545	12.98903	77.72465
546	12.98903	77.73442
547	12.98904	77.71414
548	12.98904	77.71522
549	12.98904	77.72460
550	12.98905	77.71408
551	12.98906	77.72454
552	12.98906	77.71403
553	12.98906	77.71397
554	12.98907	77.72448
555	12.98907	77.71528
556	12.98908	77.71392
557	12.98908	77.72443
558	12.98909	77.73440
559	12.98909	77.71386
560	12.98910	77.72436
561	12.98911	77.71380
562	12.98911	77.71533
563	12.98912	77.72429
564	12.98912	77.71374
565	12.98913	77.72424
566	12.98913	77.71368
567	12.98914	77.71362
568	12.98915	77.71357
569	12.98915	77.72418
570	12.98915	77.73439
571	12.98916	77.71352
572	12.98916	77.71539
573	12.98917	77.72412
574	12.98918	77.71346
575	12.98918	77.72407
576	12.98920	77.71340
577	12.98920	77.72401
578	12.98921	77.73439
579	12.98921	77.71334
580	12.98921	77.71329
581	12.98922	77.72395
582	12.98922	77.71543
583	12.98923	77.71323
584	12.98924	77.72388
585	12.98924	77.71318
586	12.98925	77.71312
587	12.98925	77.72382
588	12.98926	77.71307
589	12.98927	77.73439
590	12.98927	77.71301
591	12.98927	77.72376
592	12.98928	77.71548
593	12.98928	77.71295
594	12.98929	77.72371
595	12.98930	77.71290
596	12.98931	77.72364
597	12.98931	77.71285
598	12.98932	77.73437
599	12.98932	77.71279
600	12.98933	77.71555
601	12.98934	77.72358
602	12.98936	77.72352
603	12.98936	77.71274
604	12.98937	77.73436
605	12.98937	77.71560
606	12.98939	77.72346
607	12.98941	77.71565
608	12.98941	77.72341
609	12.98942	77.71274
610	12.98944	77.72336
611	12.98944	77.73434
612	12.98946	77.71570
613	12.98947	77.72329
614	12.98948	77.71275
615	12.98949	77.73433
616	12.98951	77.72324
617	12.98952	77.71576
618	12.98954	77.72318
619	12.98954	77.71277
620	12.98956	77.73433
621	12.98957	77.72312
622	12.98958	77.71581
623	12.98959	77.72307
624	12.98960	77.71278
625	12.98961	77.72301
626	12.98962	77.73432
627	12.98964	77.72295
628	12.98964	77.71586
629	12.98965	77.71278
630	12.98966	77.72289
631	12.98966	77.71591
632	12.98969	77.73431
633	12.98969	77.72284
634	12.98970	77.71597
635	12.98971	77.71279
636	12.98971	77.72279
637	12.98972	77.71602
638	12.98974	77.72274
639	12.98975	77.73430
640	12.98976	77.71608
641	12.98977	77.71278
642	12.98979	77.72267
643	12.98980	77.71614
644	12.98981	77.73428
645	12.98983	77.72262
646	12.98983	77.71278
647	12.98985	77.71619
648	12.98986	77.72256
649	12.98987	77.73427
650	12.98988	77.71277
651	12.98989	77.71624
652	12.98989	77.72251
653	12.98992	77.72246
654	12.98992	77.73426
655	12.98994	77.71276
656	12.98995	77.72240
657	12.98995	77.71629
658	12.98998	77.72234
659	12.98998	77.73424
660	12.98999	77.71277
661	12.99001	77.71634
662	12.99001	77.72228
663	12.99004	77.73424
664	12.99004	77.72223
665	12.99004	77.71277
666	12.99006	77.71640
667	12.99006	77.72218
668	12.99009	77.72212
669	12.99010	77.73423
670	12.99010	77.71277
671	12.99011	77.71645
672	12.99012	77.72206
673	12.99015	77.71650
674	12.99015	77.72200
675	12.99016	77.71277
676	12.99016	77.73423
677	12.99018	77.72195
678	12.99019	77.71656
679	12.99021	77.72190
680	12.99022	77.73422
681	12.99024	77.71278
682	12.99024	77.72185
683	12.99024	77.71662
684	12.99027	77.72178
685	12.99027	77.73421
686	12.99029	77.71279
687	12.99030	77.71667
688	12.99030	77.72173
689	12.99033	77.73420
690	12.99033	77.72167
691	12.99035	77.71280
692	12.99035	77.71672
693	12.99036	77.72161
694	12.99040	77.72155
695	12.99040	77.73420
696	12.99040	77.71280
697	12.99041	77.71676
698	12.99042	77.72149
699	12.99045	77.73420
700	12.99046	77.72143
701	12.99046	77.71281
702	12.99047	77.71681
703	12.99050	77.72138
704	12.99050	77.73419
705	12.99052	77.71283
706	12.99053	77.71686
707	12.99054	77.72132
708	12.99056	77.73418
709	12.99057	77.72126
710	12.99058	77.71690
711	12.99058	77.71284
712	12.99060	77.72121
713	12.99061	77.72115
714	12.99063	77.73416
715	12.99063	77.71284
716	12.99064	77.72109
717	12.99064	77.71695
718	12.99067	77.72103
719	12.99069	77.71284
720	12.99069	77.73416
721	12.99069	77.71700
722	12.99070	77.72098
723	12.99072	77.72092
724	12.99074	77.72087
725	12.99074	77.71706
726	12.99075	77.71284
727	12.99075	77.72081
728	12.99076	77.73414
729	12.99076	77.72076
730	12.99077	77.71712
731	12.99078	77.72070
732	12.99078	77.72064
733	12.99079	77.72059
734	12.99079	77.72054
735	12.99079	77.72047
736	12.99079	77.72041
737	12.99080	77.72035
738	12.99080	77.71718
739	12.99081	77.72030
740	12.99082	77.71724
741	12.99082	77.73413
742	12.99082	77.71285
743	12.99082	77.72023
744	12.99083	77.72018
745	12.99083	77.72012
746	12.99083	77.72007
747	12.99083	77.71730
748	12.99083	77.72000
749	12.99083	77.71840
750	12.99083	77.71834
751	12.99083	77.71828
752	12.99084	77.71846
753	12.99084	77.71823
754	12.99084	77.71817
755	12.99084	77.71995
756	12.99084	77.71955
757	12.99084	77.71949
758	12.99084	77.71943
759	12.99084	77.71851
760	12.99085	77.71990
761	12.99085	77.71961
762	12.99085	77.71812
763	12.99085	77.71937
764	12.99085	77.71931
765	12.99085	77.71925
766	12.99085	77.71967
767	12.99085	77.71858
768	12.99085	77.71805
769	12.99085	77.71985
770	12.99085	77.71979
771	12.99085	77.71973
772	12.99085	77.71919
773	12.99086	77.71868
774	12.99086	77.71863
775	12.99086	77.71800
776	12.99086	77.71735
777	12.99086	77.71913
778	12.99086	77.71874
779	12.99087	77.71907
780	12.99087	77.71902
781	12.99087	77.71879
782	12.99087	77.71794
783	12.99087	77.71896
784	12.99087	77.71890
785	12.99087	77.71885
786	12.99087	77.71742
787	12.99087	77.73412
788	12.99087	77.71789
789	12.99087	77.71753
790	12.99088	77.71783
791	12.99088	77.71759
792	12.99088	77.71748
793	12.99088	77.71776
794	12.99088	77.71771
795	12.99088	77.71765
796	12.99089	77.71286
797	12.99094	77.73411
798	12.99096	77.71286
799	12.99100	77.73411
800	12.99101	77.71287
801	12.99105	77.73410
802	12.99107	77.71288
803	12.99111	77.73409
804	12.99113	77.71288
805	12.99116	77.73409
806	12.99120	77.71288
807	12.99122	77.73408
808	12.99125	77.71284
809	12.99126	77.71278
810	12.99127	77.73407
811	12.99127	77.71271
812	12.99129	77.71265
813	12.99131	77.71258
814	12.99132	77.71253
815	12.99132	77.73406
816	12.99134	77.71247
817	12.99136	77.71242
818	12.99137	77.71237
819	12.99138	77.73404
820	12.99138	77.71231
821	12.99138	77.71226
822	12.99140	77.71221
823	12.99140	77.71215
824	12.99141	77.71210
825	12.99141	77.71205
826	12.99142	77.71199
827	12.99143	77.71194
828	12.99143	77.73403
829	12.99143	77.71188
830	12.99144	77.71183
831	12.99145	77.71177
832	12.99146	77.71171
833	12.99146	77.71032
834	12.99146	77.71027
835	12.99146	77.71021
836	12.99146	77.71016
837	12.99146	77.71011
838	12.99146	77.71004
839	12.99146	77.70999
840	12.99146	77.70993
841	12.99146	77.70987
842	12.99146	77.70981
843	12.99146	77.70975
844	12.99146	77.71038
845	12.99146	77.70969
846	12.99146	77.71166
847	12.99146	77.71043
848	12.99147	77.70964
849	12.99147	77.71055
850	12.99147	77.71049
851	12.99147	77.71067
852	12.99147	77.71062
853	12.99147	77.70958
854	12.99147	77.71160
855	12.99148	77.71105
856	12.99148	77.71100
857	12.99148	77.71094
858	12.99148	77.71087
859	12.99148	77.71080
860	12.99148	77.71074
861	12.99148	77.71111
862	12.99148	77.70953
863	12.99148	77.71153
864	12.99148	77.71147
865	12.99148	77.71141
866	12.99149	77.73402
867	12.99149	77.71135
868	12.99149	77.71129
869	12.99149	77.70946
870	12.99149	77.71116
871	12.99149	77.70940
872	12.99150	77.71123
873	12.99150	77.70935
874	12.99151	77.70930
875	12.99151	77.70924
876	12.99151	77.70919
877	12.99152	77.70912
878	12.99152	77.70907
879	12.99153	77.70900
880	12.99153	77.70894
881	12.99153	77.70889
882	12.99153	77.70884
883	12.99154	77.70877
884	12.99155	77.70843
885	12.99155	77.70837
886	12.99155	77.70871
887	12.99155	77.70848
888	12.99155	77.73402
889	12.99155	77.70831
890	12.99155	77.70866
891	12.99156	77.70860
892	12.99156	77.70855
893	12.99156	77.70825
894	12.99157	77.70819
895	12.99158	77.70813
896	12.99158	77.70807
897	12.99158	77.70800
898	12.99158	77.70795
899	12.99159	77.70789
900	12.99160	77.70784
901	12.99160	77.70778
902	12.99161	77.70721
903	12.99161	77.70714
904	12.99161	77.70708
905	12.99161	77.70703
906	12.99161	77.70726
907	12.99161	77.70696
908	12.99161	77.70691
909	12.99161	77.70686
910	12.99161	77.70679
911	12.99161	77.73400
912	12.99161	77.70772
913	12.99161	77.70732
914	12.99161	77.70673
915	12.99162	77.70666
916	12.99162	77.70738
917	12.99162	77.70659
918	12.99163	77.70766
919	12.99163	77.70743
920	12.99163	77.70653
921	12.99164	77.70760
922	12.99164	77.70749
923	12.99164	77.70647
924	12.99165	77.70755
925	12.99166	77.70641
926	12.99166	77.70636
927	12.99167	77.70629
928	12.99168	77.73400
929	12.99169	77.70624
930	12.99170	77.70619
931	12.99172	77.70613
932	12.99174	77.73399
933	12.99174	77.70607
934	12.99175	77.70601
935	12.99176	77.70596
936	12.99177	77.70591
937	12.99180	77.73398
938	12.99182	77.70592
939	12.99185	77.73396
940	12.99188	77.70592
941	12.99191	77.73395
942	12.99193	77.70593
943	12.99196	77.73393
944	12.99199	77.70595
945	12.99202	77.73392
946	12.99205	77.70596
947	12.99207	77.73390
948	12.99210	77.70598
949	12.99213	77.73389
950	12.99216	77.70600
951	12.99218	77.73387
952	12.99221	77.70600
953	12.99224	77.73383
954	12.99227	77.70601
955	12.99231	77.73382
956	12.99233	77.70601
957	12.99237	77.73379
958	12.99238	77.70601
959	12.99242	77.73377
960	12.99244	77.70602
961	12.99249	77.73374
962	12.99250	77.70603
963	12.99255	77.73371
964	12.99256	77.70603
965	12.99260	77.73368
966	12.99262	77.70603
967	12.99266	77.73365
968	12.99268	77.70604
969	12.99271	77.73362
970	12.99273	77.70605
971	12.99277	77.73359
972	12.99279	77.70606
973	12.99282	77.73355
974	12.99285	77.70607
975	12.99288	77.73351
976	12.99291	77.70607
977	12.99293	77.73347
978	12.99297	77.70608
979	12.99298	77.73343
980	12.99302	77.70609
981	12.99304	77.73339
982	12.99308	77.70609
983	12.99310	77.73335
984	12.99315	77.70610
985	12.99317	77.73330
986	12.99321	77.70611
987	12.99323	77.73327
988	12.99326	77.70611
989	12.99328	77.73324
990	12.99332	77.70612
991	12.99334	77.73322
992	12.99338	77.70613
993	12.99340	77.73319
994	12.99345	77.70614
995	12.99345	77.73316
996	12.99350	77.70614
997	12.99351	77.73313
998	12.99356	77.70616
999	12.99357	77.73311
1000	12.99362	77.70618
1001	12.99362	77.73308
1002	12.99367	77.70619
1003	12.99368	77.73305
1004	12.99373	77.70620
1005	12.99374	77.73302
1006	12.99379	77.70621
1007	12.99380	77.73299
1008	12.99385	77.73296
1009	12.99385	77.70621
1010	12.99390	77.73292
1011	12.99391	77.70622
1012	12.99395	77.73290
1013	12.99397	77.70624
1014	12.99402	77.73286
1015	12.99402	77.70625
1016	12.99405	77.73280
1017	12.99408	77.70626
1018	12.99410	77.73275
1019	12.99413	77.70626
1020	12.99416	77.73271
1021	12.99419	77.70627
1022	12.99422	77.73270
1023	12.99425	77.70628
1024	12.99427	77.73269
1025	12.99431	77.70629
1026	12.99433	77.73268
1027	12.99436	77.70630
1028	12.99440	77.73268
1029	12.99442	77.70632
1030	12.99447	77.73268
1031	12.99447	77.70632
1032	12.99452	77.73268
1033	12.99453	77.70633
1034	12.99458	77.73267
1035	12.99458	77.70634
1036	12.99459	77.70758
1037	12.99459	77.70763
1038	12.99460	77.70751
1039	12.99460	77.70770
1040	12.99460	77.70787
1041	12.99460	77.70781
1042	12.99460	77.70776
1043	12.99460	77.70746
1044	12.99460	77.70793
1045	12.99461	77.70800
1046	12.99461	77.70741
1047	12.99461	77.70806
1048	12.99462	77.70811
1049	12.99462	77.70736
1050	12.99462	77.70817
1051	12.99462	77.70730
1052	12.99463	77.70822
1053	12.99463	77.70724
1054	12.99464	77.73266
1055	12.99464	77.70636
1056	12.99465	77.70827
1057	12.99465	77.70718
1058	12.99465	77.70833
1059	12.99467	77.70713
1060	12.99467	77.70839
1061	12.99468	77.70707
1062	12.99469	77.70845
1063	12.99469	77.70702
1064	12.99470	77.70695
1065	12.99470	77.70690
1066	12.99470	77.70684
1067	12.99470	77.70679
1068	12.99470	77.70674
1069	12.99470	77.70663
1070	12.99470	77.70657
1071	12.99470	77.70652
1072	12.99470	77.70646
1073	12.99470	77.70850
1074	12.99470	77.70668
1075	12.99470	77.73265
1076	12.99470	77.70640
1077	12.99472	77.70857
1078	12.99474	77.70863
1079	12.99475	77.70870
1080	12.99478	77.73264
1081	12.99478	77.70875
1082	12.99483	77.70881
1083	12.99484	77.73260
1084	12.99487	77.70886
1085	12.99490	77.73258
1086	12.99493	77.70891
1087	12.99496	77.73257
1088	12.99498	77.70897
1089	12.99503	77.73256
1090	12.99504	77.70903
1091	12.99509	77.73255
1092	12.99509	77.70907
1093	12.99515	77.73254
1094	12.99515	77.70913
1095	12.99520	77.73260
1096	12.99521	77.70918
1097	12.99522	77.73266
1098	12.99524	77.73272
1099	12.99525	77.73277
1100	12.99526	77.73284
1101	12.99526	77.73295
1102	12.99526	77.73289
1103	12.99527	77.70923
1104	12.99527	77.73300
1105	12.99528	77.73306
1106	12.99530	77.73313
1107	12.99532	77.73318
1108	12.99532	77.70927
1109	12.99533	77.73324
1110	12.99533	77.73329
1111	12.99534	77.73335
1112	12.99535	77.73342
1113	12.99535	77.73347
1114	12.99537	77.73352
1115	12.99538	77.70932
1116	12.99538	77.73357
1117	12.99539	77.73364
1118	12.99541	77.73369
1119	12.99542	77.73375
1120	12.99543	77.73380
1121	12.99544	77.73386
1122	12.99545	77.70936
1123	12.99546	77.73391
1124	12.99548	77.73398
1125	12.99549	77.73403
1126	12.99551	77.73409
1127	12.99551	77.70941
1128	12.99553	77.73415
1129	12.99554	77.73422
1130	12.99556	77.73427
1131	12.99556	77.73434
1132	12.99557	77.73439
1133	12.99557	77.70944
1134	12.99558	77.73445
1135	12.99559	77.73450
1136	12.99559	77.73457
1137	12.99560	77.73463
1138	12.99561	77.73469
1139	12.99562	77.73474
1140	12.99563	77.73480
1141	12.99564	77.70947
1142	12.99565	77.73486
1143	12.99566	77.73491
1144	12.99568	77.73497
1145	12.99569	77.70950
1146	12.99570	77.73502
1147	12.99571	77.73508
1148	12.99572	77.73532
1149	12.99572	77.73527
1150	12.99572	77.73521
1151	12.99572	77.73515
1152	12.99573	77.73538
1153	12.99574	77.73544
1154	12.99575	77.70952
1155	12.99576	77.73551
1156	12.99577	77.73556
1157	12.99578	77.73569
1158	12.99578	77.73562
1159	12.99579	77.73574
1160	12.99580	77.70954
1161	12.99581	77.73580
1162	12.99583	77.73586
1163	12.99586	77.70956
1164	12.99586	77.73593
1165	12.99588	77.73599
1166	12.99589	77.73604
1167	12.99591	77.73610
1168	12.99592	77.73615
1169	12.99592	77.70960
1170	12.99592	77.73620
1171	12.99593	77.73625
1172	12.99594	77.73630
1173	12.99596	77.73636
1174	12.99597	77.73643
1175	12.99597	77.70962
1176	12.99598	77.73648
1177	12.99599	77.73654
1178	12.99600	77.73659
1179	12.99601	77.73665
1180	12.99601	77.73670
1181	12.99602	77.73676
1182	12.99603	77.73681
1183	12.99604	77.70963
1184	12.99605	77.73687
1185	12.99605	77.73692
1186	12.99606	77.75362
1187	12.99606	77.73698
1188	12.99607	77.75356
1189	12.99607	77.73703
1190	12.99607	77.75368
1191	12.99607	77.75351
1192	12.99608	77.75345
1193	12.99608	77.73709
1194	12.99609	77.75373
1195	12.99609	77.75340
1196	12.99609	77.73715
1197	12.99610	77.75334
1198	12.99610	77.75329
1199	12.99610	77.73720
1200	12.99610	77.70966
1201	12.99611	77.75379
1202	12.99611	77.75323
1203	12.99611	77.73726
1204	12.99612	77.75384
1205	12.99612	77.75317
1206	12.99612	77.73731
1207	12.99612	77.75311
1208	12.99612	77.73743
1209	12.99612	77.73738
1210	12.99613	77.75305
1211	12.99614	77.73749
1212	12.99614	77.75300
1213	12.99614	77.75390
1214	12.99614	77.75294
1215	12.99615	77.73755
1216	12.99616	77.75288
1217	12.99616	77.73760
1218	12.99616	77.70968
1219	12.99616	77.75395
1220	12.99617	77.75282
1221	12.99617	77.75276
1222	12.99617	77.73765
1223	12.99618	77.75400
1224	12.99619	77.75270
1225	12.99619	77.73772
1226	12.99620	77.73777
1227	12.99620	77.75264
1228	12.99620	77.75406
1229	12.99621	77.75259
1230	12.99621	77.75253
1231	12.99621	77.73783
1232	12.99622	77.70970
1233	12.99623	77.75248
1234	12.99623	77.73788
1235	12.99624	77.75242
1236	12.99624	77.75411
1237	12.99624	77.73793
1238	12.99625	77.73799
1239	12.99625	77.75236
1240	12.99625	77.73805
1241	12.99626	77.73810
1242	12.99627	77.75230
1243	12.99627	77.73816
1244	12.99627	77.75225
1245	12.99628	77.75417
1246	12.99628	77.75220
1247	12.99628	77.73821
1248	12.99628	77.70972
1249	12.99629	77.75214
1250	12.99629	77.75209
1251	12.99629	77.73827
1252	12.99630	77.75204
1253	12.99630	77.75198
1254	12.99630	77.73833
1255	12.99631	77.73839
1256	12.99631	77.73845
1257	12.99631	77.75192
1258	12.99632	77.75422
1259	12.99632	77.75185
1260	12.99632	77.75179
1261	12.99632	77.75173
1262	12.99632	77.73851
1263	12.99633	77.75167
1264	12.99633	77.75161
1265	12.99634	77.73857
1266	12.99634	77.70974
1267	12.99634	77.75155
1268	12.99635	77.75149
1269	12.99635	77.73862
1270	12.99636	77.75427
1271	12.99636	77.75143
1272	12.99637	77.75136
1273	12.99637	77.73868
1274	12.99638	77.75131
1275	12.99638	77.73874
1276	12.99638	77.73879
1277	12.99639	77.75126
1278	12.99639	77.75121
1279	12.99639	77.73885
1280	12.99640	77.75432
1281	12.99640	77.75116
1282	12.99641	77.73891
1283	12.99641	77.75109
1284	12.99641	77.70977
1285	12.99641	77.75104
1286	12.99642	77.73897
1287	12.99643	77.75098
1288	12.99643	77.73902
1289	12.99644	77.75092
1290	12.99644	77.73907
1291	12.99644	77.75438
1292	12.99644	77.75086
1293	12.99645	77.73913
1294	12.99645	77.75080
1295	12.99646	77.73919
1296	12.99646	77.75074
1297	12.99647	77.75069
1298	12.99647	77.70980
1299	12.99648	77.75443
1300	12.99648	77.75063
1301	12.99648	77.73925
1302	12.99649	77.75057
1303	12.99649	77.73931
1304	12.99650	77.73937
1305	12.99650	77.75052
1306	12.99651	77.73943
1307	12.99651	77.75045
1308	12.99651	77.73949
1309	12.99652	77.75449
1310	12.99652	77.73955
1311	12.99653	77.75038
1312	12.99653	77.73961
1313	12.99653	77.70985
1314	12.99654	77.73967
1315	12.99654	77.75033
1316	12.99655	77.73973
1317	12.99656	77.75027
1318	12.99656	77.73978
1319	12.99656	77.75454
1320	12.99657	77.73984
1321	12.99657	77.75021
1322	12.99657	77.73989
1323	12.99658	77.73995
1324	12.99658	77.75459
1325	12.99659	77.75014
1326	12.99659	77.74002
1327	12.99659	77.70989
1328	12.99660	77.74007
1329	12.99660	77.75007
1330	12.99660	77.74014
1331	12.99661	77.75465
1332	12.99661	77.74020
1333	12.99662	77.74026
1334	12.99662	77.74032
1335	12.99663	77.75001
1336	12.99664	77.75471
1337	12.99664	77.74996
1338	12.99664	77.74038
1339	12.99665	77.70993
1340	12.99665	77.74991
1341	12.99665	77.74044
1342	12.99666	77.74984
1343	12.99666	77.74050
1344	12.99667	77.75477
1345	12.99667	77.74979
1346	12.99668	77.74056
1347	12.99668	77.74974
1348	12.99669	77.74062
1349	12.99670	77.74067
1350	12.99670	77.75483
1351	12.99670	77.74073
1352	12.99670	77.74968
1353	12.99671	77.70996
1354	12.99671	77.74963
1355	12.99671	77.74956
1356	12.99671	77.74079
1357	12.99672	77.74950
1358	12.99672	77.74084
1359	12.99673	77.75488
1360	12.99673	77.74089
1361	12.99673	77.74943
1362	12.99673	77.74094
1363	12.99674	77.74937
1364	12.99674	77.74099
1365	12.99675	77.74930
1366	12.99676	77.74924
1367	12.99676	77.75495
1368	12.99676	77.74105
1369	12.99676	77.74111
1370	12.99677	77.74918
1371	12.99677	77.74116
1372	12.99677	77.70999
1373	12.99678	77.74123
1374	12.99678	77.74911
1375	12.99679	77.74129
1376	12.99679	77.74906
1377	12.99679	77.74135
1378	12.99680	77.74899
1379	12.99680	77.74141
1380	12.99681	77.74893
1381	12.99681	77.74146
1382	12.99681	77.74886
1383	12.99682	77.75499
1384	12.99682	77.74153
1385	12.99682	77.74880
1386	12.99682	77.74159
1387	12.99682	77.71001
1388	12.99683	77.74875
1389	12.99683	77.74164
1390	12.99683	77.74171
1391	12.99684	77.74868
1392	12.99684	77.74177
1393	12.99685	77.74861
1394	12.99685	77.74183
1395	12.99685	77.74856
1396	12.99686	77.74850
1397	12.99686	77.74189
1398	12.99687	77.75500
1399	12.99687	77.74844
1400	12.99688	77.71002
1401	12.99688	77.74837
1402	12.99688	77.74196
1403	12.99689	77.74831
1404	12.99690	77.74824
1405	12.99690	77.74201
1406	12.99691	77.74819
1407	12.99691	77.74206
1408	12.99692	77.74813
1409	12.99692	77.74211
1410	12.99692	77.74217
1411	12.99693	77.75503
1412	12.99693	77.74808
1413	12.99693	77.74222
1414	12.99694	77.71004
1415	12.99695	77.74802
1416	12.99695	77.74797
1417	12.99695	77.74228
1418	12.99696	77.74791
1419	12.99696	77.74786
1420	12.99696	77.74233
1421	12.99697	77.74780
1422	12.99697	77.74774
1423	12.99697	77.74768
1424	12.99698	77.74763
1425	12.99698	77.74239
1426	12.99699	77.74757
1427	12.99700	77.74245
1428	12.99700	77.75506
1429	12.99700	77.74751
1430	12.99700	77.71006
1431	12.99701	77.74251
1432	12.99701	77.74746
1433	12.99703	77.74740
1434	12.99703	77.74257
1435	12.99705	77.74734
1436	12.99705	77.74263
1437	12.99705	77.74269
1438	12.99706	77.74274
1439	12.99706	77.74728
1440	12.99706	77.71008
1441	12.99707	77.75508
1442	12.99707	77.74280
1443	12.99707	77.74286
1444	12.99708	77.74722
1445	12.99709	77.74291
1446	12.99709	77.74716
1447	12.99710	77.74710
1448	12.99710	77.74297
1449	12.99711	77.74704
1450	12.99712	77.75510
1451	12.99712	77.74302
1452	12.99712	77.71011
1453	12.99712	77.74698
1454	12.99713	77.74693
1455	12.99713	77.74308
1456	12.99714	77.74687
1457	12.99714	77.74313
1458	12.99714	77.74320
1459	12.99714	77.74682
1460	12.99715	77.74675
1461	12.99715	77.74325
1462	12.99716	77.74670
1463	12.99717	77.74664
1464	12.99717	77.75511
1465	12.99717	77.71013
1466	12.99718	77.74659
1467	12.99718	77.74331
1468	12.99719	77.74652
1469	12.99719	77.74338
1470	12.99719	77.74343
1471	12.99720	77.74646
1472	12.99720	77.74349
1473	12.99720	77.74640
1474	12.99721	77.74354
1475	12.99721	77.74634
1476	12.99721	77.74359
1477	12.99722	77.74629
1478	12.99722	77.74623
1479	12.99723	77.71010
1480	12.99723	77.71004
1481	12.99723	77.74617
1482	12.99723	77.75513
1483	12.99723	77.74611
1484	12.99723	77.74364
1485	12.99724	77.74605
1486	12.99725	77.74370
1487	12.99725	77.74599
1488	12.99725	77.74381
1489	12.99725	77.74376
1490	12.99725	77.70999
1491	12.99725	77.74388
1492	12.99726	77.74594
1493	12.99726	77.74393
1494	12.99726	77.74588
1495	12.99727	77.70993
1496	12.99727	77.74581
1497	12.99728	77.74575
1498	12.99728	77.74534
1499	12.99728	77.74529
1500	12.99728	77.74399
1501	12.99728	77.74524
1502	12.99728	77.74540
1503	12.99728	77.74569
1504	12.99728	77.74422
1505	12.99728	77.74416
1506	12.99728	77.74411
1507	12.99728	77.74405
1508	12.99729	77.74563
1509	12.99729	77.74558
1510	12.99729	77.74552
1511	12.99729	77.74547
1512	12.99729	77.74519
1513	12.99729	77.75514
1514	12.99729	77.74512
1515	12.99729	77.74507
1516	12.99729	77.74501
1517	12.99729	77.74429
1518	12.99729	77.70987
1519	12.99730	77.74454
1520	12.99730	77.74447
1521	12.99730	77.74441
1522	12.99730	77.74435
1523	12.99730	77.74494
1524	12.99730	77.74488
1525	12.99730	77.74483
1526	12.99730	77.74460
1527	12.99731	77.70981
1528	12.99731	77.74477
1529	12.99731	77.74466
1530	12.99731	77.74471
1531	12.99732	77.70976
1532	12.99733	77.70971
1533	12.99735	77.70965
1534	12.99736	77.75516
1535	12.99736	77.70960
1536	12.99738	77.70955
1537	12.99740	77.70948
1538	12.99741	77.70942
1539	12.99742	77.75517
1540	12.99742	77.70937
1541	12.99744	77.70931
1542	12.99745	77.70925
1543	12.99746	77.70919
1544	12.99747	77.70913
1545	12.99747	77.75518
1546	12.99749	77.70907
1547	12.99750	77.70902
1548	12.99752	77.70897
1549	12.99753	77.75519
1550	12.99753	77.70892
1551	12.99755	77.70886
1552	12.99757	77.70881
1553	12.99758	77.70874
1554	12.99759	77.75516
1555	12.99760	77.70868
1556	12.99761	77.70863
1557	12.99762	77.70858
1558	12.99763	77.70852
1559	12.99764	77.70846
1560	12.99765	77.75514
1561	12.99766	77.70840
1562	12.99767	77.70835
1563	12.99767	77.70830
1564	12.99770	77.70823
1565	12.99771	77.75513
1566	12.99771	77.70818
1567	12.99773	77.70812
1568	12.99775	77.70805
1569	12.99776	77.75512
1570	12.99776	77.70800
1571	12.99778	77.70794
1572	12.99779	77.70788
1573	12.99781	77.70782
1574	12.99782	77.75511
1575	12.99783	77.70777
1576	12.99783	77.70772
1577	12.99785	77.70767
1578	12.99786	77.70761
1579	12.99787	77.75511
1580	12.99787	77.70755
1581	12.99788	77.70750
1582	12.99791	77.70745
1583	12.99793	77.75511
1584	12.99797	77.70745
1585	12.99799	77.75511
1586	12.99803	77.70745
1587	12.99805	77.75510
1588	12.99809	77.70745
1589	12.99812	77.75509
1590	12.99815	77.70745
1591	12.99818	77.75509
1592	12.99822	77.70745
1593	12.99824	77.75508
1594	12.99829	77.70745
1595	12.99830	77.75507
1596	12.99834	77.70746
1597	12.99836	77.75504
1598	12.99840	77.70746
1599	12.99842	77.75502
1600	12.99846	77.70746
1601	12.99847	77.75502
1602	12.99851	77.70746
1603	12.99853	77.75501
1604	12.99856	77.70746
1605	12.99858	77.75500
1606	12.99862	77.70747
1607	12.99864	77.75500
1608	12.99868	77.70747
1609	12.99871	77.75503
1610	12.99874	77.70747
1611	12.99877	77.75506
1612	12.99880	77.70747
1613	12.99884	77.75510
1614	12.99887	77.70747
1615	12.99889	77.75513
1616	12.99892	77.70749
1617	12.99894	77.75516
1618	12.99898	77.70750
1619	12.99900	77.75519
1620	12.99904	77.70751
1621	12.99907	77.75522
1622	12.99911	77.70751
1623	12.99913	77.75525
1624	12.99916	77.70752
1625	12.99918	77.75528
1626	12.99921	77.70753
1627	12.99925	77.75531
1628	12.99928	77.70753
1629	12.99930	77.75534
1630	12.99932	77.75697
1631	12.99933	77.75703
1632	12.99933	77.75692
1633	12.99934	77.75685
1634	12.99934	77.70753
1635	12.99934	77.75679
1636	12.99935	77.75674
1637	12.99936	77.75537
1638	12.99937	77.75668
1639	12.99937	77.75708
1640	12.99938	77.75663
1641	12.99940	77.75657
1642	12.99940	77.70753
1643	12.99941	77.75651
1644	12.99942	77.75540
1645	12.99943	77.75645
1646	12.99943	77.75713
1647	12.99944	77.75639
1648	12.99945	77.75634
1649	12.99945	77.75628
1650	12.99946	77.70753
1651	12.99947	77.75622
1652	12.99947	77.75617
1653	12.99948	77.75544
1654	12.99948	77.75611
1655	12.99949	77.75605
1656	12.99949	77.75718
1657	12.99950	77.75599
1658	12.99950	77.75593
1659	12.99951	77.75588
1660	12.99952	77.75582
1661	12.99952	77.70753
1662	12.99953	77.75577
1663	12.99953	77.75547
1664	12.99953	77.75571
1665	12.99954	77.75565
1666	12.99955	77.75722
1667	12.99956	77.75560
1668	12.99957	77.75554
1669	12.99958	77.70754
1670	12.99961	77.75725
1671	12.99965	77.70755
1672	12.99967	77.75730
1673	12.99970	77.75736
1674	12.99971	77.70756
1675	12.99974	77.75742
1676	12.99976	77.75748
1677	12.99976	77.70758
1678	12.99977	77.75753
1679	12.99978	77.75759
1680	12.99979	77.75764
1681	12.99980	77.75770
1682	12.99981	77.75777
1683	12.99981	77.70760
1684	12.99982	77.75782
1685	12.99982	77.75787
1686	12.99984	77.75793
1687	12.99985	77.75799
1688	12.99986	77.75805
1689	12.99987	77.75828
1690	12.99987	77.75822
1691	12.99987	77.75816
1692	12.99987	77.75811
1693	12.99987	77.75834
1694	12.99987	77.70760
1695	12.99988	77.75856
1696	12.99988	77.75851
1697	12.99988	77.75846
1698	12.99988	77.75839
1699	12.99988	77.75862
1700	12.99989	77.75867
1701	12.99990	77.75873
1702	12.99993	77.70762
1703	12.99995	77.75876
1704	12.99998	77.70762
1705	13.00000	77.75875
1706	13.00005	77.70763
1707	13.00006	77.75873
1708	13.00011	77.70764
1709	13.00012	77.75871
1710	13.00016	77.70766
1711	13.00018	77.75870
1712	13.00022	77.70767
1713	13.00023	77.75868
1714	13.00028	77.70769
1715	13.00029	77.75866
1716	13.00034	77.70771
1717	13.00035	77.75865
1718	13.00040	77.70772
1719	13.00040	77.75864
1720	13.00045	77.70773
1721	13.00047	77.75863
1722	13.00052	77.70775
1723	13.00053	77.75863
1724	13.00058	77.70778
1725	13.00059	77.75862
1726	13.00064	77.70781
1727	13.00065	77.75861
1728	13.00070	77.70783
1729	13.00071	77.75860
1730	13.00075	77.70786
1731	13.00077	77.75859
1732	13.00081	77.70790
1733	13.00083	77.75858
1734	13.00086	77.70793
1735	13.00088	77.75856
1736	13.00091	77.70797
1737	13.00094	77.75862
1738	13.00096	77.75868
1739	13.00097	77.70801
1740	13.00099	77.75874
1741	13.00100	77.75879
1742	13.00102	77.75884
1743	13.00103	77.70805
1744	13.00104	77.75890
1745	13.00105	77.75896
1746	13.00107	77.75901
1747	13.00109	77.75907
1748	13.00109	77.70807
1749	13.00110	77.75912
1750	13.00112	77.75918
1751	13.00114	77.70809
1752	13.00114	77.75924
1753	13.00117	77.75930
1754	13.00118	77.76008
1755	13.00118	77.76002
1756	13.00119	77.75997
1757	13.00119	77.75991
1758	13.00120	77.76077
1759	13.00120	77.76071
1760	13.00120	77.76065
1761	13.00120	77.75986
1762	13.00120	77.76082
1763	13.00120	77.76015
1764	13.00120	77.75936
1765	13.00120	77.76094
1766	13.00120	77.76089
1767	13.00120	77.75981
1768	13.00121	77.76060
1769	13.00121	77.76032
1770	13.00121	77.76025
1771	13.00121	77.76020
1772	13.00121	77.75975
1773	13.00121	77.70812
1774	13.00121	77.76101
1775	13.00121	77.76053
1776	13.00121	77.76048
1777	13.00121	77.76043
1778	13.00121	77.76037
1779	13.00121	77.75942
1780	13.00121	77.75969
1781	13.00121	77.76106
1782	13.00121	77.75947
1783	13.00122	77.75962
1784	13.00122	77.75957
1785	13.00122	77.75952
1786	13.00123	77.76112
1787	13.00126	77.70813
1788	13.00128	77.76111
1789	13.00131	77.70815
1790	13.00134	77.76111
1791	13.00137	77.70817
1792	13.00140	77.76111
1793	13.00142	77.70819
1794	13.00147	77.76111
1795	13.00148	77.70820
1796	13.00153	77.76111
1797	13.00154	77.70820
1798	13.00159	77.76110
1799	13.00160	77.70821
1800	13.00165	77.76109
1801	13.00166	77.70823
1802	13.00171	77.70825
1803	13.00172	77.76108
1804	13.00177	77.70825
1805	13.00178	77.76108
1806	13.00183	77.70827
1807	13.00184	77.76108
1808	13.00188	77.70828
1809	13.00189	77.76107
1810	13.00194	77.70830
1811	13.00195	77.76107
1812	13.00200	77.70830
1813	13.00200	77.76106
1814	13.00205	77.70831
1815	13.00205	77.76105
1816	13.00211	77.70832
1817	13.00212	77.76104
1818	13.00217	77.70833
1819	13.00218	77.76104
1820	13.00223	77.76103
1821	13.00224	77.70834
1822	13.00230	77.76103
1823	13.00231	77.70835
1824	13.00236	77.76102
1825	13.00238	77.70836
1826	13.00241	77.76102
1827	13.00245	77.70836
1828	13.00247	77.76102
1829	13.00252	77.70837
1830	13.00252	77.76102
1831	13.00258	77.76102
1832	13.00258	77.70838
1833	13.00263	77.76102
1834	13.00264	77.70839
1835	13.00270	77.76102
1836	13.00270	77.70839
1837	13.00275	77.76102
1838	13.00276	77.70840
1839	13.00281	77.70840
1840	13.00281	77.76102
1841	13.00282	77.70945
1842	13.00282	77.70952
1843	13.00282	77.70940
1844	13.00283	77.70934
1845	13.00283	77.70928
1846	13.00283	77.70923
1847	13.00284	77.70916
1848	13.00284	77.70958
1849	13.00284	77.70910
1850	13.00284	77.70904
1851	13.00284	77.70898
1852	13.00284	77.70886
1853	13.00284	77.70880
1854	13.00284	77.70963
1855	13.00285	77.70969
1856	13.00285	77.70892
1857	13.00285	77.70875
1858	13.00285	77.70975
1859	13.00285	77.70980
1860	13.00285	77.70870
1861	13.00286	77.70986
1862	13.00286	77.70864
1863	13.00286	77.70992
1864	13.00287	77.70859
1865	13.00287	77.76102
1866	13.00287	77.70997
1867	13.00287	77.71109
1868	13.00287	77.71103
1869	13.00287	77.71098
1870	13.00287	77.71093
1871	13.00287	77.70854
1872	13.00287	77.71114
1873	13.00287	77.71009
1874	13.00287	77.71003
1875	13.00288	77.71030
1876	13.00288	77.71025
1877	13.00288	77.71020
1878	13.00288	77.71014
1879	13.00288	77.70848
1880	13.00288	77.70841
1881	13.00288	77.71036
1882	13.00288	77.71119
1883	13.00288	77.71087
1884	13.00288	77.71081
1885	13.00288	77.71069
1886	13.00288	77.71064
1887	13.00288	77.71059
1888	13.00288	77.71053
1889	13.00288	77.71048
1890	13.00288	77.71043
1891	13.00289	77.71076
1892	13.00290	77.71125
1893	13.00290	77.71137
1894	13.00290	77.71131
1895	13.00290	77.71143
1896	13.00291	77.71149
1897	13.00291	77.71177
1898	13.00291	77.71171
1899	13.00291	77.71166
1900	13.00291	77.71161
1901	13.00291	77.71156
1902	13.00291	77.71215
1903	13.00291	77.71210
1904	13.00291	77.71199
1905	13.00291	77.71194
1906	13.00291	77.71189
1907	13.00291	77.71183
1908	13.00292	77.71204
1909	13.00292	77.71233
1910	13.00292	77.71227
1911	13.00292	77.71222
1912	13.00292	77.76102
1913	13.00292	77.71240
1914	13.00294	77.71245
1915	13.00295	77.71251
1916	13.00296	77.71257
1917	13.00297	77.71268
1918	13.00297	77.71263
1919	13.00298	77.71274
1920	13.00299	77.71279
1921	13.00299	77.76102
1922	13.00300	77.71291
1923	13.00300	77.71284
1924	13.00301	77.71297
1925	13.00302	77.71303
1926	13.00303	77.71309
1927	13.00304	77.71314
1928	13.00305	77.71319
1929	13.00305	77.76101
1930	13.00305	77.71325
1931	13.00306	77.71330
1932	13.00306	77.71335
1933	13.00306	77.71688
1934	13.00306	77.71683
1935	13.00307	77.71694
1936	13.00307	77.71677
1937	13.00307	77.71672
1938	13.00307	77.71700
1939	13.00307	77.71735
1940	13.00307	77.71706
1941	13.00307	77.71667
1942	13.00307	77.71740
1943	13.00307	77.71729
1944	13.00308	77.71724
1945	13.00308	77.71717
1946	13.00308	77.71712
1947	13.00308	77.71341
1948	13.00308	77.71814
1949	13.00308	77.71775
1950	13.00308	77.71745
1951	13.00308	77.71661
1952	13.00308	77.71363
1953	13.00308	77.71358
1954	13.00308	77.71352
1955	13.00308	77.71825
1956	13.00308	77.71820
1957	13.00308	77.71808
1958	13.00308	77.71751
1959	13.00308	77.71655
1960	13.00309	77.71917
1961	13.00309	77.71877
1962	13.00309	77.71871
1963	13.00309	77.71847
1964	13.00309	77.71841
1965	13.00309	77.71831
1966	13.00309	77.71780
1967	13.00309	77.71770
1968	13.00309	77.71763
1969	13.00309	77.71757
1970	13.00309	77.71381
1971	13.00309	77.71375
1972	13.00309	77.71370
1973	13.00309	77.71347
1974	13.00309	77.71924
1975	13.00309	77.71912
1976	13.00309	77.71865
1977	13.00309	77.71854
1978	13.00309	77.71803
1979	13.00309	77.71797
1980	13.00309	77.71792
1981	13.00309	77.71786
1982	13.00309	77.71649
1983	13.00309	77.71883
1984	13.00309	77.71860
1985	13.00309	77.71836
1986	13.00309	77.71893
1987	13.00309	77.71888
1988	13.00310	77.71905
1989	13.00310	77.71899
1990	13.00310	77.71387
1991	13.00310	77.71930
1992	13.00310	77.71643
1993	13.00310	77.71638
1994	13.00311	77.71936
1995	13.00311	77.71632
1996	13.00311	77.71626
1997	13.00311	77.71620
1998	13.00311	77.76101
1999	13.00312	77.71614
2000	13.00312	77.71942
2001	13.00312	77.71393
2002	13.00312	77.71954
2003	13.00312	77.71947
2004	13.00313	77.71609
2005	13.00313	77.71959
2006	13.00313	77.71399
2007	13.00313	77.71965
2008	13.00314	77.71603
2009	13.00314	77.71405
2010	13.00315	77.71411
2011	13.00315	77.71597
2012	13.00315	77.71971
2013	13.00315	77.71417
2014	13.00316	77.71590
2015	13.00316	77.71422
2016	13.00316	77.71427
2017	13.00316	77.71584
2018	13.00316	77.76101
2019	13.00317	77.71433
2020	13.00317	77.71439
2021	13.00317	77.71579
2022	13.00318	77.71572
2023	13.00318	77.71446
2024	13.00319	77.71567
2025	13.00319	77.71451
2026	13.00319	77.71561
2027	13.00320	77.71457
2028	13.00320	77.71556
2029	13.00320	77.71463
2030	13.00321	77.71973
2031	13.00321	77.71469
2032	13.00321	77.71550
2033	13.00321	77.71475
2034	13.00322	77.71545
2035	13.00322	77.76100
2036	13.00322	77.71539
2037	13.00323	77.71481
2038	13.00323	77.71486
2039	13.00323	77.71533
2040	13.00323	77.71492
2041	13.00324	77.71498
2042	13.00324	77.71527
2043	13.00325	77.71509
2044	13.00325	77.71503
2045	13.00325	77.71515
2046	13.00325	77.71521
2047	13.00326	77.71975
2048	13.00328	77.76100
2049	13.00332	77.71977
2050	13.00334	77.76100
2051	13.00338	77.71979
2052	13.00339	77.76100
2053	13.00344	77.71982
2054	13.00345	77.76101
2055	13.00350	77.71984
2056	13.00351	77.76102
2057	13.00356	77.71985
2058	13.00357	77.76102
2059	13.00362	77.71987
2060	13.00364	77.76103
2061	13.00368	77.71988
2062	13.00370	77.76104
2063	13.00374	77.71990
2064	13.00375	77.76105
2065	13.00380	77.71992
2066	13.00381	77.76105
2067	13.00387	77.71994
2068	13.00387	77.76106
2069	13.00392	77.71995
2070	13.00394	77.76106
2071	13.00398	77.71997
2072	13.00399	77.76107
2073	13.00403	77.71999
2074	13.00409	77.72000
2075	13.00409	77.76107
2076	13.00415	77.76102
2077	13.00415	77.72002
2078	13.00420	77.76097
2079	13.00421	77.72003
2080	13.00426	77.76092
2081	13.00427	77.72006
2082	13.00431	77.76087
2083	13.00433	77.72007
2084	13.00436	77.76081
2085	13.00439	77.72008
2086	13.00441	77.76076
2087	13.00445	77.72008
2088	13.00446	77.76070
2089	13.00450	77.76065
2090	13.00451	77.72008
2091	13.00456	77.76060
2092	13.00456	77.72009
2093	13.00462	77.72010
2094	13.00462	77.76059
2095	13.00467	77.72011
2096	13.00469	77.76059
2097	13.00473	77.72012
2098	13.00474	77.76059
2099	13.00478	77.72012
2100	13.00479	77.76058
2101	13.00484	77.72013
2102	13.00485	77.76058
2103	13.00489	77.72013
2104	13.00492	77.76060
2105	13.00495	77.72014
2106	13.00498	77.76060
2107	13.00500	77.72014
2108	13.00503	77.76061
2109	13.00507	77.72015
2110	13.00509	77.76063
2111	13.00512	77.72016
2112	13.00515	77.76064
2113	13.00518	77.72016
2114	13.00522	77.76066
2115	13.00525	77.72017
2116	13.00527	77.76068
2117	13.00531	77.72017
2118	13.00533	77.76070
2119	13.00537	77.72017
2120	13.00540	77.76071
2121	13.00543	77.72017
2122	13.00546	77.76073
2123	13.00549	77.72017
2124	13.00551	77.76075
2125	13.00555	77.72017
2126	13.00557	77.76077
2127	13.00562	77.72017
2128	13.00563	77.76079
2129	13.00568	77.72017
2130	13.00569	77.76081
2131	13.00573	77.72018
2132	13.00575	77.76083
2133	13.00580	77.72018
2134	13.00580	77.76084
2135	13.00586	77.76086
2136	13.00586	77.72018
2137	13.00592	77.72019
2138	13.00592	77.76085
2139	13.00598	77.76083
2140	13.00598	77.72020
2141	13.00604	77.72021
2142	13.00604	77.76081
2143	13.00610	77.72022
2144	13.00610	77.76080
2145	13.00616	77.76078
2146	13.00616	77.72023
2147	13.00621	77.76076
2148	13.00623	77.72024
2149	13.00627	77.76073
2150	13.00630	77.72024
2151	13.00631	77.76068
2152	13.00633	77.76062
2153	13.00637	77.76056
2154	13.00637	77.72024
2155	13.00638	77.76050
2156	13.00641	77.76045
2157	13.00642	77.72024
2158	13.00643	77.76040
2159	13.00645	77.76034
2160	13.00647	77.76028
2161	13.00648	77.72024
2162	13.00649	77.76023
2163	13.00651	77.76017
2164	13.00652	77.76012
2165	13.00654	77.72026
2166	13.00654	77.76006
2167	13.00656	77.76001
2168	13.00659	77.75995
2169	13.00660	77.72027
2170	13.00666	77.75990
2171	13.00666	77.72027
2172	13.00672	77.75986
2173	13.00672	77.72027
2174	13.00677	77.75985
2175	13.00677	77.72029
2176	13.00683	77.72030
2177	13.00683	77.75982
2178	13.00689	77.72032
2179	13.00689	77.75980
2180	13.00694	77.72033
2181	13.00694	77.75976
2182	13.00699	77.75971
2183	13.00701	77.72035
2184	13.00702	77.75965
2185	13.00705	77.75960
2186	13.00706	77.72036
2187	13.00707	77.75954
2188	13.00710	77.75948
2189	13.00712	77.72038
2190	13.00713	77.75943
2191	13.00715	77.75938
2192	13.00717	77.75933
2193	13.00718	77.75926
2194	13.00718	77.72038
2195	13.00719	77.75921
2196	13.00719	77.75915
2197	13.00720	77.75910
2198	13.00722	77.75905
2199	13.00723	77.75899
2200	13.00724	77.75893
2201	13.00725	77.72039
2202	13.00725	77.75887
2203	13.00727	77.75882
2204	13.00730	77.75876
2205	13.00731	77.72040
2206	13.00732	77.75871
2207	13.00736	77.75866
2208	13.00737	77.72041
2209	13.00739	77.75860
2210	13.00744	77.72042
2211	13.00744	77.75854
2212	13.00744	77.75590
2213	13.00744	77.75585
2214	13.00748	77.75848
2215	13.00750	77.75579
2216	13.00750	77.75594
2217	13.00750	77.72042
2218	13.00753	77.75842
2219	13.00755	77.75599
2220	13.00755	77.75573
2221	13.00756	77.72042
2222	13.00758	77.75836
2223	13.00760	77.75605
2224	13.00760	77.74587
2225	13.00760	77.74581
2226	13.00761	77.74593
2227	13.00761	77.75568
2228	13.00761	77.74599
2229	13.00762	77.74574
2230	13.00762	77.72042
2231	13.00762	77.75831
2232	13.00762	77.74605
2233	13.00763	77.74569
2234	13.00763	77.74612
2235	13.00764	77.74618
2236	13.00764	77.74563
2237	13.00765	77.75611
2238	13.00765	77.74625
2239	13.00766	77.74631
2240	13.00766	77.74557
2241	13.00767	77.75564
2242	13.00767	77.74648
2243	13.00767	77.74643
2244	13.00767	77.74637
2245	13.00768	77.75825
2246	13.00768	77.74550
2247	13.00768	77.72043
2248	13.00770	77.74544
2249	13.00770	77.75616
2250	13.00771	77.74538
2251	13.00771	77.74497
2252	13.00771	77.74491
2253	13.00771	77.74486
2254	13.00771	77.74654
2255	13.00771	77.74532
2256	13.00771	77.74526
2257	13.00771	77.74520
2258	13.00772	77.74514
2259	13.00772	77.74509
2260	13.00772	77.74503
2261	13.00772	77.75560
2262	13.00772	77.74480
2263	13.00772	77.74474
2264	13.00773	77.75821
2265	13.00773	77.74468
2266	13.00774	77.72045
2267	13.00774	77.74462
2268	13.00775	77.74457
2269	13.00775	77.74451
2270	13.00776	77.75622
2271	13.00776	77.74445
2272	13.00776	77.74230
2273	13.00776	77.74224
2274	13.00776	77.74194
2275	13.00777	77.74655
2276	13.00777	77.74218
2277	13.00777	77.74213
2278	13.00777	77.74208
2279	13.00777	77.74201
2280	13.00777	77.74439
2281	13.00777	77.75557
2282	13.00777	77.74235
2283	13.00777	77.74189
2284	13.00778	77.74433
2285	13.00778	77.74428
2286	13.00778	77.74241
2287	13.00778	77.74327
2288	13.00778	77.74321
2289	13.00778	77.74315
2290	13.00778	77.74309
2291	13.00778	77.74304
2292	13.00778	77.75817
2293	13.00778	77.74422
2294	13.00778	77.74246
2295	13.00779	77.74332
2296	13.00779	77.74298
2297	13.00779	77.74252
2298	13.00779	77.74416
2299	13.00779	77.74337
2300	13.00779	77.74292
2301	13.00779	77.74258
2302	13.00780	77.74410
2303	13.00780	77.74403
2304	13.00780	77.74396
2305	13.00780	77.74286
2306	13.00780	77.74184
2307	13.00780	77.74389
2308	13.00780	77.74383
2309	13.00780	77.74343
2310	13.00780	77.74264
2311	13.00780	77.72046
2312	13.00780	77.74281
2313	13.00780	77.74275
2314	13.00780	77.74270
2315	13.00780	77.74378
2316	13.00780	77.74349
2317	13.00781	77.74372
2318	13.00781	77.74367
2319	13.00781	77.74361
2320	13.00781	77.74355
2321	13.00782	77.75625
2322	13.00782	77.75552
2323	13.00783	77.74655
2324	13.00784	77.75812
2325	13.00784	77.74178
2326	13.00786	77.72047
2327	13.00787	77.75626
2328	13.00788	77.75547
2329	13.00788	77.74173
2330	13.00788	77.74656
2331	13.00789	77.75809
2332	13.00791	77.72048
2333	13.00792	77.74167
2334	13.00793	77.75628
2335	13.00793	77.75542
2336	13.00794	77.74657
2337	13.00794	77.75805
2338	13.00796	77.74162
2339	13.00797	77.72049
2340	13.00799	77.75631
2341	13.00799	77.75537
2342	13.00800	77.75801
2343	13.00800	77.74658
2344	13.00800	77.74157
2345	13.00800	77.75532
2346	13.00804	77.72050
2347	13.00804	77.75796
2348	13.00804	77.75632
2349	13.00804	77.75527
2350	13.00804	77.74151
2351	13.00805	77.74658
2352	13.00808	77.75521
2353	13.00809	77.72051
2354	13.00809	77.74145
2355	13.00809	77.75634
2356	13.00810	77.75791
2357	13.00811	77.75516
2358	13.00812	77.74658
2359	13.00813	77.73968
2360	13.00813	77.73962
2361	13.00813	77.73956
2362	13.00813	77.73950
2363	13.00813	77.73943
2364	13.00813	77.73973
2365	13.00813	77.73938
2366	13.00814	77.73933
2367	13.00814	77.74139
2368	13.00814	77.73980
2369	13.00814	77.73986
2370	13.00814	77.73927
2371	13.00814	77.73992
2372	13.00815	77.75510
2373	13.00815	77.75787
2374	13.00815	77.73922
2375	13.00815	77.72050
2376	13.00815	77.75636
2377	13.00815	77.73999
2378	13.00816	77.74004
2379	13.00817	77.74133
2380	13.00817	77.74009
2381	13.00817	77.73915
2382	13.00818	77.74015
2383	13.00818	77.74658
2384	13.00818	77.75504
2385	13.00818	77.74020
2386	13.00819	77.73909
2387	13.00819	77.74026
2388	13.00819	77.74127
2389	13.00820	77.73904
2390	13.00820	77.75637
2391	13.00821	77.72049
2392	13.00821	77.74032
2393	13.00821	77.75782
2394	13.00821	77.74121
2395	13.00821	77.74048
2396	13.00821	77.74043
2397	13.00821	77.74037
2398	13.00822	77.74059
2399	13.00822	77.74054
2400	13.00822	77.73898
2401	13.00822	77.75499
2402	13.00822	77.74115
2403	13.00822	77.74070
2404	13.00822	77.74065
2405	13.00822	77.74080
2406	13.00822	77.74075
2407	13.00823	77.74110
2408	13.00823	77.74086
2409	13.00823	77.74103
2410	13.00823	77.74091
2411	13.00823	77.74658
2412	13.00823	77.73892
2413	13.00824	77.74096
2414	13.00825	77.73886
2415	13.00826	77.75777
2416	13.00826	77.73880
2417	13.00827	77.72049
2418	13.00827	77.75639
2419	13.00827	77.75493
2420	13.00828	77.73874
2421	13.00828	77.75772
2422	13.00829	77.74659
2423	13.00829	77.73868
2424	13.00831	77.75767
2425	13.00831	77.75487
2426	13.00831	77.73862
2427	13.00832	77.72048
2428	13.00832	77.75639
2429	13.00833	77.73857
2430	13.00834	77.75761
2431	13.00834	77.73850
2432	13.00834	77.73839
2433	13.00834	77.73845
2434	13.00835	77.74659
2435	13.00835	77.75482
2436	13.00835	77.73832
2437	13.00836	77.75755
2438	13.00837	77.73827
2439	13.00837	77.72046
2440	13.00838	77.73820
2441	13.00839	77.75750
2442	13.00839	77.75477
2443	13.00839	77.73813
2444	13.00839	77.75641
2445	13.00840	77.73807
2446	13.00840	77.75744
2447	13.00840	77.74659
2448	13.00841	77.73801
2449	13.00842	77.73795
2450	13.00843	77.75739
2451	13.00843	77.72046
2452	13.00843	77.73789
2453	13.00843	77.75471
2454	13.00844	77.73783
2455	13.00844	77.73778
2456	13.00845	77.73773
2457	13.00845	77.75643
2458	13.00845	77.75733
2459	13.00845	77.73768
2460	13.00846	77.74659
2461	13.00846	77.73761
2462	13.00846	77.73756
2463	13.00846	77.73750
2464	13.00846	77.73745
2465	13.00846	77.73739
2466	13.00846	77.73734
2467	13.00846	77.73728
2468	13.00847	77.73722
2469	13.00848	77.75465
2470	13.00848	77.73717
2471	13.00848	77.72045
2472	13.00849	77.75727
2473	13.00851	77.75645
2474	13.00852	77.74659
2475	13.00852	77.75721
2476	13.00853	77.75460
2477	13.00853	77.73711
2478	13.00854	77.72045
2479	13.00855	77.75715
2480	13.00857	77.75455
2481	13.00858	77.75646
2482	13.00858	77.75710
2483	13.00858	77.74659
2484	13.00859	77.73706
2485	13.00860	77.72044
2486	13.00861	77.75705
2487	13.00861	77.75450
2488	13.00863	77.75648
2489	13.00864	77.75699
2490	13.00865	77.73703
2491	13.00866	77.75444
2492	13.00866	77.74659
2493	13.00866	77.72044
2494	13.00867	77.75693
2495	13.00867	77.72115
2496	13.00867	77.72050
2497	13.00867	77.72056
2498	13.00868	77.72061
2499	13.00868	77.72108
2500	13.00868	77.72102
2501	13.00868	77.72073
2502	13.00868	77.72067
2503	13.00868	77.72097
2504	13.00869	77.72079
2505	13.00869	77.72091
2506	13.00869	77.72086
2507	13.00870	77.75687
2508	13.00870	77.75649
2509	13.00870	77.75438
2510	13.00871	77.73701
2511	13.00872	77.74659
2512	13.00872	77.72121
2513	13.00872	77.75681
2514	13.00874	77.75675
2515	13.00875	77.75651
2516	13.00875	77.75433
2517	13.00876	77.75670
2518	13.00878	77.73700
2519	13.00878	77.75664
2520	13.00878	77.72123
2521	13.00879	77.74659
2522	13.00880	77.75659
2523	13.00881	77.75428
2524	13.00881	77.75653
2525	13.00884	77.72125
2526	13.00884	77.73701
2527	13.00884	77.74659
2528	13.00885	77.75422
2529	13.00889	77.72126
2530	13.00891	77.73701
2531	13.00891	77.75415
2532	13.00891	77.74660
2533	13.00894	77.72127
2534	13.00897	77.75410
2535	13.00897	77.74661
2536	13.00898	77.73701
2537	13.00901	77.72129
2538	13.00903	77.75406
2539	13.00903	77.74661
2540	13.00903	77.73701
2541	13.00907	77.72131
2542	13.00908	77.75401
2543	13.00909	77.73701
2544	13.00910	77.74662
2545	13.00912	77.75396
2546	13.00912	77.72136
2547	13.00915	77.73701
2548	13.00916	77.75391
2549	13.00916	77.74662
2550	13.00918	77.72139
2551	13.00919	77.75385
2552	13.00921	77.74663
2553	13.00922	77.75378
2554	13.00922	77.73701
2555	13.00923	77.72142
2556	13.00924	77.75372
2557	13.00927	77.75366
2558	13.00927	77.74663
2559	13.00927	77.73702
2560	13.00929	77.75360
2561	13.00929	77.72146
2562	13.00930	77.75353
2563	13.00930	77.75044
2564	13.00930	77.75038
2565	13.00930	77.75033
2566	13.00930	77.75027
2567	13.00930	77.75022
2568	13.00931	77.75050
2569	13.00931	77.75016
2570	13.00931	77.75055
2571	13.00931	77.75010
2572	13.00932	77.75061
2573	13.00932	77.75004
2574	13.00932	77.75348
2575	13.00932	77.74998
2576	13.00933	77.75067
2577	13.00933	77.74991
2578	13.00933	77.74984
2579	13.00933	77.74976
2580	13.00933	77.74969
2581	13.00933	77.74963
2582	13.00933	77.74958
2583	13.00933	77.74951
2584	13.00933	77.74944
2585	13.00933	77.74672
2586	13.00933	77.74666
2587	13.00933	77.75342
2588	13.00933	77.73703
2589	13.00934	77.75073
2590	13.00934	77.74937
2591	13.00934	77.74677
2592	13.00934	77.74932
2593	13.00934	77.75337
2594	13.00934	77.75079
2595	13.00934	77.74926
2596	13.00935	77.74920
2597	13.00935	77.74682
2598	13.00935	77.75103
2599	13.00935	77.75097
2600	13.00935	77.75091
2601	13.00935	77.75085
2602	13.00935	77.75186
2603	13.00935	77.75180
2604	13.00935	77.75174
2605	13.00935	77.72151
2606	13.00935	77.75197
2607	13.00935	77.75191
2608	13.00935	77.75168
2609	13.00935	77.74915
2610	13.00936	77.75108
2611	13.00936	77.74909
2612	13.00936	77.74688
2613	13.00936	77.75132
2614	13.00936	77.75126
2615	13.00936	77.75331
2616	13.00936	77.75115
2617	13.00936	77.75248
2618	13.00936	77.75243
2619	13.00936	77.75237
2620	13.00936	77.75232
2621	13.00936	77.75227
2622	13.00936	77.75221
2623	13.00936	77.75215
2624	13.00936	77.75209
2625	13.00936	77.75203
2626	13.00936	77.75161
2627	13.00936	77.75120
2628	13.00936	77.75254
2629	13.00936	77.74904
2630	13.00936	77.75259
2631	13.00936	77.75138
2632	13.00936	77.74898
2633	13.00936	77.74694
2634	13.00937	77.74699
2635	13.00937	77.75326
2636	13.00937	77.75271
2637	13.00937	77.75265
2638	13.00937	77.75154
2639	13.00937	77.75148
2640	13.00937	77.75143
2641	13.00937	77.74705
2642	13.00938	77.75277
2643	13.00938	77.74892
2644	13.00938	77.74716
2645	13.00938	77.74710
2646	13.00938	77.75319
2647	13.00938	77.75306
2648	13.00938	77.75299
2649	13.00938	77.74887
2650	13.00938	77.74722
2651	13.00939	77.75312
2652	13.00939	77.75283
2653	13.00939	77.73703
2654	13.00939	77.75294
2655	13.00939	77.74882
2656	13.00939	77.75289
2657	13.00939	77.74877
2658	13.00939	77.74728
2659	13.00940	77.74871
2660	13.00940	77.74770
2661	13.00940	77.74764
2662	13.00940	77.74757
2663	13.00940	77.74750
2664	13.00940	77.74745
2665	13.00940	77.74739
2666	13.00940	77.74734
2667	13.00940	77.74775
2668	13.00940	77.74865
2669	13.00940	77.74781
2670	13.00941	77.72153
2671	13.00941	77.74859
2672	13.00941	77.74853
2673	13.00941	77.74787
2674	13.00942	77.74847
2675	13.00942	77.74840
2676	13.00942	77.74835
2677	13.00942	77.74830
2678	13.00942	77.74824
2679	13.00942	77.74818
2680	13.00942	77.74812
2681	13.00942	77.74807
2682	13.00942	77.74801
2683	13.00942	77.74794
2684	13.00945	77.73704
2685	13.00946	77.72158
2686	13.00952	77.72161
2687	13.00952	77.73704
2688	13.00958	77.73704
2689	13.00958	77.72164
2690	13.00964	77.73705
2691	13.00964	77.72166
2692	13.00970	77.73706
2693	13.00971	77.72168
2694	13.00976	77.73706
2695	13.00977	77.72171
2696	13.00982	77.73706
2697	13.00983	77.72173
2698	13.00988	77.73707
2699	13.00989	77.72175
2700	13.00994	77.73706
2701	13.00995	77.72176
2702	13.01000	77.73706
2703	13.01000	77.72178
2704	13.01006	77.73705
2705	13.01007	77.72180
2706	13.01012	77.73707
2707	13.01012	77.72181
2708	13.01017	77.72183
2709	13.01017	77.73708
2710	13.01023	77.73709
2711	13.01024	77.72185
2712	13.01029	77.73710
2713	13.01031	77.72187
2714	13.01035	77.73711
2715	13.01038	77.72189
2716	13.01041	77.73711
2717	13.01044	77.72189
2718	13.01046	77.73712
2719	13.01048	77.73477
2720	13.01048	77.73472
2721	13.01048	77.73465
2722	13.01049	77.73483
2723	13.01049	77.73489
2724	13.01049	77.73459
2725	13.01049	77.72190
2726	13.01050	77.73495
2727	13.01050	77.73453
2728	13.01050	77.73506
2729	13.01050	77.73501
2730	13.01050	77.73448
2731	13.01052	77.73512
2732	13.01052	77.73442
2733	13.01052	77.73436
2734	13.01053	77.73713
2735	13.01053	77.73431
2736	13.01054	77.73426
2737	13.01055	77.73518
2738	13.01056	77.73420
2739	13.01056	77.72193
2740	13.01056	77.73414
2741	13.01057	77.72199
2742	13.01057	77.73407
2743	13.01057	77.73524
2744	13.01058	77.73401
2745	13.01059	77.73531
2746	13.01059	77.73396
2747	13.01059	77.72205
2748	13.01060	77.73389
2749	13.01060	77.73714
2750	13.01061	77.73384
2751	13.01062	77.73538
2752	13.01062	77.72210
2753	13.01062	77.73379
2754	13.01063	77.73373
2755	13.01063	77.73544
2756	13.01064	77.73368
2757	13.01064	77.72215
2758	13.01065	77.73362
2759	13.01065	77.73549
2760	13.01065	77.73357
2761	13.01066	77.73351
2762	13.01066	77.72222
2763	13.01066	77.73714
2764	13.01066	77.73345
2765	13.01066	77.73304
2766	13.01067	77.73338
2767	13.01067	77.73310
2768	13.01067	77.73333
2769	13.01067	77.73326
2770	13.01067	77.73321
2771	13.01067	77.73315
2772	13.01067	77.73555
2773	13.01067	77.73298
2774	13.01069	77.73293
2775	13.01069	77.72227
2776	13.01070	77.73561
2777	13.01070	77.72233
2778	13.01071	77.73287
2779	13.01071	77.73281
2780	13.01072	77.73275
2781	13.01072	77.73566
2782	13.01073	77.72238
2783	13.01073	77.73712
2784	13.01073	77.73270
2785	13.01073	77.73263
2786	13.01074	77.73258
2787	13.01075	77.73572
2788	13.01075	77.73252
2789	13.01076	77.73246
2790	13.01076	77.72244
2791	13.01076	77.73241
2792	13.01077	77.73235
2793	13.01078	77.73579
2794	13.01078	77.73711
2795	13.01079	77.72249
2796	13.01080	77.73229
2797	13.01081	77.73584
2798	13.01081	77.72255
2799	13.01081	77.73223
2800	13.01083	77.73218
2801	13.01084	77.73709
2802	13.01084	77.73590
2803	13.01084	77.72261
2804	13.01085	77.73213
2805	13.01086	77.72267
2806	13.01086	77.73596
2807	13.01087	77.73207
2808	13.01088	77.72273
2809	13.01089	77.73708
2810	13.01089	77.73201
2811	13.01090	77.72279
2812	13.01090	77.73602
2813	13.01090	77.73196
2814	13.01092	77.72285
2815	13.01092	77.73190
2816	13.01093	77.73608
2817	13.01093	77.72291
2818	13.01093	77.73185
2819	13.01094	77.73179
2820	13.01095	77.73706
2821	13.01096	77.73614
2822	13.01096	77.73174
2823	13.01097	77.72297
2824	13.01097	77.73168
2825	13.01098	77.73620
2826	13.01098	77.73162
2827	13.01100	77.72303
2828	13.01100	77.73156
2829	13.01100	77.73704
2830	13.01101	77.73151
2831	13.01101	77.73626
2832	13.01101	77.73146
2833	13.01102	77.72308
2834	13.01102	77.73141
2835	13.01103	77.73136
2836	13.01103	77.73131
2837	13.01104	77.73125
2838	13.01104	77.73631
2839	13.01104	77.72313
2840	13.01105	77.73120
2841	13.01105	77.73114
2842	13.01106	77.73109
2843	13.01107	77.73701
2844	13.01107	77.72318
2845	13.01107	77.73637
2846	13.01108	77.73103
2847	13.01108	77.73098
2848	13.01109	77.72324
2849	13.01110	77.73091
2850	13.01110	77.73642
2851	13.01111	77.73086
2852	13.01112	77.72329
2853	13.01112	77.73079
2854	13.01113	77.73698
2855	13.01113	77.73073
2856	13.01113	77.73648
2857	13.01114	77.72335
2858	13.01114	77.73067
2859	13.01115	77.73062
2860	13.01115	77.72340
2861	13.01115	77.73056
2862	13.01116	77.73051
2863	13.01116	77.72346
2864	13.01116	77.73654
2865	13.01116	77.73046
2866	13.01117	77.73039
2867	13.01118	77.73033
2868	13.01119	77.72352
2869	13.01119	77.73696
2870	13.01119	77.73027
2871	13.01119	77.73659
2872	13.01119	77.73022
2873	13.01119	77.72982
2874	13.01119	77.72976
2875	13.01120	77.73017
2876	13.01120	77.73010
2877	13.01120	77.73005
2878	13.01120	77.72999
2879	13.01120	77.72989
2880	13.01121	77.72970
2881	13.01121	77.72357
2882	13.01121	77.73664
2883	13.01123	77.72964
2884	13.01123	77.72363
2885	13.01123	77.73669
2886	13.01124	77.72957
2887	13.01125	77.73693
2888	13.01126	77.72951
2889	13.01126	77.72910
2890	13.01126	77.72903
2891	13.01126	77.72896
2892	13.01126	77.72889
2893	13.01126	77.72369
2894	13.01127	77.73675
2895	13.01127	77.72944
2896	13.01127	77.72918
2897	13.01127	77.72938
2898	13.01127	77.72931
2899	13.01127	77.72924
2900	13.01127	77.72884
2901	13.01128	77.72375
2902	13.01129	77.73681
2903	13.01129	77.72381
2904	13.01129	77.72878
2905	13.01130	77.72390
2906	13.01130	77.72396
2907	13.01131	77.72410
2908	13.01131	77.72402
2909	13.01131	77.73691
2910	13.01131	77.73686
2911	13.01132	77.72425
2912	13.01132	77.72418
2913	13.01132	77.72431
2914	13.01133	77.72872
2915	13.01133	77.72858
2916	13.01133	77.72852
2917	13.01133	77.72844
2918	13.01133	77.72445
2919	13.01133	77.72439
2920	13.01133	77.72864
2921	13.01133	77.72837
2922	13.01133	77.72828
2923	13.01133	77.72822
2924	13.01133	77.72815
2925	13.01133	77.72755
2926	13.01134	77.72808
2927	13.01134	77.72802
2928	13.01134	77.72749
2929	13.01134	77.72451
2930	13.01134	77.72762
2931	13.01134	77.72741
2932	13.01135	77.72795
2933	13.01135	77.72789
2934	13.01135	77.72734
2935	13.01135	77.72782
2936	13.01135	77.72776
2937	13.01135	77.72769
2938	13.01135	77.72457
2939	13.01136	77.72727
2940	13.01136	77.72721
2941	13.01136	77.72462
2942	13.01137	77.72714
2943	13.01137	77.72470
2944	13.01138	77.72707
2945	13.01138	77.72490
2946	13.01138	77.72483
2947	13.01138	77.72477
2948	13.01138	77.72496
2949	13.01139	77.72698
2950	13.01139	77.72692
2951	13.01139	77.72684
2952	13.01139	77.72677
2953	13.01139	77.72503
2954	13.01140	77.72509
2955	13.01140	77.72671
2956	13.01141	77.72522
2957	13.01141	77.72515
2958	13.01142	77.72664
2959	13.01142	77.72566
2960	13.01142	77.72559
2961	13.01142	77.72552
2962	13.01142	77.72546
2963	13.01142	77.72539
2964	13.01142	77.72530
2965	13.01143	77.72658
2966	13.01143	77.72573
2967	13.01143	77.72615
2968	13.01143	77.72608
2969	13.01143	77.72587
2970	13.01143	77.72580
2971	13.01144	77.72649
2972	13.01144	77.72600
2973	13.01144	77.72593
2974	13.01144	77.72622
2975	13.01145	77.72642
2976	13.01145	77.72634
2977	13.01145	77.72628
