Rank	Latitude	Longitude
1	12.99068	77.68962
2	12.99073	77.68967
3	12.99080	77.68971
4	12.99086	77.68974
5	12.99092	77.68977
6	12.99098	77.68980
7	12.99104	77.68983
8	12.99110	77.68988
9	12.99116	77.68991
10	12.99121	77.68993
11	12.99127	77.68996
12	12.99132	77.68998
13	12.99138	77.69000
14	12.99144	77.69002
15	12.99150	77.69005
16	12.99156	77.69007
17	12.99162	77.69009
18	12.99167	77.69009
19	12.99175	77.69010
20	12.99181	77.69011
21	12.99187	77.69012
22	12.99193	77.69014
23	12.99199	77.69016
24	12.99205	77.69017
25	12.99211	77.69020
26	12.99216	77.69022
27	12.99222	77.69024
28	12.99229	77.69028
29	12.99234	77.69031
30	12.99241	77.69034
31	12.99248	77.69035
32	12.99255	77.69038
33	12.99261	77.69040
34	12.99268	77.69043
35	12.99274	77.69045
36	12.99280	77.69048
37	12.99286	77.69050
38	12.99292	77.69052
39	12.99298	77.69054
40	12.99303	77.69057
41	12.99310	77.69060
42	12.99316	77.69063
43	12.99322	77.69066
44	12.99327	77.69067
45	12.99334	77.69070
46	12.99340	77.69072
47	12.99347	77.69075
48	12.99353	77.69077
49	12.99359	77.69078
50	12.99364	77.69081
51	12.99370	77.69084
52	12.99376	77.69087
53	12.99383	77.69090
54	12.99388	77.69091
55	12.99394	77.69093
56	12.99399	77.69094
57	12.99405	77.69097
58	12.99411	77.69099
59	12.99417	77.69102
60	12.99423	77.69105
61	12.99429	77.69109
62	12.99435	77.69112
63	12.99440	77.69115
64	12.99446	77.69119
65	12.99453	77.69122
66	12.99459	77.69125
67	12.99464	77.69129
68	12.99470	77.69133
69	12.99476	77.69136
70	12.99481	77.69140
71	12.99486	77.69143
72	12.99492	77.69146
73	12.99498	77.69149
74	12.99504	77.69152
75	12.99509	77.69154
76	12.99515	77.69156
77	12.99520	77.69158
78	12.99526	77.69160
79	12.99532	77.69162
80	12.99537	77.69165
81	12.99542	77.69166
82	12.99549	77.69168
83	12.99556	77.69170
84	12.99562	77.69173
85	12.99569	77.69174
86	12.99574	77.69177
87	12.99581	77.69179
88	12.99586	77.69180
89	12.99588	77.69185
90	12.99586	77.69191
91	12.99583	77.69197
92	12.99581	77.69203
93	12.99579	77.69208
94	12.99576	77.69214
95	12.99574	77.69219
96	12.99571	77.69224
97	12.99567	77.69230
98	12.99564	77.69237
99	12.99562	77.69243
100	12.99561	77.69248
101	12.99559	77.69255
102	12.99557	77.69261
103	12.99555	77.69267
104	12.99554	77.69272
105	12.99552	77.69278
106	12.99549	77.69283
107	12.99549	77.69288
108	12.99547	77.69294
109	12.99545	77.69299
110	12.99542	77.69305
111	12.99539	77.69311
112	12.99537	77.69316
113	12.99534	77.69321
114	12.99531	77.69326
115	12.99528	77.69332
116	12.99526	77.69338
117	12.99525	77.69343
118	12.99523	77.69349
119	12.99520	77.69354
120	12.99518	77.69360
121	12.99516	77.69365
122	12.99513	77.69371
123	12.99511	77.69376
124	12.99509	77.69382
125	12.99508	77.69388
126	12.99506	77.69393
127	12.99504	77.69399
128	12.99503	77.69405
129	12.99500	77.69410
130	12.99498	77.69416
131	12.99496	77.69421
132	12.99495	77.69427
133	12.99493	77.69432
134	12.99491	77.69438
135	12.99490	77.69444
136	12.99488	77.69450
137	12.99486	77.69456
138	12.99484	77.69461
139	12.99481	77.69467
140	12.99478	77.69473
141	12.99475	77.69480
142	12.99473	77.69485
143	12.99471	77.69491
144	12.99469	77.69496
145	12.99468	77.69501
146	12.99465	77.69507
147	12.99462	77.69513
148	12.99459	77.69519
149	12.99457	77.69524
150	12.99455	77.69529
151	12.99453	77.69535
152	12.99450	77.69541
153	12.99447	77.69547
154	12.99444	77.69553
155	12.99441	77.69559
156	12.99438	77.69564
157	12.99436	77.69571
158	12.99434	77.69576
159	12.99431	77.69582
160	12.99428	77.69588
161	12.99426	77.69594
162	12.99424	77.69600
163	12.99421	77.69605
164	12.99420	77.69611
165	12.99418	77.69616
166	12.99417	77.69622
167	12.99416	77.69628
168	12.99414	77.69633
169	12.99414	77.69639
170	12.99412	77.69644
171	12.99411	77.69650
172	12.99409	77.69656
173	12.99408	77.69662
174	12.99406	77.69667
175	12.99404	77.69672
176	12.99403	77.69679
177	12.99401	77.69685
178	12.99400	77.69691
179	12.99399	77.69698
180	12.99397	77.69704
181	12.99395	77.69710
182	12.99395	77.69716
183	12.99394	77.69722
184	12.99394	77.69727
185	12.99393	77.69733
186	12.99392	77.69739
187	12.99392	77.69744
188	12.99391	77.69749
189	12.99390	77.69755
190	12.99389	77.69761
191	12.99389	77.69766
192	12.99389	77.69772
193	12.99388	77.69777
194	12.99387	77.69783
195	12.99387	77.69789
196	12.99387	77.69795
197	12.99387	77.69800
198	12.99386	77.69805
199	12.99385	77.69811
200	12.99385	77.69817
201	12.99385	77.69822
202	12.99385	77.69828
203	12.99385	77.69834
204	12.99385	77.69839
205	12.99384	77.69845
206	12.99382	77.69851
207	12.99380	77.69858
208	12.99378	77.69863
209	12.99375	77.69869
210	12.99374	77.69875
211	12.99374	77.69881
212	12.99373	77.69887
213	12.99372	77.69893
214	12.99370	77.69899
215	12.99368	77.69905
216	12.99367	77.69910
217	12.99364	77.69916
218	12.99362	77.69921
219	12.99359	77.69926
220	12.99357	77.69933
221	12.99355	77.69939
222	12.99353	77.69944
223	12.99352	77.69949
224	12.99351	77.69955
225	12.99349	77.69961
226	12.99348	77.69966
227	12.99346	77.69971
228	12.99343	77.69977
229	12.99341	77.69983
230	12.99339	77.69988
231	12.99337	77.69994
232	12.99335	77.70000
233	12.99334	77.70005
234	12.99332	77.70011
235	12.99330	77.70016
236	12.99328	77.70022
237	12.99326	77.70027
238	12.99323	77.70034
239	12.99322	77.70039
240	12.99319	77.70046
241	12.99316	77.70052
242	12.99314	77.70058
243	12.99313	77.70064
244	12.99311	77.70069
245	12.99310	77.70075
246	12.99308	77.70080
247	12.99307	77.70086
248	12.99305	77.70092
249	12.99302	77.70097
250	12.99301	77.70104
251	12.99299	77.70109
252	12.99298	77.70115
253	12.99296	77.70121
254	12.99295	77.70127
255	12.99293	77.70133
256	12.99292	77.70138
257	12.99290	77.70144
258	12.99288	77.70150
259	12.99286	77.70156
260	12.99284	77.70162
261	12.99283	77.70169
262	12.99283	77.70174
263	12.99282	77.70180
264	12.99280	77.70186
265	12.99278	77.70192
266	12.99276	77.70198
267	12.99274	77.70204
268	12.99272	77.70209
269	12.99271	77.70214
270	12.99270	77.70220
271	12.99269	77.70226
272	12.99269	77.70233
273	12.99275	77.70238
274	12.99280	77.70238
275	12.99286	77.70238
276	12.99291	77.70238
277	12.99297	77.70239
278	12.99303	77.70239
279	12.99308	77.70240
280	12.99314	77.70240
281	12.99319	77.70241
282	12.99325	77.70242
283	12.99330	77.70243
284	12.99336	77.70243
285	12.99341	77.70244
286	12.99347	77.70244
287	12.99353	77.70245
288	12.99358	77.70245
289	12.99364	77.70244
290	12.99370	77.70244
291	12.99376	77.70245
292	12.99381	77.70246
293	12.99387	77.70247
294	12.99392	77.70248
295	12.99397	77.70249
296	12.99403	77.70249
297	12.99409	77.70249
298	12.99415	77.70250
299	12.99420	77.70250
300	12.99426	77.70250
301	12.99432	77.70250
302	12.99438	77.70251
303	12.99444	77.70251
304	12.99449	77.70252
305	12.99456	77.70253
306	12.99462	77.70254
307	12.99467	77.70255
308	12.99474	77.70255
309	12.99481	77.70256
310	12.99487	77.70257
311	12.99493	77.70258
312	12.99497	77.70264
313	12.99499	77.70270
314	12.99500	77.70276
315	12.99502	77.70282
316	12.99503	77.70287
317	12.99505	77.70292
318	12.99507	77.70298
319	12.99509	77.70304
320	12.99511	77.70310
321	12.99512	77.70316
322	12.99514	77.70321
323	12.99515	77.70327
324	12.99517	77.70332
325	12.99520	77.70338
326	12.99522	77.70343
327	12.99525	77.70349
328	12.99527	77.70354
329	12.99531	77.70360
330	12.99534	77.70366
331	12.99537	77.70372
332	12.99541	77.70377
333	12.99546	77.70383
334	12.99550	77.70389
335	12.99554	77.70394
336	12.99559	77.70400
337	12.99563	77.70406
338	12.99568	77.70411
339	12.99574	77.70416
340	12.99579	77.70421
341	12.99584	77.70427
342	12.99589	77.70432
343	12.99594	77.70438
344	12.99600	77.70444
345	12.99605	77.70449
346	12.99611	77.70454
347	12.99617	77.70459
348	12.99623	77.70465
349	12.99629	77.70470
350	12.99635	77.70475
351	12.99641	77.70478
352	12.99647	77.70481
353	12.99652	77.70485
354	12.99657	77.70489
355	12.99663	77.70492
356	12.99669	77.70495
357	12.99674	77.70500
358	12.99680	77.70504
359	12.99685	77.70507
360	12.99691	77.70511
361	12.99696	77.70515
362	12.99702	77.70517
363	12.99707	77.70520
364	12.99713	77.70521
365	12.99720	77.70520
366	12.99726	77.70520
367	12.99732	77.70521
368	12.99738	77.70521
369	12.99743	77.70522
370	12.99748	77.70523
371	12.99753	77.70524
372	12.99759	77.70526
373	12.99765	77.70527
374	12.99771	77.70528
375	12.99776	77.70529
376	12.99782	77.70530
377	12.99789	77.70530
378	12.99795	77.70532
379	12.99801	77.70532
380	12.99806	77.70532
381	12.99811	77.70531
382	12.99817	77.70531
383	12.99817	77.70536
384	12.99816	77.70541
385	12.99816	77.70547
386	12.99816	77.70553
387	12.99816	77.70559
388	12.99815	77.70565
389	12.99814	77.70571
390	12.99813	77.70577
391	12.99811	77.70582
392	12.99810	77.70587
393	12.99809	77.70593
394	12.99807	77.70599
395	12.99805	77.70605
396	12.99804	77.70611
397	12.99804	77.70616
398	12.99804	77.70621
399	12.99804	77.70627
400	12.99803	77.70633
401	12.99803	77.70638
402	12.99803	77.70644
403	12.99802	77.70649
404	12.99801	77.70654
405	12.99801	77.70660
406	12.99800	77.70666
407	12.99799	77.70672
408	12.99799	77.70677
409	12.99798	77.70683
410	12.99797	77.70689
411	12.99796	77.70694
412	12.99795	77.70700
413	12.99794	77.70706
414	12.99792	77.70712
415	12.99792	77.70717
416	12.99791	77.70722
417	12.99790	77.70728
418	12.99790	77.70734
419	12.99789	77.70740
420	12.99787	77.70746
421	12.99786	77.70751
422	12.99785	77.70757
423	12.99784	77.70762
424	12.99783	77.70768
425	12.99781	77.70773
426	12.99779	77.70779
427	12.99778	77.70784
428	12.99776	77.70790
429	12.99775	77.70795
430	12.99773	77.70802
431	12.99771	77.70808
432	12.99770	77.70814
433	12.99767	77.70820
434	12.99767	77.70825
435	12.99766	77.70830
436	12.99764	77.70837
437	12.99763	77.70842
438	12.99762	77.70848
439	12.99761	77.70853
440	12.99760	77.70859
441	12.99759	77.70865
442	12.99757	77.70871
443	12.99755	77.70876
444	12.99753	77.70882
445	12.99752	77.70887
446	12.99750	77.70892
447	12.99749	77.70897
448	12.99747	77.70904
449	12.99746	77.70909
450	12.99745	77.70915
451	12.99744	77.70921
452	12.99742	77.70927
453	12.99741	77.70933
454	12.99740	77.70939
455	12.99738	77.70945
456	12.99736	77.70950
457	12.99735	77.70955
458	12.99733	77.70961
459	12.99732	77.70966
460	12.99731	77.70972
461	12.99729	77.70978
462	12.99727	77.70983
463	12.99725	77.70989
464	12.99723	77.70995
465	12.99723	77.71000
466	12.99718	77.71003
467	12.99712	77.71001
468	12.99706	77.70999
469	12.99700	77.70996
470	12.99694	77.70994
471	12.99688	77.70993
472	12.99682	77.70991
473	12.99677	77.70989
474	12.99671	77.70986
475	12.99665	77.70983
476	12.99659	77.70980
477	12.99653	77.70975
478	12.99648	77.70971
479	12.99641	77.70967
480	12.99634	77.70964
481	12.99628	77.70962
482	12.99622	77.70960
483	12.99616	77.70959
484	12.99610	77.70956
485	12.99604	77.70954
486	12.99598	77.70952
487	12.99592	77.70950
488	12.99586	77.70947
489	12.99580	77.70944
490	12.99575	77.70942
491	12.99569	77.70940
492	12.99564	77.70937
493	12.99557	77.70934
494	12.99551	77.70931
495	12.99545	77.70927
496	12.99538	77.70922
497	12.99532	77.70917
498	12.99527	77.70913
499	12.99521	77.70908
500	12.99515	77.70903
501	12.99509	77.70897
502	12.99504	77.70893
503	12.99498	77.70887
504	12.99493	77.70881
505	12.99487	77.70876
506	12.99483	77.70871
507	12.99478	77.70865
508	12.99476	77.70860
509	12.99474	77.70854
510	12.99472	77.70847
511	12.99470	77.70841
512	12.99469	77.70835
513	12.99467	77.70829
514	12.99466	77.70823
515	12.99465	77.70818
516	12.99463	77.70813
517	12.99462	77.70807
518	12.99462	77.70802
519	12.99461	77.70796
520	12.99461	77.70790
521	12.99461	77.70783
522	12.99460	77.70778
523	12.99460	77.70772
524	12.99460	77.70766
525	12.99460	77.70760
526	12.99459	77.70754
527	12.99459	77.70748
528	12.99460	77.70742
529	12.99460	77.70737
530	12.99461	77.70732
531	12.99462	77.70726
532	12.99462	77.70720
533	12.99463	77.70714
534	12.99465	77.70708
535	12.99467	77.70703
536	12.99468	77.70697
537	12.99469	77.70692
538	12.99470	77.70686
539	12.99470	77.70680
540	12.99470	77.70674
541	12.99470	77.70669
542	12.99470	77.70664
543	12.99470	77.70659
544	12.99470	77.70653
545	12.99470	77.70648
546	12.99470	77.70642
547	12.99470	77.70636
548	12.99471	77.70630
549	12.99464	77.70627
550	12.99458	77.70624
551	12.99453	77.70623
552	12.99447	77.70622
553	12.99442	77.70622
554	12.99436	77.70620
555	12.99431	77.70620
556	12.99425	77.70618
557	12.99419	77.70617
558	12.99413	77.70617
559	12.99408	77.70616
560	12.99402	77.70615
561	12.99397	77.70614
562	12.99391	77.70613
563	12.99385	77.70612
564	12.99379	77.70611
565	12.99373	77.70611
566	12.99367	77.70609
567	12.99362	77.70608
568	12.99356	77.70606
569	12.99350	77.70605
570	12.99345	77.70604
571	12.99338	77.70603
572	12.99332	77.70602
573	12.99326	77.70602
574	12.99321	77.70601
575	12.99315	77.70600
576	12.99308	77.70599
577	12.99302	77.70599
578	12.99297	77.70599
579	12.99291	77.70598
580	12.99285	77.70597
581	12.99279	77.70596
582	12.99273	77.70595
583	12.99268	77.70595
584	12.99262	77.70594
585	12.99256	77.70593
586	12.99250	77.70593
587	12.99244	77.70592
588	12.99239	77.70592
589	12.99233	77.70591
590	12.99227	77.70591
591	12.99221	77.70591
592	12.99216	77.70590
593	12.99210	77.70589
594	12.99205	77.70587
595	12.99199	77.70585
596	12.99193	77.70583
597	12.99188	77.70583
598	12.99182	77.70582
599	12.99177	77.70581
600	12.99176	77.70586
601	12.99175	77.70592
602	12.99174	77.70597
603	12.99172	77.70603
604	12.99170	77.70609
605	12.99169	77.70615
606	12.99167	77.70620
607	12.99166	77.70626
608	12.99166	77.70631
609	12.99164	77.70637
610	12.99164	77.70644
611	12.99162	77.70650
612	12.99162	77.70657
613	12.99161	77.70663
614	12.99161	77.70669
615	12.99161	77.70676
616	12.99161	77.70681
617	12.99161	77.70686
618	12.99161	77.70693
619	12.99161	77.70699
620	12.99161	77.70704
621	12.99161	77.70711
622	12.99161	77.70717
623	12.99161	77.70722
624	12.99162	77.70728
625	12.99164	77.70734
626	12.99164	77.70739
627	12.99165	77.70745
628	12.99164	77.70750
629	12.99163	77.70756
630	12.99161	77.70762
631	12.99160	77.70769
632	12.99160	77.70774
633	12.99159	77.70779
634	12.99158	77.70785
635	12.99158	77.70791
636	12.99158	77.70797
637	12.99158	77.70803
638	12.99157	77.70809
639	12.99156	77.70816
640	12.99155	77.70821
641	12.99155	77.70828
642	12.99155	77.70833
643	12.99155	77.70839
644	12.99156	77.70845
645	12.99156	77.70850
646	12.99155	77.70856
647	12.99155	77.70862
648	12.99154	77.70868
649	12.99154	77.70875
650	12.99154	77.70880
651	12.99154	77.70885
652	12.99153	77.70890
653	12.99152	77.70897
654	12.99152	77.70903
655	12.99151	77.70909
656	12.99151	77.70915
657	12.99151	77.70920
658	12.99150	77.70925
659	12.99149	77.70930
660	12.99149	77.70936
661	12.99148	77.70943
662	12.99147	77.70948
663	12.99147	77.70954
664	12.99146	77.70960
665	12.99146	77.70965
666	12.99146	77.70971
667	12.99146	77.70978
668	12.99146	77.70984
669	12.99146	77.70990
670	12.99146	77.70995
671	12.99146	77.71001
672	12.99146	77.71006
673	12.99146	77.71012
674	12.99146	77.71017
675	12.99146	77.71022
676	12.99146	77.71028
677	12.99146	77.71033
678	12.99147	77.71039
679	12.99147	77.71045
680	12.99147	77.71052
681	12.99147	77.71057
682	12.99148	77.71064
683	12.99148	77.71070
684	12.99148	77.71077
685	12.99148	77.71084
686	12.99148	77.71090
687	12.99148	77.71095
688	12.99148	77.71101
689	12.99149	77.71107
690	12.99150	77.71113
691	12.99149	77.71120
692	12.99149	77.71125
693	12.99148	77.71132
694	12.99148	77.71137
695	12.99148	77.71143
696	12.99147	77.71150
697	12.99146	77.71156
698	12.99146	77.71161
699	12.99145	77.71167
700	12.99144	77.71173
701	12.99144	77.71178
702	12.99143	77.71184
703	12.99142	77.71189
704	12.99141	77.71195
705	12.99141	77.71200
706	12.99140	77.71206
707	12.99140	77.71211
708	12.99139	77.71216
709	12.99138	77.71222
710	12.99137	77.71227
711	12.99136	77.71232
712	12.99134	77.71237
713	12.99132	77.71243
714	12.99131	77.71248
715	12.99129	77.71255
716	12.99127	77.71261
717	12.99126	77.71268
718	12.99125	77.71274
719	12.99120	77.71278
720	12.99113	77.71278
721	12.99107	77.71278
722	12.99101	77.71277
723	12.99096	77.71276
724	12.99089	77.71276
725	12.99082	77.71275
726	12.99075	77.71274
727	12.99069	77.71274
728	12.99063	77.71274
729	12.99058	77.71274
730	12.99052	77.71273
731	12.99046	77.71272
732	12.99040	77.71270
733	12.99035	77.71270
734	12.99029	77.71269
735	12.99024	77.71268
736	12.99016	77.71268
737	12.99010	77.71268
738	12.99004	77.71267
739	12.98999	77.71267
740	12.98994	77.71267
741	12.98988	77.71267
742	12.98983	77.71268
743	12.98977	77.71269
744	12.98971	77.71269
745	12.98965	77.71269
746	12.98960	77.71268
747	12.98954	77.71267
748	12.98948	77.71265
749	12.98942	77.71264
750	12.98936	77.71264
751	12.98932	77.71269
752	12.98931	77.71275
753	12.98930	77.71280
754	12.98928	77.71285
755	12.98927	77.71291
756	12.98926	77.71297
757	12.98925	77.71302
758	12.98924	77.71308
759	12.98923	77.71313
760	12.98921	77.71319
761	12.98921	77.71324
762	12.98920	77.71330
763	12.98918	77.71336
764	12.98916	77.71342
765	12.98915	77.71347
766	12.98914	77.71353
767	12.98913	77.71358
768	12.98912	77.71365
769	12.98911	77.71370
770	12.98909	77.71376
771	12.98908	77.71382
772	12.98906	77.71387
773	12.98906	77.71393
774	12.98905	77.71399
775	12.98904	77.71404
776	12.98902	77.71409
777	12.98900	77.71416
778	12.98898	77.71421
779	12.98897	77.71427
780	12.98895	77.71433
781	12.98895	77.71438
782	12.98894	77.71445
783	12.98893	77.71451
784	12.98891	77.71456
785	12.98888	77.71462
786	12.98886	77.71467
787	12.98884	77.71472
788	12.98883	77.71478
789	12.98887	77.71483
790	12.98891	77.71489
791	12.98894	77.71495
792	12.98898	77.71500
793	12.98900	77.71506
794	12.98904	77.71513
795	12.98907	77.71518
796	12.98911	77.71523
797	12.98917	77.71529
798	12.98922	77.71534
799	12.98928	77.71539
800	12.98933	77.71545
801	12.98937	77.71550
802	12.98941	77.71555
803	12.98947	77.71561
804	12.98952	77.71566
805	12.98958	77.71571
806	12.98964	77.71577
807	12.98967	77.71582
808	12.98970	77.71587
809	12.98973	77.71593
810	12.98976	77.71598
811	12.98980	77.71604
812	12.98985	77.71609
813	12.98989	77.71614
814	12.98995	77.71620
815	12.99001	77.71625
816	12.99006	77.71630
817	12.99011	77.71636
818	12.99015	77.71641
819	12.99019	77.71646
820	12.99024	77.71652
821	12.99030	77.71657
822	12.99035	77.71662
823	12.99041	77.71667
824	12.99047	77.71672
825	12.99053	77.71676
826	12.99058	77.71681
827	12.99064	77.71685
828	12.99069	77.71691
829	12.99074	77.71696
830	12.99077	77.71702
831	12.99080	77.71709
832	12.99082	77.71714
833	12.99083	77.71720
834	12.99086	77.71725
835	12.99087	77.71732
836	12.99088	77.71738
837	12.99088	77.71743
838	12.99088	77.71749
839	12.99088	77.71755
840	12.99088	77.71761
841	12.99088	77.71766
842	12.99088	77.71773
843	12.99088	77.71779
844	12.99087	77.71784
845	12.99086	77.71790
846	12.99085	77.71795
847	12.99085	77.71802
848	12.99084	77.71807
849	12.99084	77.71813
850	12.99084	77.71819
851	12.99084	77.71824
852	12.99084	77.71830
853	12.99084	77.71836
854	12.99084	77.71841
855	12.99085	77.71848
856	12.99086	77.71853
857	12.99086	77.71858
858	12.99086	77.71864
859	12.99087	77.71869
860	12.99087	77.71875
861	12.99087	77.71880
862	12.99087	77.71886
863	12.99087	77.71892
864	12.99087	77.71897
865	12.99086	77.71903
866	12.99085	77.71909
867	12.99085	77.71916
868	12.99085	77.71921
869	12.99085	77.71927
870	12.99084	77.71934
871	12.99084	77.71940
872	12.99084	77.71945
873	12.99085	77.71951
874	12.99085	77.71957
875	12.99085	77.71963
876	12.99085	77.71969
877	12.99085	77.71975
878	12.99085	77.71980
879	12.99084	77.71985
880	12.99084	77.71990
881	12.99083	77.71997
882	12.99083	77.72002
883	12.99083	77.72008
884	12.99083	77.72014
885	12.99081	77.72020
886	12.99080	77.72025
887	12.99079	77.72031
888	12.99079	77.72037
889	12.99079	77.72044
890	12.99079	77.72049
891	12.99078	77.72055
892	12.99078	77.72060
893	12.99076	77.72066
894	12.99075	77.72071
895	12.99074	77.72077
896	12.99072	77.72083
897	12.99070	77.72088
898	12.99068	77.72094
899	12.99064	77.72100
900	12.99061	77.72106
901	12.99060	77.72111
902	12.99057	77.72117
903	12.99054	77.72122
904	12.99050	77.72128
905	12.99046	77.72133
906	12.99043	77.72140
907	12.99040	77.72145
908	12.99036	77.72151
909	12.99033	77.72157
910	12.99030	77.72163
911	12.99028	77.72169
912	12.99024	77.72175
913	12.99021	77.72180
914	12.99018	77.72185
915	12.99015	77.72191
916	12.99012	77.72196
917	12.99009	77.72202
918	12.99006	77.72208
919	12.99004	77.72213
920	12.99001	77.72218
921	12.98998	77.72224
922	12.98995	77.72230
923	12.98992	77.72236
924	12.98989	77.72241
925	12.98986	77.72247
926	12.98983	77.72252
927	12.98979	77.72258
928	12.98974	77.72264
929	12.98971	77.72269
930	12.98969	77.72274
931	12.98966	77.72279
932	12.98964	77.72286
933	12.98961	77.72292
934	12.98959	77.72297
935	12.98957	77.72303
936	12.98954	77.72309
937	12.98951	77.72314
938	12.98947	77.72320
939	12.98944	77.72326
940	12.98942	77.72331
941	12.98939	77.72337
942	12.98936	77.72342
943	12.98934	77.72349
944	12.98931	77.72354
945	12.98929	77.72361
946	12.98927	77.72366
947	12.98925	77.72372
948	12.98924	77.72378
949	12.98922	77.72385
950	12.98920	77.72392
951	12.98918	77.72397
952	12.98917	77.72402
953	12.98915	77.72408
954	12.98913	77.72414
955	12.98912	77.72420
956	12.98910	77.72426
957	12.98908	77.72433
958	12.98907	77.72438
959	12.98906	77.72445
960	12.98904	77.72451
961	12.98903	77.72456
962	12.98901	77.72462
963	12.98898	77.72468
964	12.98896	77.72474
965	12.98894	77.72481
966	12.98893	77.72486
967	12.98891	77.72491
968	12.98889	77.72498
969	12.98887	77.72503
970	12.98885	77.72510
971	12.98884	77.72516
972	12.98882	77.72522
973	12.98881	77.72528
974	12.98880	77.72534
975	12.98879	77.72540
976	12.98879	77.72545
977	12.98877	77.72551
978	12.98876	77.72557
979	12.98874	77.72563
980	12.98872	77.72568
981	12.98870	77.72573
982	12.98867	77.72579
983	12.98864	77.72585
984	12.98862	77.72591
985	12.98858	77.72597
986	12.98856	77.72603
987	12.98854	77.72609
988	12.98852	77.72615
989	12.98850	77.72621
990	12.98848	77.72627
991	12.98845	77.72634
992	12.98842	77.72640
993	12.98839	77.72646
994	12.98836	77.72651
995	12.98833	77.72656
996	12.98829	77.72663
997	12.98827	77.72669
998	12.98824	77.72674
999	12.98819	77.72680
1000	12.98816	77.72686
1001	12.98813	77.72692
1002	12.98809	77.72697
1003	12.98806	77.72703
1004	12.98803	77.72708
1005	12.98799	77.72713
1006	12.98796	77.72720
1007	12.98794	77.72725
1008	12.98791	77.72731
1009	12.98789	77.72736
1010	12.98787	77.72742
1011	12.98786	77.72747
1012	12.98784	77.72752
1013	12.98783	77.72758
1014	12.98781	77.72763
1015	12.98778	77.72770
1016	12.98777	77.72776
1017	12.98775	77.72782
1018	12.98773	77.72788
1019	12.98772	77.72793
1020	12.98771	77.72800
1021	12.98769	77.72806
1022	12.98768	77.72812
1023	12.98767	77.72818
1024	12.98766	77.72824
1025	12.98765	77.72830
1026	12.98764	77.72837
1027	12.98763	77.72843
1028	12.98762	77.72848
1029	12.98760	77.72854
1030	12.98758	77.72861
1031	12.98757	77.72867
1032	12.98755	77.72872
1033	12.98753	77.72878
1034	12.98752	77.72884
1035	12.98751	77.72889
1036	12.98751	77.72895
1037	12.98749	77.72901
1038	12.98748	77.72907
1039	12.98747	77.72913
1040	12.98745	77.72920
1041	12.98744	77.72925
1042	12.98743	77.72930
1043	12.98741	77.72937
1044	12.98739	77.72944
1045	12.98738	77.72949
1046	12.98736	77.72955
1047	12.98735	77.72960
1048	12.98734	77.72965
1049	12.98733	77.72971
1050	12.98732	77.72977
1051	12.98731	77.72984
1052	12.98730	77.72989
1053	12.98729	77.72994
1054	12.98728	77.73000
1055	12.98727	77.73005
1056	12.98725	77.73011
1057	12.98724	77.73017
1058	12.98723	77.73024
1059	12.98723	77.73029
1060	12.98721	77.73035
1061	12.98720	77.73041
1062	12.98719	77.73048
1063	12.98718	77.73053
1064	12.98717	77.73059
1065	12.98717	77.73065
1066	12.98716	77.73070
1067	12.98715	77.73076
1068	12.98714	77.73081
1069	12.98714	77.73087
1070	12.98714	77.73093
1071	12.98714	77.73099
1072	12.98713	77.73106
1073	12.98713	77.73111
1074	12.98712	77.73116
1075	12.98711	77.73123
1076	12.98711	77.73128
1077	12.98710	77.73135
1078	12.98709	77.73141
1079	12.98708	77.73148
1080	12.98707	77.73154
1081	12.98706	77.73160
1082	12.98704	77.73166
1083	12.98703	77.73171
1084	12.98701	77.73177
1085	12.98700	77.73182
1086	12.98698	77.73187
1087	12.98696	77.73193
1088	12.98696	77.73199
1089	12.98694	77.73205
1090	12.98693	77.73210
1091	12.98692	77.73216
1092	12.98692	77.73222
1093	12.98691	77.73227
1094	12.98690	77.73233
1095	12.98689	77.73240
1096	12.98688	77.73245
1097	12.98687	77.73250
1098	12.98686	77.73256
1099	12.98685	77.73262
1100	12.98685	77.73268
1101	12.98685	77.73274
1102	12.98685	77.73281
1103	12.98680	77.73279
1104	12.98674	77.73279
1105	12.98668	77.73279
1106	12.98661	77.73279
1107	12.98656	77.73279
1108	12.98649	77.73279
1109	12.98643	77.73279
1110	12.98638	77.73280
1111	12.98632	77.73280
1112	12.98626	77.73280
1113	12.98621	77.73280
1114	12.98616	77.73280
1115	12.98610	77.73280
1116	12.98604	77.73281
1117	12.98597	77.73282
1118	12.98592	77.73283
1119	12.98585	77.73284
1120	12.98579	77.73284
1121	12.98572	77.73284
1122	12.98566	77.73285
1123	12.98560	77.73285
1124	12.98554	77.73285
1125	12.98549	77.73286
1126	12.98542	77.73287
1127	12.98536	77.73287
1128	12.98530	77.73288
1129	12.98524	77.73289
1130	12.98518	77.73291
1131	12.98511	77.73293
1132	12.98505	77.73296
1133	12.98499	77.73301
1134	12.98494	77.73305
1135	12.98488	77.73312
1136	12.98482	77.73317
1137	12.98477	77.73321
1138	12.98471	77.73325
1139	12.98464	77.73328
1140	12.98459	77.73331
1141	12.98452	77.73334
1142	12.98445	77.73338
1143	12.98439	77.73341
1144	12.98434	77.73346
1145	12.98430	77.73352
1146	12.98424	77.73356
1147	12.98423	77.73362
1148	12.98421	77.73367
1149	12.98421	77.73373
1150	12.98421	77.73379
1151	12.98420	77.73385
1152	12.98420	77.73390
1153	12.98418	77.73396
1154	12.98418	77.73401
1155	12.98418	77.73407
1156	12.98418	77.73412
1157	12.98418	77.73418
1158	12.98418	77.73424
1159	12.98418	77.73429
1160	12.98418	77.73435
1161	12.98418	77.73440
1162	12.98417	77.73445
1163	12.98416	77.73451
1164	12.98416	77.73456
1165	12.98416	77.73462
1166	12.98417	77.73467
1167	12.98418	77.73474
1168	12.98411	77.73476
1169	12.98405	77.73477
1170	12.98400	77.73478
1171	12.98394	77.73478
1172	12.98389	77.73479
1173	12.98383	77.73479
1174	12.98377	77.73479
1175	12.98372	77.73479
1176	12.98366	77.73479
1177	12.98360	77.73479
1178	12.98356	77.73486
1179	12.98355	77.73492
1180	12.98355	77.73497
1181	12.98355	77.73503
1182	12.98354	77.73510
1183	12.98354	77.73515
1184	12.98354	77.73521
1185	12.98354	77.73527
1186	12.98354	77.73532
1187	12.98353	77.73537
1188	12.98353	77.73543
1189	12.98353	77.73549
1190	12.98354	77.73556
1191	12.98355	77.73561
1192	12.98354	77.73567
1193	12.98354	77.73572
1194	12.98355	77.73578
1195	12.98356	77.73584
1196	12.98356	77.73589
1197	12.98354	77.73595
1198	12.98354	77.73601
1199	12.98354	77.73607
1200	12.98354	77.73612
1201	12.98354	77.73618
1202	12.98354	77.73625
1203	12.98354	77.73630
1204	12.98354	77.73636
1205	12.98353	77.73641
1206	12.98353	77.73647
1207	12.98353	77.73653
1208	12.98353	77.73658
1209	12.98353	77.73664
1210	12.98353	77.73670
1211	12.98353	77.73676
1212	12.98353	77.73681
1213	12.98353	77.73687
1214	12.98353	77.73694
1215	12.98353	77.73699
1216	12.98354	77.73705
1217	12.98354	77.73712
1218	12.98354	77.73717
1219	12.98354	77.73724
1220	12.98354	77.73729
1221	12.98353	77.73735
1222	12.98353	77.73741
1223	12.98353	77.73746
1224	12.98352	77.73752
1225	12.98353	77.73757
1226	12.98353	77.73762
1227	12.98354	77.73768
1228	12.98355	77.73774
1229	12.98355	77.73780
1230	12.98355	77.73786
1231	12.98355	77.73791
1232	12.98355	77.73798
1233	12.98355	77.73804
1234	12.98355	77.73810
1235	12.98355	77.73815
1236	12.98355	77.73820
1237	12.98354	77.73827
1238	12.98354	77.73833
1239	12.98354	77.73838
1240	12.98354	77.73845
1241	12.98355	77.73851
1242	12.98355	77.73857
1243	12.98355	77.73863
1244	12.98355	77.73868
1245	12.98355	77.73874
1246	12.98355	77.73879
1247	12.98354	77.73885
1248	12.98354	77.73891
1249	12.98354	77.73897
1250	12.98356	77.73902
1251	12.98358	77.73909
1252	12.98358	77.73914
1253	12.98359	77.73920
1254	12.98360	77.73925
1255	12.98360	77.73931
1256	12.98360	77.73936
1257	12.98360	77.73941
1258	12.98360	77.73947
1259	12.98361	77.73953
1260	12.98361	77.73959
1261	12.98361	77.73964
1262	12.98363	77.73970
1263	12.98364	77.73976
1264	12.98364	77.73982
1265	12.98370	77.73982
1266	12.98376	77.73982
1267	12.98382	77.73982
1268	12.98388	77.73982
1269	12.98394	77.73982
1270	12.98399	77.73982
1271	12.98406	77.73982
1272	12.98411	77.73981
1273	12.98417	77.73981
1274	12.98423	77.73981
1275	12.98429	77.73981
1276	12.98435	77.73981
1277	12.98440	77.73981
1278	12.98446	77.73981
1279	12.98451	77.73981
1280	12.98458	77.73980
1281	12.98463	77.73980
1282	12.98469	77.73980
1283	12.98474	77.73980
1284	12.98480	77.73980
1285	12.98486	77.73978
1286	12.98492	77.73978
1287	12.98498	77.73982
1288	12.98504	77.73987
1289	12.98507	77.73993
1290	12.98510	77.73999
1291	12.98512	77.74005
1292	12.98516	77.74011
1293	12.98518	77.74017
1294	12.98521	77.74023
1295	12.98524	77.74029
1296	12.98526	77.74034
1297	12.98527	77.74039
1298	12.98530	77.74045
1299	12.98531	77.74051
1300	12.98532	77.74056
1301	12.98535	77.74062
1302	12.98536	77.74067
1303	12.98537	77.74073
1304	12.98540	77.74078
1305	12.98542	77.74083
1306	12.98545	77.74090
1307	12.98548	77.74095
1308	12.98551	77.74101
1309	12.98554	77.74107
1310	12.98557	77.74113
1311	12.98560	77.74118
1312	12.98563	77.74123
1313	12.98566	77.74129
1314	12.98569	77.74134
1315	12.98573	77.74140
1316	12.98576	77.74145
1317	12.98578	77.74151
1318	12.98581	77.74156
1319	12.98584	77.74162
1320	12.98586	77.74167
1321	12.98588	77.74173
1322	12.98591	77.74179
1323	12.98596	77.74184
1324	12.98598	77.74189
1325	12.98597	77.74195
1326	12.98596	77.74202
1327	12.98595	77.74208
1328	12.98595	77.74214
1329	12.98594	77.74220
1330	12.98593	77.74225
1331	12.98592	77.74230
1332	12.98592	77.74236
1333	12.98591	77.74242
1334	12.98589	77.74247
1335	12.98588	77.74254
1336	12.98587	77.74260
1337	12.98585	77.74266
1338	12.98584	77.74272
1339	12.98582	77.74277
1340	12.98581	77.74283
1341	12.98580	77.74289
1342	12.98578	77.74294
1343	12.98576	77.74300
1344	12.98575	77.74305
1345	12.98574	77.74312
1346	12.98572	77.74317
1347	12.98571	77.74322
1348	12.98570	77.74328
1349	12.98568	77.74334
1350	12.98567	77.74339
1351	12.98566	77.74344
1352	12.98565	77.74350
1353	12.98565	77.74355
1354	12.98564	77.74360
1355	12.98563	77.74366
1356	12.98562	77.74373
1357	12.98560	77.74379
1358	12.98558	77.74386
1359	12.98557	77.74391
1360	12.98556	77.74397
1361	12.98554	77.74402
1362	12.98552	77.74407
1363	12.98550	77.74413
1364	12.98548	77.74419
1365	12.98547	77.74425
1366	12.98545	77.74430
1367	12.98544	77.74436
1368	12.98542	77.74442
1369	12.98541	77.74447
1370	12.98539	77.74453
1371	12.98538	77.74459
1372	12.98536	77.74465
1373	12.98535	77.74470
1374	12.98533	77.74477
1375	12.98532	77.74482
1376	12.98531	77.74487
1377	12.98529	77.74493
1378	12.98527	77.74500
1379	12.98526	77.74507
1380	12.98525	77.74513
1381	12.98524	77.74519
1382	12.98522	77.74525
1383	12.98521	77.74531
1384	12.98519	77.74537
1385	12.98518	77.74542
1386	12.98516	77.74548
1387	12.98515	77.74554
1388	12.98514	77.74560
1389	12.98512	77.74566
1390	12.98511	77.74571
1391	12.98509	77.74577
1392	12.98507	77.74582
1393	12.98506	77.74587
1394	12.98504	77.74593
1395	12.98498	77.74597
1396	12.98492	77.74595
1397	12.98486	77.74593
1398	12.98481	77.74592
1399	12.98476	77.74589
1400	12.98470	77.74587
1401	12.98465	77.74584
1402	12.98459	77.74582
1403	12.98454	77.74579
1404	12.98448	77.74576
1405	12.98442	77.74573
1406	12.98436	77.74571
1407	12.98430	77.74568
1408	12.98425	77.74565
1409	12.98419	77.74562
1410	12.98412	77.74559
1411	12.98406	77.74556
1412	12.98400	77.74553
1413	12.98394	77.74550
1414	12.98389	77.74548
1415	12.98383	77.74546
1416	12.98377	77.74544
1417	12.98371	77.74542
1418	12.98364	77.74540
1419	12.98358	77.74537
1420	12.98352	77.74534
1421	12.98346	77.74531
1422	12.98339	77.74528
1423	12.98333	77.74525
1424	12.98327	77.74521
1425	12.98321	77.74519
1426	12.98316	77.74516
1427	12.98311	77.74515
1428	12.98305	77.74513
1429	12.98298	77.74510
1430	12.98293	77.74508
1431	12.98287	77.74506
1432	12.98281	77.74505
1433	12.98274	77.74502
1434	12.98268	77.74500
1435	12.98263	77.74499
1436	12.98256	77.74496
1437	12.98250	77.74493
1438	12.98244	77.74491
1439	12.98238	77.74491
1440	12.98232	77.74492
1441	12.98225	77.74492
1442	12.98219	77.74492
1443	12.98213	77.74493
1444	12.98207	77.74494
1445	12.98201	77.74494
1446	12.98195	77.74495
1447	12.98188	77.74497
1448	12.98183	77.74499
1449	12.98177	77.74500
1450	12.98171	77.74502
1451	12.98166	77.74504
1452	12.98159	77.74506
1453	12.98154	77.74507
1454	12.98148	77.74509
1455	12.98142	77.74510
1456	12.98136	77.74510
1457	12.98130	77.74509
1458	12.98124	77.74508
1459	12.98118	77.74507
1460	12.98113	77.74505
1461	12.98107	77.74503
1462	12.98101	77.74501
1463	12.98095	77.74499
1464	12.98090	77.74497
1465	12.98084	77.74496
1466	12.98078	77.74494
1467	12.98073	77.74492
1468	12.98067	77.74490
1469	12.98061	77.74488
1470	12.98055	77.74485
1471	12.98049	77.74482
1472	12.98044	77.74478
1473	12.98038	77.74475
1474	12.98033	77.74472
1475	12.98027	77.74468
1476	12.98022	77.74464
1477	12.98016	77.74460
1478	12.98009	77.74457
1479	12.98004	77.74454
1480	12.97998	77.74451
1481	12.97993	77.74448
1482	12.97987	77.74445
1483	12.97982	77.74443
1484	12.97977	77.74440
1485	12.97971	77.74437
1486	12.97964	77.74433
1487	12.97958	77.74430
1488	12.97953	77.74426
1489	12.97948	77.74423
1490	12.97942	77.74420
1491	12.97936	77.74418
1492	12.97931	77.74415
1493	12.97925	77.74412
1494	12.97918	77.74409
1495	12.97911	77.74406
1496	12.97904	77.74403
1497	12.97898	77.74400
1498	12.97892	77.74398
1499	12.97886	77.74396
1500	12.97879	77.74394
1501	12.97873	77.74391
1502	12.97867	77.74389
1503	12.97861	77.74387
1504	12.97854	77.74385
1505	12.97847	77.74383
1506	12.97842	77.74380
1507	12.97836	77.74378
1508	12.97830	77.74374
1509	12.97825	77.74371
1510	12.97819	77.74368
1511	12.97813	77.74365
1512	12.97806	77.74361
1513	12.97801	77.74358
1514	12.97795	77.74353
1515	12.97789	77.74349
1516	12.97783	77.74345
1517	12.97776	77.74341
1518	12.97770	77.74338
1519	12.97765	77.74335
1520	12.97758	77.74332
1521	12.97753	77.74331
1522	12.97748	77.74329
1523	12.97741	77.74327
1524	12.97735	77.74325
1525	12.97729	77.74324
1526	12.97723	77.74323
1527	12.97717	77.74323
1528	12.97710	77.74323
1529	12.97704	77.74323
1530	12.97698	77.74322
1531	12.97692	77.74321
1532	12.97686	77.74320
1533	12.97680	77.74319
1534	12.97675	77.74317
1535	12.97670	77.74316
1536	12.97664	77.74314
1537	12.97658	77.74312
1538	12.97652	77.74310
1539	12.97647	77.74309
1540	12.97640	77.74307
1541	12.97634	77.74305
1542	12.97627	77.74303
1543	12.97620	77.74301
1544	12.97614	77.74300
1545	12.97609	77.74298
1546	12.97603	77.74296
1547	12.97596	77.74294
1548	12.97590	77.74292
1549	12.97584	77.74291
1550	12.97579	77.74291
1551	12.97574	77.74287
1552	12.97568	77.74284
1553	12.97561	77.74282
1554	12.97555	77.74280
1555	12.97548	77.74278
1556	12.97542	77.74276
1557	12.97536	77.74274
1558	12.97531	77.74272
1559	12.97525	77.74270
1560	12.97519	77.74268
1561	12.97513	77.74266
1562	12.97507	77.74264
1563	12.97501	77.74261
1564	12.97496	77.74258
1565	12.97490	77.74256
1566	12.97484	77.74253
1567	12.97478	77.74250
1568	12.97472	77.74247
1569	12.97465	77.74243
1570	12.97465	77.74238
1571	12.97465	77.74232
1572	12.97465	77.74226
1573	12.97466	77.74220
1574	12.97467	77.74213
1575	12.97469	77.74208
1576	12.97470	77.74203
1577	12.97472	77.74196
1578	12.97475	77.74191
1579	12.97477	77.74186
1580	12.97479	77.74180
1581	12.97481	77.74174
1582	12.97483	77.74168
1583	12.97485	77.74163
1584	12.97487	77.74158
1585	12.97488	77.74152
1586	12.97490	77.74145
1587	12.97491	77.74140
1588	12.97492	77.74133
1589	12.97493	77.74128
1590	12.97494	77.74121
1591	12.97496	77.74116
1592	12.97497	77.74110
1593	12.97499	77.74105
1594	12.97501	77.74099
1595	12.97503	77.74093
1596	12.97504	77.74088
1597	12.97507	77.74082
1598	12.97509	77.74077
1599	12.97512	77.74071
1600	12.97515	77.74066
1601	12.97520	77.74067
1602	12.97527	77.74069
1603	12.97532	77.74070
1604	12.97539	77.74071
1605	12.97544	77.74073
1606	12.97550	77.74074
1607	12.97555	77.74075
1608	12.97561	77.74073
1609	12.97562	77.74068
1610	12.97564	77.74061
1611	12.97566	77.74055
1612	12.97568	77.74050
1613	12.97570	77.74044
1614	12.97573	77.74037
1615	12.97576	77.74032
1616	12.97578	77.74027
1617	12.97581	77.74020
1618	12.97583	77.74015
1619	12.97585	77.74009
1620	12.97587	77.74003
1621	12.97588	77.73997
1622	12.97590	77.73992
1623	12.97593	77.73986
1624	12.97595	77.73980
1625	12.97597	77.73975
1626	12.97598	77.73969
1627	12.97600	77.73963
1628	12.97601	77.73957
1629	12.97603	77.73952
1630	12.97604	77.73946
1631	12.97606	77.73941
1632	12.97608	77.73935
1633	12.97610	77.73930
1634	12.97611	77.73924
1635	12.97613	77.73919
1636	12.97615	77.73912
1637	12.97616	77.73907
1638	12.97617	77.73902
1639	12.97619	77.73895
1640	12.97620	77.73889
1641	12.97621	77.73884
1642	12.97623	77.73878
1643	12.97625	77.73871
1644	12.97626	77.73866
1645	12.97628	77.73860
1646	12.97629	77.73855
1647	12.97631	77.73849
1648	12.97633	77.73843
1649	12.97635	77.73838
1650	12.97636	77.73832
1651	12.97638	77.73826
1652	12.97640	77.73820
1653	12.97641	77.73813
1654	12.97643	77.73808
1655	12.97645	77.73803
1656	12.97646	77.73797
1657	12.97648	77.73792
1658	12.97649	77.73786
1659	12.97651	77.73780
1660	12.97653	77.73773
1661	12.97655	77.73767
1662	12.97658	77.73761
1663	12.97660	77.73755
1664	12.97663	77.73749
1665	12.97665	77.73743
1666	12.97666	77.73738
1667	12.97668	77.73732
1668	12.97661	77.73728
1669	12.97655	77.73727
1670	12.97649	77.73725
1671	12.97643	77.73723
1672	12.97637	77.73721
1673	12.97631	77.73719
1674	12.97625	77.73717
1675	12.97619	77.73715
1676	12.97613	77.73713
1677	12.97607	77.73711
1678	12.97601	77.73709
1679	12.97596	77.73706
1680	12.97590	77.73703
1681	12.97584	77.73701
1682	12.97579	77.73698
1683	12.97573	77.73695
1684	12.97567	77.73692
1685	12.97562	77.73689
1686	12.97556	77.73686
1687	12.97550	77.73684
1688	12.97544	77.73681
1689	12.97539	77.73678
1690	12.97533	77.73676
1691	12.97528	77.73673
1692	12.97522	77.73670
1693	12.97515	77.73667
1694	12.97509	77.73663
1695	12.97503	77.73660
1696	12.97497	77.73657
1697	12.97490	77.73654
1698	12.97485	77.73651
1699	12.97478	77.73647
1700	12.97472	77.73644
1701	12.97467	77.73641
1702	12.97461	77.73636
1703	12.97455	77.73629
1704	12.97452	77.73623
1705	12.97451	77.73618
1706	12.97448	77.73612
1707	12.97446	77.73606
1708	12.97444	77.73601
1709	12.97442	77.73595
1710	12.97441	77.73589
1711	12.97441	77.73584
1712	12.97440	77.73578
1713	12.97440	77.73573
1714	12.97439	77.73567
1715	12.97439	77.73562
1716	12.97439	77.73556
1717	12.97439	77.73551
1718	12.97439	77.73545
1719	12.97439	77.73539
1720	12.97439	77.73534
1721	12.97439	77.73527
1722	12.97439	77.73522
1723	12.97439	77.73516
1724	12.97440	77.73511
1725	12.97441	77.73505
1726	12.97443	77.73500
1727	12.97444	77.73494
1728	12.97444	77.73489
1729	12.97446	77.73482
1730	12.97446	77.73477
1731	12.97447	77.73471
1732	12.97448	77.73464
1733	12.97450	77.73459
1734	12.97451	77.73453
1735	12.97452	77.73447
1736	12.97452	77.73442
1737	12.97453	77.73436
1738	12.97454	77.73431
1739	12.97454	77.73424
1740	12.97454	77.73418
1741	12.97455	77.73411
1742	12.97456	77.73404
1743	12.97456	77.73398
1744	12.97456	77.73391
1745	12.97457	77.73386
1746	12.97457	77.73381
1747	12.97457	77.73375
1748	12.97457	77.73368
1749	12.97457	77.73363
1750	12.97457	77.73357
1751	12.97458	77.73351
1752	12.97459	77.73344
1753	12.97459	77.73339
1754	12.97460	77.73332
1755	12.97461	77.73325
1756	12.97462	77.73320
1757	12.97462	77.73315
1758	12.97463	77.73309
1759	12.97464	77.73302
1760	12.97464	77.73297
1761	12.97465	77.73291
1762	12.97466	77.73284
1763	12.97467	77.73279
1764	12.97467	77.73274
1765	12.97468	77.73269
1766	12.97469	77.73263
1767	12.97469	77.73257
1768	12.97470	77.73251
1769	12.97471	77.73244
1770	12.97471	77.73239
1771	12.97471	77.73233
1772	12.97472	77.73228
1773	12.97472	77.73221
1774	12.97472	77.73215
1775	12.97473	77.73210
1776	12.97473	77.73204
1777	12.97474	77.73198
1778	12.97475	77.73192
1779	12.97475	77.73186
1780	12.97475	77.73180
1781	12.97476	77.73175
1782	12.97476	77.73170
1783	12.97477	77.73165
1784	12.97478	77.73160
1785	12.97478	77.73153
1786	12.97479	77.73148
1787	12.97479	77.73142
1788	12.97480	77.73136
1789	12.97481	77.73130
1790	12.97481	77.73124
1791	12.97481	77.73119
1792	12.97480	77.73114
1793	12.97480	77.73107
1794	12.97479	77.73101
1795	12.97478	77.73096
1796	12.97478	77.73091
1797	12.97479	77.73084
1798	12.97480	77.73079
1799	12.97481	77.73074
1800	12.97481	77.73068
1801	12.97482	77.73062
1802	12.97483	77.73056
1803	12.97483	77.73051
1804	12.97484	77.73045
1805	12.97485	77.73039
1806	12.97486	77.73034
1807	12.97486	77.73027
1808	12.97487	77.73022
1809	12.97488	77.73017
1810	12.97488	77.73010
1811	12.97489	77.73004
1812	12.97490	77.72998
1813	12.97491	77.72993
1814	12.97492	77.72986
1815	12.97493	77.72981
1816	12.97493	77.72974
1817	12.97494	77.72968
1818	12.97494	77.72963
1819	12.97495	77.72957
1820	12.97496	77.72952
1821	12.97497	77.72946
1822	12.97497	77.72941
1823	12.97498	77.72935
1824	12.97499	77.72929
1825	12.97499	77.72924
1826	12.97500	77.72917
1827	12.97501	77.72911
1828	12.97502	77.72905
1829	12.97503	77.72900
1830	12.97503	77.72894
1831	12.97504	77.72887
1832	12.97505	77.72880
1833	12.97506	77.72875
1834	12.97506	77.72869
1835	12.97507	77.72863
1836	12.97508	77.72857
1837	12.97508	77.72851
1838	12.97508	77.72846
1839	12.97508	77.72840
1840	12.97509	77.72835
1841	12.97509	77.72830
1842	12.97510	77.72824
1843	12.97511	77.72818
1844	12.97512	77.72813
1845	12.97514	77.72806
1846	12.97515	77.72801
1847	12.97516	77.72795
1848	12.97517	77.72790
1849	12.97518	77.72784
1850	12.97519	77.72779
1851	12.97519	77.72773
1852	12.97520	77.72767
1853	12.97520	77.72761
1854	12.97520	77.72755
1855	12.97520	77.72749
1856	12.97520	77.72743
1857	12.97521	77.72737
1858	12.97522	77.72730
1859	12.97523	77.72724
1860	12.97523	77.72717
1861	12.97524	77.72712
1862	12.97524	77.72706
1863	12.97524	77.72701
1864	12.97525	77.72695
1865	12.97525	77.72689
1866	12.97525	77.72682
1867	12.97525	77.72676
1868	12.97526	77.72670
1869	12.97526	77.72664
1870	12.97527	77.72658
1871	12.97528	77.72652
1872	12.97528	77.72646
1873	12.97529	77.72640
1874	12.97530	77.72634
1875	12.97530	77.72628
1876	12.97530	77.72623
1877	12.97531	77.72617
1878	12.97532	77.72610
1879	12.97533	77.72604
1880	12.97533	77.72598
1881	12.97534	77.72593
1882	12.97535	77.72586
1883	12.97536	77.72580
1884	12.97536	77.72575
1885	12.97537	77.72570
1886	12.97538	77.72562
1887	12.97539	77.72556
1888	12.97540	77.72550
1889	12.97541	77.72545
1890	12.97541	77.72539
1891	12.97542	77.72534
1892	12.97543	77.72528
1893	12.97543	77.72522
1894	12.97544	77.72515
1895	12.97544	77.72510
1896	12.97545	77.72503
1897	12.97545	77.72497
1898	12.97545	77.72492
1899	12.97546	77.72486
1900	12.97546	77.72481
1901	12.97546	77.72475
1902	12.97546	77.72470
1903	12.97546	77.72464
1904	12.97547	77.72458
1905	12.97547	77.72453
1906	12.97548	77.72448
1907	12.97549	77.72442
1908	12.97549	77.72437
1909	12.97550	77.72431
1910	12.97551	77.72426
1911	12.97551	77.72420
1912	12.97551	77.72414
1913	12.97552	77.72408
1914	12.97553	77.72402
1915	12.97553	77.72396
1916	12.97554	77.72391
1917	12.97554	77.72386
1918	12.97555	77.72380
1919	12.97556	77.72374
1920	12.97556	77.72369
1921	12.97557	77.72364
1922	12.97558	77.72357
1923	12.97558	77.72352
1924	12.97559	77.72346
1925	12.97559	77.72341
1926	12.97560	77.72335
1927	12.97561	77.72329
1928	12.97561	77.72324
1929	12.97562	77.72317
1930	12.97563	77.72311
1931	12.97563	77.72306
1932	12.97564	77.72299
1933	12.97564	77.72294
1934	12.97564	77.72289
1935	12.97565	77.72283
1936	12.97565	77.72277
1937	12.97566	77.72271
1938	12.97566	77.72265
1939	12.97567	77.72259
1940	12.97568	77.72254
1941	12.97568	77.72249
1942	12.97569	77.72243
1943	12.97569	77.72238
1944	12.97569	77.72232
1945	12.97569	77.72227
1946	12.97570	77.72221
1947	12.97571	77.72215
1948	12.97571	77.72209
1949	12.97572	77.72203
1950	12.97573	77.72196
1951	12.97573	77.72191
1952	12.97574	77.72185
1953	12.97574	77.72179
1954	12.97575	77.72174
1955	12.97575	77.72167
1956	12.97576	77.72162
1957	12.97576	77.72155
1958	12.97577	77.72149
1959	12.97578	77.72143
1960	12.97579	77.72137
1961	12.97579	77.72132
1962	12.97580	77.72126
1963	12.97581	77.72121
1964	12.97582	77.72115
1965	12.97582	77.72109
1966	12.97583	77.72103
1967	12.97584	77.72098
1968	12.97585	77.72091
1969	12.97586	77.72086
1970	12.97586	77.72081
1971	12.97587	77.72075
1972	12.97587	77.72069
1973	12.97587	77.72064
1974	12.97587	77.72058
1975	12.97587	77.72052
1976	12.97587	77.72047
1977	12.97587	77.72041
1978	12.97588	77.72036
1979	12.97588	77.72029
1980	12.97588	77.72023
1981	12.97588	77.72018
1982	12.97589	77.72012
1983	12.97589	77.72006
1984	12.97589	77.72000
1985	12.97589	77.71994
1986	12.97589	77.71989
1987	12.97589	77.71984
1988	12.97589	77.71978
1989	12.97589	77.71972
1990	12.97590	77.71967
1991	12.97591	77.71961
1992	12.97591	77.71955
1993	12.97591	77.71948
1994	12.97591	77.71943
1995	12.97591	77.71937
1996	12.97591	77.71931
1997	12.97591	77.71926
1998	12.97592	77.71921
1999	12.97592	77.71915
2000	12.97593	77.71908
2001	12.97593	77.71903
2002	12.97594	77.71897
2003	12.97595	77.71890
2004	12.97595	77.71885
2005	12.97596	77.71880
2006	12.97596	77.71873
2007	12.97597	77.71867
2008	12.97598	77.71862
2009	12.97598	77.71857
2010	12.97599	77.71851
2011	12.97599	77.71845
2012	12.97599	77.71839
2013	12.97599	77.71834
2014	12.97600	77.71827
2015	12.97601	77.71822
2016	12.97601	77.71817
2017	12.97602	77.71811
2018	12.97602	77.71805
2019	12.97602	77.71800
2020	12.97603	77.71794
2021	12.97603	77.71788
2022	12.97604	77.71782
2023	12.97604	77.71777
2024	12.97606	77.71772
2025	12.97606	77.71766
2026	12.97606	77.71760
2027	12.97606	77.71755
2028	12.97606	77.71750
2029	12.97607	77.71744
2030	12.97607	77.71739
2031	12.97608	77.71732
2032	12.97608	77.71727
2033	12.97609	77.71720
2034	12.97610	77.71714
2035	12.97611	77.71708
2036	12.97611	77.71703
2037	12.97612	77.71697
2038	12.97613	77.71692
2039	12.97614	77.71686
2040	12.97615	77.71679
2041	12.97615	77.71674
2042	12.97616	77.71668
2043	12.97616	77.71663
2044	12.97617	77.71657
2045	12.97618	77.71651
2046	12.97619	77.71645
2047	12.97621	77.71639
2048	12.97622	77.71633
2049	12.97624	77.71626
2050	12.97625	77.71619
2051	12.97626	77.71613
2052	12.97627	77.71607
2053	12.97628	77.71601
2054	12.97629	77.71596
2055	12.97630	77.71589
2056	12.97631	77.71583
2057	12.97631	77.71576
2058	12.97632	77.71570
2059	12.97632	77.71564
2060	12.97633	77.71559
2061	12.97634	77.71553
2062	12.97634	77.71547
2063	12.97634	77.71542
2064	12.97640	77.71543
2065	12.97646	77.71544
2066	12.97652	77.71546
2067	12.97658	77.71547
2068	12.97664	77.71549
2069	12.97669	77.71550
2070	12.97675	77.71551
2071	12.97681	77.71552
2072	12.97687	77.71554
2073	12.97693	77.71556
2074	12.97699	77.71557
2075	12.97705	77.71559
2076	12.97711	77.71560
2077	12.97718	77.71561
2078	12.97724	77.71562
2079	12.97729	77.71563
2080	12.97735	77.71563
2081	12.97742	77.71565
2082	12.97748	77.71566
2083	12.97754	77.71569
2084	12.97760	77.71571
2085	12.97767	77.71574
2086	12.97773	77.71576
2087	12.97779	77.71578
2088	12.97785	77.71579
2089	12.97791	77.71580
2090	12.97796	77.71582
2091	12.97803	77.71584
2092	12.97808	77.71585
2093	12.97814	77.71586
2094	12.97819	77.71587
2095	12.97825	77.71588
2096	12.97831	77.71589
2097	12.97837	77.71590
2098	12.97843	77.71592
2099	12.97849	77.71593
2100	12.97854	77.71594
2101	12.97860	77.71594
2102	12.97867	77.71595
2103	12.97872	77.71595
2104	12.97878	77.71596
2105	12.97884	77.71596
2106	12.97889	77.71598
2107	12.97895	77.71600
2108	12.97900	77.71601
2109	12.97906	77.71603
2110	12.97912	77.71605
2111	12.97919	77.71607
2112	12.97925	77.71609
2113	12.97931	77.71611
2114	12.97936	77.71612
2115	12.97943	77.71614
2116	12.97948	77.71615
2117	12.97954	77.71617
2118	12.97959	77.71618
2119	12.97966	77.71619
2120	12.97972	77.71621
2121	12.97978	77.71623
2122	12.97983	77.71625
2123	12.97989	77.71629
2124	12.97995	77.71631
2125	12.98002	77.71634
2126	12.98005	77.71639
2127	12.98009	77.71645
2128	12.98013	77.71650
2129	12.98020	77.71655
2130	12.98025	77.71655
2131	12.98029	77.71650
2132	12.98033	77.71644
2133	12.98036	77.71639
2134	12.98040	77.71633
2135	12.98044	77.71627
2136	12.98047	77.71621
2137	12.98049	77.71616
2138	12.98052	77.71610
2139	12.98053	77.71605
2140	12.98055	77.71599
2141	12.98057	77.71594
2142	12.98059	77.71588
2143	12.98061	77.71582
2144	12.98062	77.71577
2145	12.98063	77.71571
2146	12.98064	77.71566
2147	12.98066	77.71560
2148	12.98068	77.71554
2149	12.98068	77.71549
2150	12.98069	77.71543
2151	12.98070	77.71538
2152	12.98073	77.71532
2153	12.98076	77.71526
2154	12.98079	77.71520
2155	12.98082	77.71515
2156	12.98085	77.71509
2157	12.98090	77.71503
2158	12.98095	77.71497
2159	12.98101	77.71492
2160	12.98108	77.71487
2161	12.98114	77.71482
2162	12.98120	77.71478
2163	12.98125	77.71472
2164	12.98131	77.71470
2165	12.98137	77.71467
2166	12.98143	77.71464
2167	12.98148	77.71461
2168	12.98154	77.71456
2169	12.98158	77.71450
2170	12.98162	77.71444
2171	12.98166	77.71439
2172	12.98170	77.71433
2173	12.98174	77.71428
2174	12.98178	77.71422
2175	12.98183	77.71416
2176	12.98187	77.71411
2177	12.98192	77.71405
2178	12.98196	77.71400
2179	12.98201	77.71394
2180	12.98206	77.71388
2181	12.98210	77.71382
2182	12.98214	77.71376
2183	12.98218	77.71370
2184	12.98221	77.71365
2185	12.98224	77.71359
2186	12.98227	77.71354
2187	12.98230	77.71348
2188	12.98232	77.71342
2189	12.98236	77.71336
2190	12.98241	77.71330
2191	12.98245	77.71323
2192	12.98247	77.71317
2193	12.98249	77.71311
2194	12.98251	77.71304
2195	12.98255	77.71297
2196	12.98257	77.71291
2197	12.98260	77.71286
2198	12.98263	77.71280
2199	12.98266	77.71274
2200	12.98269	77.71268
2201	12.98272	77.71262
2202	12.98275	77.71256
2203	12.98281	77.71250
2204	12.98286	77.71245
2205	12.98289	77.71239
2206	12.98289	77.71233
2207	12.98288	77.71228
2208	12.98287	77.71223
2209	12.98286	77.71217
2210	12.98286	77.71211
2211	12.98285	77.71206
2212	12.98285	77.71199
2213	12.98284	77.71193
2214	12.98283	77.71187
2215	12.98282	77.71181
2216	12.98281	77.71176
2217	12.98280	77.71170
2218	12.98278	77.71164
2219	12.98275	77.71159
2220	12.98274	77.71153
2221	12.98274	77.71148
2222	12.98274	77.71142
2223	12.98272	77.71136
2224	12.98272	77.71130
2225	12.98270	77.71125
2226	12.98268	77.71118
2227	12.98267	77.71113
2228	12.98266	77.71108
2229	12.98264	77.71102
2230	12.98262	77.71097
2231	12.98261	77.71091
2232	12.98260	77.71086
2233	12.98259	77.71080
2234	12.98257	77.71073
2235	12.98256	77.71067
2236	12.98255	77.71062
2237	12.98253	77.71057
2238	12.98251	77.71052
2239	12.98249	77.71046
2240	12.98248	77.71041
2241	12.98246	77.71035
2242	12.98245	77.71029
2243	12.98245	77.71023
2244	12.98244	77.71016
2245	12.98242	77.71011
2246	12.98241	77.71005
2247	12.98240	77.71000
2248	12.98238	77.70994
2249	12.98237	77.70989
2250	12.98235	77.70983
2251	12.98235	77.70976
2252	12.98234	77.70971
2253	12.98235	77.70965
2254	12.98241	77.70961
2255	12.98247	77.70957
2256	12.98252	77.70953
2257	12.98258	77.70948
2258	12.98264	77.70944
2259	12.98270	77.70941
2260	12.98276	77.70939
2261	12.98281	77.70939
2262	12.98287	77.70938
2263	12.98293	77.70937
2264	12.98299	77.70936
2265	12.98305	77.70935
2266	12.98311	77.70935
2267	12.98317	77.70934
2268	12.98323	77.70934
2269	12.98329	77.70932
2270	12.98335	77.70932
2271	12.98342	77.70931
2272	12.98348	77.70930
2273	12.98355	77.70929
2274	12.98361	77.70928
2275	12.98366	77.70927
2276	12.98372	77.70925
2277	12.98378	77.70924
2278	12.98385	77.70922
2279	12.98392	77.70920
2280	12.98397	77.70918
2281	12.98403	77.70916
2282	12.98409	77.70914
2283	12.98414	77.70911
2284	12.98420	77.70910
2285	12.98426	77.70908
2286	12.98432	77.70906
2287	12.98439	77.70905
2288	12.98446	77.70903
2289	12.98452	77.70902
2290	12.98457	77.70900
2291	12.98463	77.70897
2292	12.98469	77.70894
2293	12.98475	77.70892
2294	12.98480	77.70891
2295	12.98485	77.70890
2296	12.98491	77.70889
2297	12.98496	77.70887
2298	12.98503	77.70886
2299	12.98510	77.70884
2300	12.98515	77.70883
2301	12.98521	77.70881
2302	12.98528	77.70880
2303	12.98534	77.70878
2304	12.98541	77.70877
2305	12.98546	77.70876
2306	12.98552	77.70875
2307	12.98558	77.70874
2308	12.98565	77.70872
2309	12.98570	77.70871
2310	12.98576	77.70869
2311	12.98581	77.70867
2312	12.98587	77.70865
2313	12.98592	77.70864
2314	12.98598	77.70862
2315	12.98604	77.70860
2316	12.98610	77.70858
2317	12.98616	77.70856
2318	12.98621	77.70854
2319	12.98628	77.70853
2320	12.98633	77.70851
2321	12.98639	77.70850
2322	12.98644	77.70848
2323	12.98650	77.70845
2324	12.98656	77.70843
2325	12.98662	77.70840
2326	12.98664	77.70834
2327	12.98665	77.70828
2328	12.98666	77.70823
2329	12.98667	77.70817
2330	12.98667	77.70811
2331	12.98668	77.70806
2332	12.98669	77.70799
2333	12.98669	77.70794
2334	12.98670	77.70788
2335	12.98671	77.70783
2336	12.98672	77.70777
2337	12.98672	77.70771
2338	12.98672	77.70764
2339	12.98673	77.70759
2340	12.98673	77.70753
2341	12.98674	77.70747
2342	12.98674	77.70741
2343	12.98675	77.70735
2344	12.98676	77.70728
2345	12.98676	77.70721
2346	12.98677	77.70715
2347	12.98678	77.70710
2348	12.98678	77.70703
2349	12.98678	77.70697
2350	12.98678	77.70692
2351	12.98678	77.70686
2352	12.98672	77.70687
2353	12.98665	77.70688
2354	12.98660	77.70689
2355	12.98654	77.70691
2356	12.98648	77.70692
2357	12.98641	77.70693
2358	12.98636	77.70693
2359	12.98630	77.70694
2360	12.98625	77.70695
2361	12.98619	77.70695
2362	12.98613	77.70696
2363	12.98607	77.70697
2364	12.98601	77.70698
2365	12.98594	77.70700
2366	12.98588	77.70702
2367	12.98582	77.70704
2368	12.98580	77.70698
2369	12.98580	77.70692
2370	12.98580	77.70686
2371	12.98580	77.70680
2372	12.98580	77.70675
2373	12.98581	77.70669
2374	12.98581	77.70664
2375	12.98581	77.70658
2376	12.98581	77.70653
2377	12.98581	77.70648
2378	12.98581	77.70641
2379	12.98581	77.70636
2380	12.98581	77.70628
2381	12.98581	77.70623
2382	12.98581	77.70617
2383	12.98581	77.70611
2384	12.98581	77.70606
2385	12.98582	77.70600
2386	12.98582	77.70594
2387	12.98582	77.70589
2388	12.98582	77.70583
2389	12.98583	77.70578
2390	12.98584	77.70573
2391	12.98584	77.70568
2392	12.98585	77.70561
2393	12.98586	77.70556
2394	12.98587	77.70551
2395	12.98587	77.70545
2396	12.98587	77.70539
2397	12.98587	77.70533
2398	12.98586	77.70527
2399	12.98585	77.70522
2400	12.98583	77.70517
2401	12.98582	77.70511
2402	12.98580	77.70506
2403	12.98579	77.70501
2404	12.98576	77.70495
2405	12.98573	77.70489
2406	12.98568	77.70483
2407	12.98564	77.70477
2408	12.98560	77.70471
2409	12.98557	77.70466
2410	12.98554	77.70460
2411	12.98550	77.70455
2412	12.98546	77.70449
2413	12.98541	77.70443
2414	12.98536	77.70438
2415	12.98531	77.70432
2416	12.98526	77.70427
2417	12.98521	77.70421
2418	12.98516	77.70417
2419	12.98511	77.70413
2420	12.98505	77.70409
2421	12.98499	77.70403
2422	12.98494	77.70400
2423	12.98489	77.70396
2424	12.98483	77.70391
2425	12.98478	77.70387
2426	12.98472	77.70381
2427	12.98466	77.70376
2428	12.98461	77.70372
2429	12.98455	77.70367
2430	12.98449	77.70363
2431	12.98444	77.70359
2432	12.98438	77.70354
2433	12.98432	77.70350
2434	12.98427	77.70346
2435	12.98421	77.70342
2436	12.98415	77.70339
2437	12.98409	77.70335
2438	12.98403	77.70332
2439	12.98398	77.70329
2440	12.98394	77.70324
2441	12.98391	77.70318
2442	12.98388	77.70313
2443	12.98385	77.70307
2444	12.98381	77.70301
2445	12.98377	77.70295
2446	12.98374	77.70289
2447	12.98372	77.70284
2448	12.98369	77.70278
2449	12.98365	77.70273
2450	12.98361	77.70267
2451	12.98357	77.70262
2452	12.98353	77.70256
2453	12.98350	77.70251
2454	12.98346	77.70245
2455	12.98342	77.70239
2456	12.98338	77.70233
2457	12.98334	77.70227
2458	12.98330	77.70222
2459	12.98326	77.70216
2460	12.98323	77.70210
2461	12.98320	77.70204
2462	12.98317	77.70199
2463	12.98314	77.70194
2464	12.98310	77.70188
2465	12.98307	77.70182
2466	12.98304	77.70177
2467	12.98301	77.70171
2468	12.98297	77.70166
2469	12.98293	77.70160
2470	12.98289	77.70155
2471	12.98286	77.70149
2472	12.98283	77.70144
2473	12.98277	77.70149
2474	12.98274	77.70155
2475	12.98270	77.70160
2476	12.98264	77.70164
2477	12.98259	77.70166
2478	12.98252	77.70166
2479	12.98245	77.70166
2480	12.98240	77.70166
2481	12.98233	77.70166
2482	12.98228	77.70166
2483	12.98222	77.70166
2484	12.98216	77.70166
2485	12.98210	77.70166
2486	12.98205	77.70166
2487	12.98199	77.70166
2488	12.98194	77.70167
2489	12.98189	77.70168
2490	12.98183	77.70169
2491	12.98177	77.70170
2492	12.98171	77.70171
2493	12.98165	77.70171
2494	12.98159	77.70170
2495	12.98154	77.70170
2496	12.98148	77.70169
2497	12.98142	77.70168
2498	12.98137	77.70168
2499	12.98130	77.70168
2500	12.98125	77.70168
2501	12.98119	77.70168
2502	12.98114	77.70168
2503	12.98108	77.70168
2504	12.98103	77.70168
2505	12.98096	77.70167
2506	12.98090	77.70166
2507	12.98084	77.70165
2508	12.98077	77.70164
2509	12.98072	77.70163
2510	12.98065	77.70162
2511	12.98059	77.70161
2512	12.98054	77.70160
2513	12.98049	77.70158
2514	12.98043	77.70157
2515	12.98037	77.70155
2516	12.98032	77.70153
2517	12.98026	77.70151
2518	12.98020	77.70148
2519	12.98015	77.70145
2520	12.98009	77.70143
2521	12.98004	77.70141
2522	12.97997	77.70138
2523	12.97991	77.70134
2524	12.97985	77.70131
2525	12.97979	77.70129
2526	12.97974	77.70126
2527	12.97967	77.70122
2528	12.97961	77.70119
2529	12.97955	77.70115
2530	12.97949	77.70112
2531	12.97943	77.70109
2532	12.97937	77.70106
2533	12.97931	77.70104
2534	12.97925	77.70102
2535	12.97922	77.70097
2536	12.97924	77.70090
2537	12.97926	77.70085
2538	12.97928	77.70079
2539	12.97930	77.70073
2540	12.97932	77.70066
2541	12.97934	77.70061
2542	12.97937	77.70055
2543	12.97938	77.70050
2544	12.97940	77.70044
2545	12.97942	77.70038
2546	12.97945	77.70033
2547	12.97947	77.70028
2548	12.97949	77.70022
2549	12.97952	77.70016
2550	12.97954	77.70010
2551	12.97957	77.70005
2552	12.97959	77.69999
2553	12.97962	77.69993
2554	12.97964	77.69988
2555	12.97967	77.69982
2556	12.97969	77.69977
2557	12.97972	77.69971
2558	12.97974	77.69966
2559	12.97977	77.69960
2560	12.97980	77.69953
2561	12.97983	77.69947
2562	12.97986	77.69940
2563	12.97988	77.69934
2564	12.97990	77.69928
2565	12.97993	77.69922
2566	12.97995	77.69916
2567	12.97998	77.69910
2568	12.98000	77.69904
2569	12.98002	77.69898
2570	12.98005	77.69893
2571	12.98007	77.69888
2572	12.98010	77.69881
2573	12.98013	77.69876
2574	12.98016	77.69870
2575	12.98019	77.69864
2576	12.98022	77.69857
2577	12.98024	77.69852
2578	12.98027	77.69846
2579	12.98028	77.69840
2580	12.98030	77.69834
2581	12.98032	77.69828
2582	12.98034	77.69821
2583	12.98035	77.69816
2584	12.98037	77.69810
2585	12.98039	77.69803
2586	12.98040	77.69796
2587	12.98040	77.69791
2588	12.98042	77.69785
2589	12.98042	77.69780
2590	12.98043	77.69774
2591	12.98043	77.69768
2592	12.98044	77.69761
2593	12.98045	77.69755
2594	12.98046	77.69749
2595	12.98047	77.69744
2596	12.98048	77.69736
2597	12.98048	77.69731
2598	12.98049	77.69725
2599	12.98051	77.69719
2600	12.98052	77.69713
2601	12.98053	77.69707
2602	12.98053	77.69701
2603	12.98054	77.69696
2604	12.98056	77.69690
2605	12.98057	77.69685
2606	12.98058	77.69679
2607	12.98059	77.69674
2608	12.98059	77.69667
2609	12.98060	77.69661
2610	12.98060	77.69656
2611	12.98066	77.69658
2612	12.98072	77.69661
2613	12.98078	77.69665
2614	12.98084	77.69667
2615	12.98090	77.69670
2616	12.98096	77.69673
2617	12.98101	77.69675
2618	12.98107	77.69677
2619	12.98112	77.69677
2620	12.98118	77.69678
2621	12.98125	77.69679
2622	12.98130	77.69680
2623	12.98136	77.69682
2624	12.98141	77.69683
2625	12.98147	77.69684
2626	12.98152	77.69685
2627	12.98159	77.69685
2628	12.98164	77.69686
2629	12.98169	77.69687
2630	12.98176	77.69687
2631	12.98182	77.69687
2632	12.98188	77.69688
2633	12.98193	77.69688
2634	12.98199	77.69688
2635	12.98204	77.69688
2636	12.98210	77.69689
2637	12.98216	77.69690
2638	12.98221	77.69690
2639	12.98227	77.69690
2640	12.98233	77.69690
2641	12.98238	77.69690
2642	12.98243	77.69691
2643	12.98248	77.69692
2644	12.98254	77.69692
2645	12.98261	77.69693
2646	12.98267	77.69694
2647	12.98273	77.69695
2648	12.98278	77.69696
2649	12.98285	77.69696
2650	12.98291	77.69696
2651	12.98296	77.69696
2652	12.98302	77.69695
2653	12.98307	77.69695
2654	12.98313	77.69695
2655	12.98319	77.69694
2656	12.98325	77.69694
2657	12.98330	77.69695
2658	12.98336	77.69695
2659	12.98342	77.69695
2660	12.98348	77.69696
2661	12.98353	77.69696
2662	12.98359	77.69697
2663	12.98366	77.69697
2664	12.98372	77.69698
2665	12.98378	77.69698
2666	12.98384	77.69699
2667	12.98389	77.69699
2668	12.98396	77.69699
2669	12.98401	77.69699
2670	12.98406	77.69699
2671	12.98413	77.69699
2672	12.98419	77.69700
2673	12.98425	77.69701
2674	12.98431	77.69701
2675	12.98437	77.69702
2676	12.98443	77.69702
2677	12.98448	77.69702
2678	12.98454	77.69702
2679	12.98461	77.69702
2680	12.98466	77.69701
2681	12.98472	77.69701
2682	12.98478	77.69701
2683	12.98484	77.69702
2684	12.98489	77.69702
2685	12.98495	77.69701
2686	12.98500	77.69700
2687	12.98506	77.69699
2688	12.98512	77.69698
2689	12.98519	77.69697
2690	12.98524	77.69697
2691	12.98529	77.69696
2692	12.98535	77.69696
2693	12.98540	77.69696
2694	12.98547	77.69696
2695	12.98553	77.69696
2696	12.98559	77.69695
2697	12.98565	77.69695
2698	12.98570	77.69694
2699	12.98576	77.69693
2700	12.98581	77.69692
2701	12.98587	77.69692
2702	12.98593	77.69691
2703	12.98599	77.69691
2704	12.98604	77.69691
2705	12.98610	77.69691
2706	12.98615	77.69691
2707	12.98621	77.69690
2708	12.98627	77.69689
2709	12.98633	77.69689
2710	12.98639	77.69688
2711	12.98645	77.69687
2712	12.98651	77.69687
2713	12.98656	77.69687
2714	12.98663	77.69686
2715	12.98668	77.69685
2716	12.98673	77.69684
2717	12.98679	77.69684
2718	12.98686	77.69684
2719	12.98692	77.69684
2720	12.98699	77.69684
2721	12.98705	77.69684
2722	12.98710	77.69684
2723	12.98716	77.69683
2724	12.98722	77.69682
2725	12.98728	77.69680
2726	12.98734	77.69679
2727	12.98741	77.69678
2728	12.98747	77.69677
2729	12.98753	77.69676
2730	12.98759	77.69676
2731	12.98764	77.69675
2732	12.98769	77.69676
2733	12.98775	77.69675
2734	12.98781	77.69674
2735	12.98786	77.69674
2736	12.98792	77.69673
2737	12.98799	77.69673
2738	12.98805	77.69673
2739	12.98811	77.69672
2740	12.98817	77.69672
2741	12.98822	77.69672
2742	12.98828	77.69672
2743	12.98835	77.69672
2744	12.98841	77.69672
2745	12.98846	77.69672
2746	12.98852	77.69671
2747	12.98857	77.69670
2748	12.98863	77.69670
2749	12.98869	77.69670
2750	12.98875	77.69670
2751	12.98881	77.69669
2752	12.98888	77.69669
2753	12.98893	77.69663
2754	12.98894	77.69658
2755	12.98895	77.69652
2756	12.98896	77.69647
2757	12.98897	77.69642
2758	12.98897	77.69636
2759	12.98898	77.69631
2760	12.98898	77.69626
2761	12.98897	77.69619
2762	12.98897	77.69614
2763	12.98897	77.69608
2764	12.98896	77.69603
2765	12.98896	77.69597
2766	12.98896	77.69592
2767	12.98895	77.69586
2768	12.98895	77.69581
2769	12.98894	77.69576
2770	12.98893	77.69570
2771	12.98893	77.69564
2772	12.98893	77.69558
2773	12.98894	77.69553
2774	12.98894	77.69547
2775	12.98895	77.69542
2776	12.98896	77.69536
2777	12.98896	77.69530
2778	12.98896	77.69524
2779	12.98896	77.69518
2780	12.98896	77.69513
2781	12.98896	77.69508
2782	12.98896	77.69502
2783	12.98896	77.69496
2784	12.98896	77.69491
2785	12.98897	77.69485
2786	12.98900	77.69479
2787	12.98902	77.69474
2788	12.98904	77.69469
2789	12.98906	77.69464
2790	12.98908	77.69457
2791	12.98911	77.69451
2792	12.98913	77.69445
2793	12.98916	77.69439
2794	12.98919	77.69432
2795	12.98921	77.69427
2796	12.98924	77.69421
2797	12.98927	77.69415
2798	12.98929	77.69410
2799	12.98932	77.69405
2800	12.98935	77.69398
2801	12.98937	77.69393
2802	12.98940	77.69388
2803	12.98943	77.69383
2804	12.98946	77.69377
2805	12.98949	77.69371
2806	12.98952	77.69365
2807	12.98954	77.69360
2808	12.98957	77.69355
2809	12.98959	77.69349
2810	12.98962	77.69343
2811	12.98965	77.69336
2812	12.98967	77.69331
2813	12.98969	77.69325
2814	12.98972	77.69319
2815	12.98975	77.69313
2816	12.98978	77.69306
2817	12.98982	77.69300
2818	12.98985	77.69295
2819	12.98987	77.69289
2820	12.98990	77.69283
2821	12.98992	77.69277
2822	12.98994	77.69272
2823	12.98996	77.69265
2824	12.98998	77.69259
2825	12.98999	77.69253
2826	12.99002	77.69247
2827	12.99004	77.69241
2828	12.99007	77.69235
2829	12.99010	77.69229
2830	12.99012	77.69224
2831	12.99013	77.69218
2832	12.99015	77.69212
2833	12.99017	77.69205
2834	12.99019	77.69199
2835	12.99022	77.69193
2836	12.99025	77.69187
2837	12.99027	77.69182
2838	12.99028	77.69177
2839	12.99028	77.69171
2840	12.99028	77.69165
2841	12.99028	77.69160
2842	12.99027	77.69155
2843	12.99027	77.69150
2844	12.99027	77.69144
2845	12.99026	77.69139
2846	12.99027	77.69133
2847	12.99027	77.69126
2848	12.99027	77.69120
2849	12.99028	77.69114
2850	12.99028	77.69108
2851	12.99029	77.69102
2852	12.99031	77.69096
2853	12.99032	77.69091
2854	12.99032	77.69085
2855	12.99033	77.69080
2856	12.99034	77.69073
2857	12.99036	77.69068
2858	12.99037	77.69062
2859	12.99039	77.69057
2860	12.99041	77.69050
2861	12.99042	77.69045
2862	12.99043	77.69039
2863	12.99045	77.69033
2864	12.99047	77.69027
2865	12.99049	77.69022
2866	12.99050	77.69016
2867	12.99052	77.69010
2868	12.99054	77.69005
2869	12.99054	77.68998
2870	12.99056	77.68992
2871	12.99058	77.68986
2872	12.99062	77.68980
2873	12.99064	77.68974
2874	12.99065	77.68969
