Rank	Latitude	Longitude
1	12.97737	77.77863
2	12.97737	77.77856
3	12.97736	77.77850
4	12.97736	77.77844
5	12.97735	77.77839
6	12.97735	77.77833
7	12.97735	77.77827
8	12.97736	77.77820
9	12.97736	77.77814
10	12.97736	77.77807
11	12.97736	77.77801
12	12.97736	77.77795
13	12.97736	77.77788
14	12.97736	77.77783
15	12.97735	77.77777
16	12.97733	77.77771
17	12.97734	77.77765
18	12.97733	77.77760
19	12.97733	77.77755
20	12.97734	77.77750
21	12.97734	77.77744
22	12.97734	77.77739
23	12.97734	77.77733
24	12.97734	77.77726
25	12.97735	77.77720
26	12.97735	77.77714
27	12.97735	77.77708
28	12.97736	77.77703
29	12.97736	77.77697
30	12.97736	77.77692
31	12.97736	77.77686
32	12.97736	77.77680
33	12.97736	77.77673
34	12.97736	77.77667
35	12.97736	77.77661
36	12.97736	77.77655
37	12.97736	77.77649
38	12.97736	77.77644
39	12.97737	77.77637
40	12.97737	77.77631
41	12.97737	77.77625
42	12.97738	77.77619
43	12.97739	77.77612
44	12.97740	77.77605
45	12.97740	77.77600
46	12.97740	77.77594
47	12.97740	77.77588
48	12.97740	77.77583
49	12.97740	77.77577
50	12.97740	77.77572
51	12.97741	77.77565
52	12.97742	77.77558
53	12.97742	77.77551
54	12.97743	77.77545
55	12.97744	77.77539
56	12.97744	77.77534
57	12.97745	77.77527
58	12.97746	77.77521
59	12.97746	77.77516
60	12.97746	77.77510
61	12.97746	77.77504
62	12.97745	77.77498
63	12.97744	77.77492
64	12.97744	77.77487
65	12.97744	77.77481
66	12.97744	77.77475
67	12.97744	77.77469
68	12.97745	77.77463
69	12.97745	77.77457
70	12.97745	77.77452
71	12.97745	77.77446
72	12.97744	77.77441
73	12.97744	77.77435
74	12.97744	77.77430
75	12.97746	77.77424
76	12.97746	77.77419
77	12.97746	77.77413
78	12.97746	77.77407
79	12.97746	77.77401
80	12.97746	77.77396
81	12.97747	77.77390
82	12.97748	77.77384
83	12.97748	77.77378
84	12.97749	77.77373
85	12.97749	77.77367
86	12.97750	77.77362
87	12.97751	77.77356
88	12.97751	77.77350
89	12.97752	77.77343
90	12.97752	77.77338
91	12.97752	77.77332
92	12.97753	77.77326
93	12.97754	77.77321
94	12.97754	77.77316
95	12.97755	77.77310
96	12.97756	77.77304
97	12.97756	77.77299
98	12.97757	77.77292
99	12.97757	77.77287
100	12.97757	77.77280
101	12.97757	77.77275
102	12.97757	77.77269
103	12.97757	77.77263
104	12.97758	77.77257
105	12.97758	77.77252
106	12.97759	77.77245
107	12.97759	77.77240
108	12.97759	77.77234
109	12.97760	77.77228
110	12.97760	77.77223
111	12.97760	77.77218
112	12.97760	77.77212
113	12.97760	77.77205
114	12.97761	77.77199
115	12.97762	77.77192
116	12.97762	77.77186
117	12.97763	77.77179
118	12.97764	77.77173
119	12.97764	77.77167
120	12.97764	77.77161
121	12.97765	77.77155
122	12.97766	77.77149
123	12.97766	77.77144
124	12.97766	77.77138
125	12.97767	77.77133
126	12.97767	77.77127
127	12.97767	77.77120
128	12.97767	77.77114
129	12.97768	77.77107
130	12.97768	77.77102
131	12.97768	77.77096
132	12.97768	77.77091
133	12.97769	77.77086
134	12.97769	77.77080
135	12.97769	77.77075
136	12.97769	77.77070
137	12.97770	77.77064
138	12.97770	77.77058
139	12.97770	77.77053
140	12.97770	77.77047
141	12.97770	77.77042
142	12.97770	77.77037
143	12.97770	77.77031
144	12.97770	77.77026
145	12.97770	77.77018
146	12.97770	77.77013
147	12.97770	77.77006
148	12.97770	77.77000
149	12.97770	77.76994
150	12.97770	77.76988
151	12.97770	77.76982
152	12.97770	77.76977
153	12.97770	77.76971
154	12.97770	77.76966
155	12.97770	77.76959
156	12.97770	77.76954
157	12.97771	77.76947
158	12.97771	77.76941
159	12.97772	77.76934
160	12.97772	77.76929
161	12.97772	77.76923
162	12.97772	77.76917
163	12.97772	77.76911
164	12.97772	77.76905
165	12.97773	77.76898
166	12.97774	77.76892
167	12.97775	77.76886
168	12.97775	77.76880
169	12.97776	77.76875
170	12.97777	77.76869
171	12.97778	77.76863
172	12.97779	77.76857
173	12.97780	77.76852
174	12.97782	77.76847
175	12.97783	77.76841
176	12.97784	77.76836
177	12.97786	77.76830
178	12.97788	77.76825
179	12.97789	77.76820
180	12.97790	77.76814
181	12.97791	77.76809
182	12.97792	77.76804
183	12.97794	77.76797
184	12.97795	77.76792
185	12.97796	77.76786
186	12.97797	77.76780
187	12.97797	77.76774
188	12.97798	77.76769
189	12.97799	77.76762
190	12.97799	77.76757
191	12.97800	77.76751
192	12.97801	77.76746
193	12.97802	77.76739
194	12.97802	77.76734
195	12.97803	77.76728
196	12.97804	77.76722
197	12.97804	77.76716
198	12.97806	77.76709
199	12.97807	77.76703
200	12.97809	77.76697
201	12.97810	77.76692
202	12.97812	77.76686
203	12.97813	77.76681
204	12.97815	77.76676
205	12.97817	77.76670
206	12.97818	77.76664
207	12.97820	77.76659
208	12.97821	77.76654
209	12.97823	77.76648
210	12.97824	77.76642
211	12.97825	77.76637
212	12.97827	77.76631
213	12.97828	77.76626
214	12.97829	77.76620
215	12.97831	77.76614
216	12.97832	77.76609
217	12.97834	77.76603
218	12.97835	77.76598
219	12.97837	77.76592
220	12.97839	77.76587
221	12.97840	77.76581
222	12.97842	77.76576
223	12.97845	77.76570
224	12.97847	77.76565
225	12.97850	77.76558
226	12.97853	77.76552
227	12.97855	77.76546
228	12.97858	77.76540
229	12.97860	77.76535
230	12.97862	77.76529
231	12.97864	77.76524
232	12.97867	77.76518
233	12.97870	77.76513
234	12.97876	77.76514
235	12.97882	77.76517
236	12.97888	77.76519
237	12.97894	77.76522
238	12.97900	77.76525
239	12.97905	77.76528
240	12.97911	77.76529
241	12.97917	77.76528
242	12.97923	77.76526
243	12.97929	77.76526
244	12.97934	77.76525
245	12.97941	77.76525
246	12.97947	77.76523
247	12.97952	77.76522
248	12.97959	77.76521
249	12.97964	77.76519
250	12.97969	77.76518
251	12.97976	77.76518
252	12.97982	77.76519
253	12.97989	77.76521
254	12.97995	77.76524
255	12.98000	77.76528
256	12.98006	77.76533
257	12.98009	77.76539
258	12.98012	77.76544
259	12.98015	77.76550
260	12.98018	77.76556
261	12.98020	77.76562
262	12.98022	77.76568
263	12.98025	77.76574
264	12.98029	77.76568
265	12.98029	77.76563
266	12.98030	77.76557
267	12.98032	77.76552
268	12.98033	77.76547
269	12.98035	77.76540
270	12.98037	77.76534
271	12.98039	77.76528
272	12.98041	77.76521
273	12.98042	77.76515
274	12.98044	77.76510
275	12.98045	77.76504
276	12.98046	77.76497
277	12.98046	77.76492
278	12.98047	77.76487
279	12.98048	77.76480
280	12.98049	77.76475
281	12.98051	77.76469
282	12.98053	77.76463
283	12.98055	77.76457
284	12.98055	77.76451
285	12.98056	77.76446
286	12.98057	77.76441
287	12.98057	77.76435
288	12.98058	77.76430
289	12.98058	77.76425
290	12.98058	77.76419
291	12.98058	77.76412
292	12.98058	77.76407
293	12.98058	77.76400
294	12.98058	77.76394
295	12.98058	77.76388
296	12.98058	77.76380
297	12.98058	77.76374
298	12.98058	77.76369
299	12.98058	77.76364
300	12.98058	77.76357
301	12.98058	77.76352
302	12.98057	77.76346
303	12.98056	77.76341
304	12.98056	77.76335
305	12.98055	77.76330
306	12.98055	77.76323
307	12.98055	77.76317
308	12.98055	77.76312
309	12.98056	77.76306
310	12.98055	77.76300
311	12.98055	77.76295
312	12.98055	77.76289
313	12.98055	77.76284
314	12.98054	77.76279
315	12.98054	77.76274
316	12.98054	77.76268
317	12.98054	77.76263
318	12.98054	77.76257
319	12.98054	77.76252
320	12.98055	77.76245
321	12.98056	77.76240
322	12.98057	77.76234
323	12.98057	77.76228
324	12.98058	77.76222
325	12.98058	77.76216
326	12.98058	77.76211
327	12.98058	77.76205
328	12.98058	77.76198
329	12.98058	77.76193
330	12.98058	77.76187
331	12.98058	77.76182
332	12.98058	77.76176
333	12.98058	77.76170
334	12.98058	77.76164
335	12.98058	77.76158
336	12.98057	77.76152
337	12.98056	77.76147
338	12.98056	77.76140
339	12.98055	77.76135
340	12.98055	77.76130
341	12.98055	77.76124
342	12.98055	77.76118
343	12.98055	77.76113
344	12.98055	77.76107
345	12.98054	77.76102
346	12.98054	77.76097
347	12.98054	77.76092
348	12.98055	77.76085
349	12.98055	77.76079
350	12.98056	77.76074
351	12.98056	77.76069
352	12.98056	77.76063
353	12.98056	77.76057
354	12.98057	77.76052
355	12.98057	77.76046
356	12.98057	77.76041
357	12.98057	77.76035
358	12.98057	77.76029
359	12.98058	77.76023
360	12.98058	77.76018
361	12.98058	77.76013
362	12.98057	77.76007
363	12.98057	77.76002
364	12.98057	77.75996
365	12.98058	77.75991
366	12.98059	77.75986
367	12.98059	77.75980
368	12.98058	77.75973
369	12.98057	77.75967
370	12.98057	77.75962
371	12.98057	77.75956
372	12.98056	77.75950
373	12.98056	77.75945
374	12.98054	77.75939
375	12.98054	77.75933
376	12.98054	77.75928
377	12.98054	77.75922
378	12.98053	77.75915
379	12.98052	77.75910
380	12.98051	77.75903
381	12.98051	77.75897
382	12.98051	77.75892
383	12.98050	77.75886
384	12.98049	77.75880
385	12.98048	77.75874
386	12.98048	77.75867
387	12.98048	77.75862
388	12.98047	77.75857
389	12.98046	77.75852
390	12.98046	77.75847
391	12.98046	77.75841
392	12.98046	77.75834
393	12.98045	77.75829
394	12.98044	77.75822
395	12.98043	77.75816
396	12.98043	77.75810
397	12.98042	77.75804
398	12.98041	77.75798
399	12.98040	77.75792
400	12.98039	77.75785
401	12.98038	77.75780
402	12.98032	77.75778
403	12.98025	77.75776
404	12.98020	77.75775
405	12.98015	77.75774
406	12.98008	77.75774
407	12.98003	77.75773
408	12.97997	77.75772
409	12.97991	77.75771
410	12.97985	77.75771
411	12.97979	77.75769
412	12.97974	77.75767
413	12.97967	77.75766
414	12.97960	77.75765
415	12.97954	77.75765
416	12.97949	77.75764
417	12.97943	77.75763
418	12.97938	77.75762
419	12.97931	77.75761
420	12.97926	77.75759
421	12.97919	77.75758
422	12.97913	77.75757
423	12.97908	77.75755
424	12.97902	77.75754
425	12.97897	77.75752
426	12.97891	77.75750
427	12.97885	77.75749
428	12.97879	77.75746
429	12.97873	77.75745
430	12.97868	77.75743
431	12.97862	77.75743
432	12.97857	77.75743
433	12.97851	77.75743
434	12.97846	77.75743
435	12.97840	77.75743
436	12.97834	77.75742
437	12.97828	77.75741
438	12.97821	77.75741
439	12.97815	77.75739
440	12.97810	77.75737
441	12.97804	77.75736
442	12.97798	77.75735
443	12.97793	77.75734
444	12.97787	77.75732
445	12.97782	77.75731
446	12.97777	77.75730
447	12.97771	77.75729
448	12.97764	77.75727
449	12.97758	77.75725
450	12.97752	77.75723
451	12.97746	77.75722
452	12.97741	77.75720
453	12.97736	77.75718
454	12.97730	77.75717
455	12.97724	77.75717
456	12.97718	77.75716
457	12.97712	77.75715
458	12.97707	77.75714
459	12.97701	77.75712
460	12.97696	77.75711
461	12.97689	77.75711
462	12.97683	77.75710
463	12.97677	77.75708
464	12.97671	77.75706
465	12.97668	77.75700
466	12.97668	77.75695
467	12.97668	77.75690
468	12.97669	77.75683
469	12.97669	77.75678
470	12.97670	77.75673
471	12.97671	77.75667
472	12.97671	77.75662
473	12.97671	77.75656
474	12.97671	77.75651
475	12.97671	77.75646
476	12.97670	77.75640
477	12.97670	77.75634
478	12.97671	77.75628
479	12.97671	77.75622
480	12.97672	77.75616
481	12.97673	77.75610
482	12.97674	77.75604
483	12.97674	77.75598
484	12.97675	77.75591
485	12.97676	77.75586
486	12.97677	77.75579
487	12.97677	77.75573
488	12.97678	77.75567
489	12.97679	77.75561
490	12.97679	77.75555
491	12.97679	77.75550
492	12.97680	77.75543
493	12.97681	77.75537
494	12.97682	77.75532
495	12.97676	77.75527
496	12.97671	77.75525
497	12.97665	77.75522
498	12.97660	77.75520
499	12.97653	77.75516
500	12.97648	77.75513
501	12.97643	77.75511
502	12.97637	77.75508
503	12.97632	77.75505
504	12.97626	77.75501
505	12.97620	77.75499
506	12.97615	77.75496
507	12.97609	77.75493
508	12.97603	77.75490
509	12.97597	77.75486
510	12.97591	77.75482
511	12.97586	77.75478
512	12.97580	77.75474
513	12.97574	77.75469
514	12.97568	77.75466
515	12.97563	77.75462
516	12.97557	77.75458
517	12.97552	77.75454
518	12.97546	77.75451
519	12.97540	77.75446
520	12.97534	77.75442
521	12.97528	77.75437
522	12.97522	77.75432
523	12.97517	77.75428
524	12.97511	77.75425
525	12.97505	77.75422
526	12.97499	77.75419
527	12.97494	77.75416
528	12.97489	77.75413
529	12.97483	77.75410
530	12.97477	77.75407
531	12.97472	77.75404
532	12.97467	77.75401
533	12.97461	77.75396
534	12.97455	77.75392
535	12.97451	77.75386
536	12.97452	77.75380
537	12.97453	77.75374
538	12.97454	77.75368
539	12.97455	77.75362
540	12.97455	77.75356
541	12.97456	77.75350
542	12.97456	77.75344
543	12.97457	77.75339
544	12.97457	77.75334
545	12.97457	77.75329
546	12.97457	77.75323
547	12.97458	77.75318
548	12.97458	77.75312
549	12.97459	77.75306
550	12.97460	77.75300
551	12.97460	77.75294
552	12.97460	77.75289
553	12.97460	77.75283
554	12.97461	77.75278
555	12.97461	77.75272
556	12.97462	77.75266
557	12.97462	77.75259
558	12.97462	77.75253
559	12.97462	77.75246
560	12.97462	77.75241
561	12.97463	77.75235
562	12.97464	77.75230
563	12.97465	77.75224
564	12.97466	77.75217
565	12.97466	77.75212
566	12.97467	77.75207
567	12.97467	77.75201
568	12.97469	77.75195
569	12.97469	77.75189
570	12.97470	77.75183
571	12.97471	77.75177
572	12.97472	77.75171
573	12.97472	77.75165
574	12.97474	77.75159
575	12.97474	77.75154
576	12.97476	77.75148
577	12.97478	77.75142
578	12.97479	77.75135
579	12.97479	77.75129
580	12.97480	77.75123
581	12.97480	77.75117
582	12.97481	77.75111
583	12.97481	77.75106
584	12.97481	77.75101
585	12.97482	77.75095
586	12.97483	77.75089
587	12.97484	77.75083
588	12.97484	77.75078
589	12.97485	77.75072
590	12.97486	77.75066
591	12.97485	77.75060
592	12.97492	77.75059
593	12.97498	77.75060
594	12.97504	77.75060
595	12.97506	77.75055
596	12.97504	77.75049
597	12.97502	77.75043
598	12.97500	77.75037
599	12.97499	77.75031
600	12.97497	77.75026
601	12.97495	77.75021
602	12.97493	77.75016
603	12.97492	77.75010
604	12.97491	77.75003
605	12.97489	77.74997
606	12.97487	77.74991
607	12.97486	77.74986
608	12.97484	77.74979
609	12.97482	77.74973
610	12.97481	77.74968
611	12.97480	77.74961
612	12.97478	77.74955
613	12.97477	77.74948
614	12.97471	77.74945
615	12.97466	77.74943
616	12.97460	77.74938
617	12.97458	77.74932
618	12.97456	77.74926
619	12.97454	77.74921
620	12.97451	77.74916
621	12.97449	77.74910
622	12.97447	77.74904
623	12.97445	77.74897
624	12.97443	77.74892
625	12.97441	77.74886
626	12.97439	77.74880
627	12.97436	77.74874
628	12.97434	77.74869
629	12.97432	77.74863
630	12.97431	77.74857
631	12.97429	77.74852
632	12.97427	77.74846
633	12.97428	77.74840
634	12.97429	77.74834
635	12.97430	77.74829
636	12.97430	77.74824
637	12.97430	77.74818
638	12.97431	77.74813
639	12.97432	77.74807
640	12.97432	77.74801
641	12.97432	77.74796
642	12.97432	77.74790
643	12.97432	77.74784
644	12.97433	77.74778
645	12.97434	77.74772
646	12.97434	77.74766
647	12.97435	77.74760
648	12.97436	77.74755
649	12.97437	77.74748
650	12.97437	77.74742
651	12.97438	77.74736
652	12.97438	77.74730
653	12.97439	77.74725
654	12.97439	77.74719
655	12.97440	77.74714
656	12.97441	77.74708
657	12.97441	77.74703
658	12.97442	77.74697
659	12.97443	77.74692
660	12.97444	77.74685
661	12.97445	77.74678
662	12.97445	77.74671
663	12.97445	77.74666
664	12.97451	77.74662
665	12.97456	77.74659
666	12.97461	77.74655
667	12.97466	77.74653
668	12.97473	77.74651
669	12.97479	77.74648
670	12.97485	77.74645
671	12.97490	77.74642
672	12.97495	77.74640
673	12.97502	77.74637
674	12.97507	77.74633
675	12.97512	77.74630
676	12.97519	77.74626
677	12.97524	77.74622
678	12.97530	77.74618
679	12.97535	77.74613
680	12.97540	77.74607
681	12.97544	77.74601
682	12.97546	77.74596
683	12.97547	77.74590
684	12.97549	77.74585
685	12.97551	77.74578
686	12.97553	77.74572
687	12.97555	77.74567
688	12.97556	77.74561
689	12.97557	77.74556
690	12.97558	77.74551
691	12.97560	77.74544
692	12.97561	77.74538
693	12.97562	77.74532
694	12.97562	77.74527
695	12.97563	77.74522
696	12.97563	77.74517
697	12.97563	77.74510
698	12.97565	77.74504
699	12.97565	77.74498
700	12.97566	77.74493
701	12.97566	77.74488
702	12.97567	77.74483
703	12.97568	77.74477
704	12.97568	77.74472
705	12.97569	77.74467
706	12.97569	77.74460
707	12.97568	77.74454
708	12.97567	77.74448
709	12.97567	77.74443
710	12.97565	77.74437
711	12.97563	77.74432
712	12.97561	77.74426
713	12.97559	77.74420
714	12.97557	77.74415
715	12.97555	77.74409
716	12.97553	77.74403
717	12.97551	77.74398
718	12.97550	77.74393
719	12.97548	77.74387
720	12.97547	77.74381
721	12.97546	77.74375
722	12.97545	77.74369
723	12.97546	77.74364
724	12.97546	77.74358
725	12.97547	77.74352
726	12.97547	77.74346
727	12.97547	77.74340
728	12.97548	77.74335
729	12.97550	77.74330
730	12.97551	77.74324
731	12.97552	77.74319
732	12.97555	77.74313
733	12.97556	77.74307
734	12.97558	77.74302
735	12.97559	77.74296
736	12.97561	77.74291
737	12.97563	77.74285
738	12.97565	77.74279
739	12.97567	77.74274
740	12.97568	77.74269
741	12.97570	77.74263
742	12.97572	77.74258
743	12.97574	77.74252
744	12.97575	77.74247
745	12.97576	77.74240
746	12.97578	77.74234
747	12.97579	77.74229
748	12.97579	77.74224
749	12.97581	77.74217
750	12.97582	77.74210
751	12.97584	77.74205
752	12.97585	77.74200
753	12.97587	77.74193
754	12.97589	77.74188
755	12.97591	77.74181
756	12.97592	77.74175
757	12.97595	77.74169
758	12.97596	77.74163
759	12.97597	77.74158
760	12.97599	77.74153
761	12.97600	77.74147
762	12.97602	77.74141
763	12.97604	77.74136
764	12.97610	77.74134
765	12.97616	77.74137
766	12.97622	77.74140
767	12.97628	77.74143
768	12.97633	77.74145
769	12.97639	77.74148
770	12.97645	77.74150
771	12.97650	77.74153
772	12.97657	77.74155
773	12.97663	77.74157
774	12.97668	77.74159
775	12.97675	77.74161
776	12.97680	77.74164
777	12.97686	77.74166
778	12.97692	77.74167
779	12.97697	77.74169
780	12.97703	77.74171
781	12.97709	77.74173
782	12.97715	77.74175
783	12.97721	77.74179
784	12.97727	77.74179
785	12.97733	77.74181
786	12.97739	77.74184
787	12.97746	77.74185
788	12.97751	77.74187
789	12.97757	77.74189
790	12.97762	77.74190
791	12.97769	77.74192
792	12.97776	77.74194
793	12.97782	77.74196
794	12.97788	77.74198
795	12.97794	77.74199
796	12.97801	77.74201
797	12.97807	77.74203
798	12.97814	77.74205
799	12.97820	77.74207
800	12.97826	77.74208
801	12.97832	77.74209
802	12.97838	77.74210
803	12.97844	77.74211
804	12.97850	77.74211
805	12.97857	77.74211
806	12.97862	77.74211
807	12.97868	77.74212
808	12.97873	77.74213
809	12.97880	77.74214
810	12.97886	77.74216
811	12.97893	77.74219
812	12.97898	77.74221
813	12.97905	77.74223
814	12.97910	77.74226
815	12.97916	77.74229
816	12.97922	77.74232
817	12.97928	77.74236
818	12.97933	77.74240
819	12.97938	77.74244
820	12.97944	77.74248
821	12.97950	77.74252
822	12.97957	77.74255
823	12.97963	77.74259
824	12.97969	77.74261
825	12.97974	77.74265
826	12.97980	77.74268
827	12.97986	77.74270
828	12.97991	77.74272
829	12.97998	77.74274
830	12.98005	77.74276
831	12.98010	77.74278
832	12.98016	77.74281
833	12.98023	77.74283
834	12.98029	77.74285
835	12.98035	77.74287
836	12.98041	77.74290
837	12.98047	77.74292
838	12.98053	77.74295
839	12.98060	77.74298
840	12.98066	77.74301
841	12.98072	77.74304
842	12.98077	77.74306
843	12.98083	77.74309
844	12.98089	77.74312
845	12.98095	77.74315
846	12.98101	77.74319
847	12.98106	77.74322
848	12.98112	77.74325
849	12.98119	77.74329
850	12.98125	77.74332
851	12.98130	77.74335
852	12.98136	77.74338
853	12.98141	77.74340
854	12.98148	77.74344
855	12.98154	77.74347
856	12.98160	77.74351
857	12.98165	77.74354
858	12.98170	77.74358
859	12.98176	77.74361
860	12.98182	77.74365
861	12.98188	77.74369
862	12.98193	77.74372
863	12.98199	77.74375
864	12.98204	77.74377
865	12.98210	77.74379
866	12.98216	77.74381
867	12.98222	77.74383
868	12.98228	77.74385
869	12.98234	77.74387
870	12.98240	77.74388
871	12.98246	77.74391
872	12.98252	77.74393
873	12.98257	77.74395
874	12.98264	77.74396
875	12.98270	77.74397
876	12.98276	77.74398
877	12.98282	77.74398
878	12.98288	77.74397
879	12.98294	77.74395
880	12.98299	77.74394
881	12.98306	77.74392
882	12.98311	77.74390
883	12.98317	77.74388
884	12.98323	77.74387
885	12.98328	77.74385
886	12.98334	77.74383
887	12.98339	77.74383
888	12.98345	77.74382
889	12.98351	77.74381
890	12.98357	77.74381
891	12.98363	77.74380
892	12.98370	77.74380
893	12.98376	77.74380
894	12.98382	77.74379
895	12.98388	77.74381
896	12.98394	77.74384
897	12.98400	77.74385
898	12.98406	77.74387
899	12.98412	77.74389
900	12.98417	77.74391
901	12.98423	77.74393
902	12.98429	77.74395
903	12.98435	77.74397
904	12.98440	77.74398
905	12.98447	77.74401
906	12.98454	77.74403
907	12.98460	77.74406
908	12.98465	77.74409
909	12.98472	77.74412
910	12.98477	77.74415
911	12.98483	77.74418
912	12.98490	77.74421
913	12.98496	77.74424
914	12.98503	77.74427
915	12.98508	77.74429
916	12.98514	77.74431
917	12.98520	77.74433
918	12.98527	77.74435
919	12.98533	77.74437
920	12.98539	77.74440
921	12.98544	77.74443
922	12.98551	77.74446
923	12.98557	77.74450
924	12.98564	77.74453
925	12.98569	77.74455
926	12.98575	77.74458
927	12.98580	77.74460
928	12.98585	77.74463
929	12.98591	77.74465
930	12.98597	77.74468
931	12.98602	77.74471
932	12.98609	77.74474
933	12.98615	77.74476
934	12.98621	77.74480
935	12.98626	77.74482
936	12.98632	77.74483
937	12.98638	77.74485
938	12.98643	77.74484
939	12.98645	77.74478
940	12.98647	77.74473
941	12.98648	77.74467
942	12.98650	77.74461
943	12.98651	77.74456
944	12.98653	77.74450
945	12.98654	77.74445
946	12.98656	77.74439
947	12.98657	77.74434
948	12.98659	77.74429
949	12.98660	77.74424
950	12.98662	77.74417
951	12.98663	77.74411
952	12.98665	77.74405
953	12.98665	77.74399
954	12.98666	77.74393
955	12.98668	77.74385
956	12.98670	77.74379
957	12.98671	77.74373
958	12.98673	77.74366
959	12.98674	77.74361
960	12.98676	77.74355
961	12.98677	77.74350
962	12.98678	77.74344
963	12.98680	77.74339
964	12.98681	77.74333
965	12.98683	77.74326
966	12.98684	77.74321
967	12.98686	77.74315
968	12.98688	77.74310
969	12.98689	77.74304
970	12.98691	77.74297
971	12.98693	77.74292
972	12.98695	77.74286
973	12.98697	77.74281
974	12.98698	77.74274
975	12.98700	77.74269
976	12.98701	77.74263
977	12.98702	77.74256
978	12.98704	77.74250
979	12.98704	77.74244
980	12.98705	77.74239
981	12.98706	77.74234
982	12.98707	77.74227
983	12.98708	77.74222
984	12.98710	77.74216
985	12.98711	77.74210
986	12.98712	77.74205
987	12.98714	77.74200
988	12.98715	77.74195
989	12.98716	77.74188
990	12.98718	77.74182
991	12.98720	77.74177
992	12.98721	77.74171
993	12.98722	77.74166
994	12.98724	77.74160
995	12.98725	77.74155
996	12.98727	77.74148
997	12.98728	77.74142
998	12.98729	77.74136
999	12.98731	77.74130
1000	12.98732	77.74124
1001	12.98732	77.74118
1002	12.98733	77.74113
1003	12.98733	77.74108
1004	12.98735	77.74102
1005	12.98735	77.74096
1006	12.98736	77.74090
1007	12.98737	77.74083
1008	12.98738	77.74078
1009	12.98739	77.74072
1010	12.98741	77.74067
1011	12.98743	77.74061
1012	12.98745	77.74056
1013	12.98746	77.74051
1014	12.98748	77.74043
1015	12.98750	77.74037
1016	12.98752	77.74031
1017	12.98754	77.74025
1018	12.98756	77.74019
1019	12.98757	77.74013
1020	12.98758	77.74008
1021	12.98759	77.74001
1022	12.98759	77.73994
1023	12.98759	77.73988
1024	12.98758	77.73983
1025	12.98758	77.73977
1026	12.98757	77.73970
1027	12.98757	77.73965
1028	12.98757	77.73958
1029	12.98757	77.73953
1030	12.98758	77.73948
1031	12.98758	77.73941
1032	12.98758	77.73935
1033	12.98758	77.73930
1034	12.98758	77.73924
1035	12.98758	77.73919
1036	12.98758	77.73912
1037	12.98758	77.73906
1038	12.98758	77.73900
1039	12.98758	77.73894
1040	12.98758	77.73889
1041	12.98758	77.73883
1042	12.98758	77.73877
1043	12.98758	77.73871
1044	12.98758	77.73865
1045	12.98758	77.73859
1046	12.98759	77.73853
1047	12.98759	77.73848
1048	12.98760	77.73843
1049	12.98760	77.73837
1050	12.98760	77.73831
1051	12.98760	77.73825
1052	12.98761	77.73820
1053	12.98761	77.73813
1054	12.98761	77.73808
1055	12.98761	77.73802
1056	12.98761	77.73797
1057	12.98761	77.73791
1058	12.98762	77.73785
1059	12.98762	77.73779
1060	12.98762	77.73773
1061	12.98762	77.73768
1062	12.98761	77.73762
1063	12.98761	77.73757
1064	12.98760	77.73751
1065	12.98760	77.73746
1066	12.98759	77.73740
1067	12.98759	77.73735
1068	12.98759	77.73729
1069	12.98759	77.73723
1070	12.98759	77.73717
1071	12.98759	77.73712
1072	12.98759	77.73706
1073	12.98759	77.73700
1074	12.98759	77.73694
1075	12.98759	77.73689
1076	12.98759	77.73683
1077	12.98759	77.73677
1078	12.98759	77.73672
1079	12.98759	77.73665
1080	12.98759	77.73659
1081	12.98760	77.73654
1082	12.98760	77.73647
1083	12.98762	77.73641
1084	12.98763	77.73634
1085	12.98763	77.73628
1086	12.98763	77.73623
1087	12.98763	77.73617
1088	12.98762	77.73611
1089	12.98761	77.73606
1090	12.98761	77.73600
1091	12.98761	77.73595
1092	12.98761	77.73589
1093	12.98762	77.73584
1094	12.98762	77.73578
1095	12.98762	77.73573
1096	12.98763	77.73567
1097	12.98764	77.73560
1098	12.98765	77.73554
1099	12.98765	77.73549
1100	12.98765	77.73543
1101	12.98766	77.73538
1102	12.98766	77.73533
1103	12.98766	77.73527
1104	12.98766	77.73522
1105	12.98767	77.73517
1106	12.98768	77.73512
1107	12.98768	77.73507
1108	12.98769	77.73500
1109	12.98770	77.73495
1110	12.98772	77.73489
1111	12.98773	77.73484
1112	12.98774	77.73478
1113	12.98775	77.73472
1114	12.98775	77.73467
1115	12.98775	77.73461
1116	12.98776	77.73455
1117	12.98778	77.73449
1118	12.98778	77.73443
1119	12.98780	77.73437
1120	12.98782	77.73431
1121	12.98782	77.73425
1122	12.98783	77.73419
1123	12.98785	77.73413
1124	12.98787	77.73407
1125	12.98787	77.73402
1126	12.98788	77.73396
1127	12.98789	77.73391
1128	12.98789	77.73385
1129	12.98789	77.73379
1130	12.98789	77.73373
1131	12.98789	77.73367
1132	12.98795	77.73363
1133	12.98801	77.73361
1134	12.98806	77.73361
1135	12.98812	77.73360
1136	12.98818	77.73359
1137	12.98824	77.73358
1138	12.98830	77.73358
1139	12.98836	77.73357
1140	12.98842	77.73355
1141	12.98849	77.73354
1142	12.98854	77.73353
1143	12.98860	77.73351
1144	12.98866	77.73350
1145	12.98871	77.73349
1146	12.98877	77.73348
1147	12.98883	77.73348
1148	12.98890	77.73346
1149	12.98895	77.73345
1150	12.98901	77.73343
1151	12.98906	77.73342
1152	12.98913	77.73340
1153	12.98918	77.73339
1154	12.98923	77.73337
1155	12.98929	77.73336
1156	12.98934	77.73334
1157	12.98940	77.73333
1158	12.98946	77.73332
1159	12.98952	77.73331
1160	12.98958	77.73331
1161	12.98964	77.73330
1162	12.98971	77.73329
1163	12.98977	77.73329
1164	12.98983	77.73329
1165	12.98989	77.73328
1166	12.98995	77.73327
1167	12.99001	77.73326
1168	12.99007	77.73325
1169	12.99012	77.73324
1170	12.99019	77.73323
1171	12.99025	77.73322
1172	12.99031	77.73321
1173	12.99037	77.73321
1174	12.99043	77.73320
1175	12.99049	77.73319
1176	12.99055	77.73318
1177	12.99061	77.73318
1178	12.99067	77.73317
1179	12.99072	77.73315
1180	12.99077	77.73314
1181	12.99084	77.73313
1182	12.99089	77.73312
1183	12.99096	77.73311
1184	12.99102	77.73310
1185	12.99109	77.73310
1186	12.99115	77.73309
1187	12.99121	77.73307
1188	12.99127	77.73305
1189	12.99132	77.73304
1190	12.99138	77.73303
1191	12.99144	77.73302
1192	12.99150	77.73302
1193	12.99156	77.73301
1194	12.99162	77.73300
1195	12.99167	77.73300
1196	12.99173	77.73299
1197	12.99180	77.73299
1198	12.99185	77.73299
1199	12.99190	77.73298
1200	12.99196	77.73296
1201	12.99203	77.73295
1202	12.99209	77.73294
1203	12.99216	77.73293
1204	12.99222	77.73292
1205	12.99227	77.73291
1206	12.99234	77.73290
1207	12.99240	77.73289
1208	12.99245	77.73288
1209	12.99251	77.73288
1210	12.99256	77.73287
1211	12.99262	77.73287
1212	12.99267	77.73286
1213	12.99272	77.73284
1214	12.99278	77.73283
1215	12.99283	77.73281
1216	12.99289	77.73281
1217	12.99295	77.73280
1218	12.99301	77.73279
1219	12.99308	77.73278
1220	12.99314	77.73277
1221	12.99320	77.73276
1222	12.99325	77.73275
1223	12.99331	77.73273
1224	12.99336	77.73272
1225	12.99342	77.73270
1226	12.99347	77.73269
1227	12.99353	77.73267
1228	12.99358	77.73265
1229	12.99364	77.73262
1230	12.99371	77.73260
1231	12.99377	77.73258
1232	12.99382	77.73256
1233	12.99389	77.73253
1234	12.99395	77.73249
1235	12.99400	77.73246
1236	12.99406	77.73243
1237	12.99411	77.73240
1238	12.99417	77.73237
1239	12.99422	77.73233
1240	12.99428	77.73229
1241	12.99433	77.73225
1242	12.99438	77.73222
1243	12.99444	77.73218
1244	12.99450	77.73213
1245	12.99457	77.73209
1246	12.99463	77.73206
1247	12.99468	77.73203
1248	12.99474	77.73200
1249	12.99480	77.73197
1250	12.99485	77.73195
1251	12.99491	77.73192
1252	12.99497	77.73189
1253	12.99502	77.73186
1254	12.99508	77.73183
1255	12.99514	77.73180
1256	12.99520	77.73177
1257	12.99525	77.73174
1258	12.99530	77.73171
1259	12.99535	77.73169
1260	12.99541	77.73164
1261	12.99545	77.73159
1262	12.99550	77.73153
1263	12.99556	77.73150
1264	12.99561	77.73148
1265	12.99567	77.73147
1266	12.99573	77.73147
1267	12.99580	77.73147
1268	12.99586	77.73146
1269	12.99592	77.73146
1270	12.99598	77.73146
1271	12.99604	77.73145
1272	12.99610	77.73144
1273	12.99618	77.73143
1274	12.99624	77.73138
1275	12.99630	77.73136
1276	12.99636	77.73135
1277	12.99642	77.73134
1278	12.99649	77.73134
1279	12.99655	77.73133
1280	12.99660	77.73138
1281	12.99662	77.73145
1282	12.99664	77.73150
1283	12.99665	77.73156
1284	12.99666	77.73162
1285	12.99666	77.73167
1286	12.99666	77.73173
1287	12.99667	77.73179
1288	12.99668	77.73185
1289	12.99670	77.73191
1290	12.99672	77.73197
1291	12.99672	77.73203
1292	12.99673	77.73208
1293	12.99674	77.73214
1294	12.99675	77.73220
1295	12.99675	77.73225
1296	12.99677	77.73230
1297	12.99678	77.73236
1298	12.99679	77.73242
1299	12.99681	77.73247
1300	12.99682	77.73254
1301	12.99683	77.73259
1302	12.99684	77.73264
1303	12.99686	77.73270
1304	12.99688	77.73276
1305	12.99689	77.73281
1306	12.99691	77.73287
1307	12.99692	77.73294
1308	12.99694	77.73300
1309	12.99696	77.73306
1310	12.99696	77.73312
1311	12.99697	77.73318
1312	12.99698	77.73323
1313	12.99699	77.73329
1314	12.99699	77.73336
1315	12.99700	77.73341
1316	12.99701	77.73347
1317	12.99702	77.73353
1318	12.99703	77.73358
1319	12.99705	77.73364
1320	12.99706	77.73370
1321	12.99708	77.73375
1322	12.99710	77.73381
1323	12.99711	77.73387
1324	12.99712	77.73393
1325	12.99712	77.73399
1326	12.99712	77.73405
1327	12.99712	77.73410
1328	12.99713	77.73417
1329	12.99714	77.73423
1330	12.99716	77.73429
1331	12.99717	77.73435
1332	12.99718	77.73440
1333	12.99718	77.73447
1334	12.99719	77.73453
1335	12.99721	77.73459
1336	12.99723	77.73465
1337	12.99726	77.73471
1338	12.99728	77.73477
1339	12.99729	77.73482
1340	12.99731	77.73488
1341	12.99732	77.73493
1342	12.99732	77.73498
1343	12.99733	77.73504
1344	12.99734	77.73509
1345	12.99736	77.73514
1346	12.99737	77.73521
1347	12.99738	77.73527
1348	12.99739	77.73532
1349	12.99740	77.73537
1350	12.99741	77.73543
1351	12.99741	77.73549
1352	12.99742	77.73554
1353	12.99743	77.73560
1354	12.99745	77.73565
1355	12.99745	77.73570
1356	12.99746	77.73576
1357	12.99747	77.73582
1358	12.99748	77.73587
1359	12.99749	77.73593
1360	12.99750	77.73598
1361	12.99751	77.73604
1362	12.99752	77.73610
1363	12.99752	77.73616
1364	12.99752	77.73622
1365	12.99753	77.73628
1366	12.99755	77.73633
1367	12.99756	77.73638
1368	12.99757	77.73644
1369	12.99758	77.73650
1370	12.99760	77.73655
1371	12.99761	77.73661
1372	12.99763	77.73666
1373	12.99764	77.73671
1374	12.99765	77.73677
1375	12.99765	77.73683
1376	12.99766	77.73689
1377	12.99767	77.73694
1378	12.99768	77.73700
1379	12.99769	77.73705
1380	12.99770	77.73711
1381	12.99771	77.73717
1382	12.99771	77.73723
1383	12.99772	77.73730
1384	12.99774	77.73736
1385	12.99775	77.73741
1386	12.99777	77.73747
1387	12.99778	77.73753
1388	12.99778	77.73758
1389	12.99779	77.73763
1390	12.99781	77.73769
1391	12.99782	77.73775
1392	12.99783	77.73780
1393	12.99783	77.73785
1394	12.99785	77.73792
1395	12.99786	77.73798
1396	12.99788	77.73803
1397	12.99789	77.73810
1398	12.99790	77.73816
1399	12.99791	77.73821
1400	12.99791	77.73827
1401	12.99792	77.73833
1402	12.99793	77.73840
1403	12.99794	77.73845
1404	12.99795	77.73851
1405	12.99796	77.73856
1406	12.99797	77.73862
1407	12.99797	77.73868
1408	12.99798	77.73873
1409	12.99799	77.73880
1410	12.99800	77.73885
1411	12.99800	77.73892
1412	12.99801	77.73898
1413	12.99802	77.73904
1414	12.99802	77.73911
1415	12.99804	77.73917
1416	12.99805	77.73922
1417	12.99806	77.73929
1418	12.99808	77.73935
1419	12.99809	77.73940
1420	12.99810	77.73945
1421	12.99810	77.73951
1422	12.99811	77.73957
1423	12.99812	77.73962
1424	12.99813	77.73967
1425	12.99813	77.73972
1426	12.99814	77.73977
1427	12.99816	77.73983
1428	12.99816	77.73990
1429	12.99817	77.73995
1430	12.99818	77.74001
1431	12.99819	77.74008
1432	12.99819	77.74014
1433	12.99820	77.74019
1434	12.99821	77.74025
1435	12.99822	77.74031
1436	12.99822	77.74038
1437	12.99823	77.74043
1438	12.99823	77.74049
1439	12.99824	77.74055
1440	12.99825	77.74061
1441	12.99826	77.74067
1442	12.99828	77.74074
1443	12.99830	77.74079
1444	12.99831	77.74084
1445	12.99832	77.74090
1446	12.99832	77.74095
1447	12.99833	77.74101
1448	12.99835	77.74106
1449	12.99836	77.74111
1450	12.99838	77.74117
1451	12.99839	77.74123
1452	12.99841	77.74129
1453	12.99843	77.74136
1454	12.99844	77.74142
1455	12.99845	77.74147
1456	12.99846	77.74152
1457	12.99847	77.74159
1458	12.99847	77.74164
1459	12.99849	77.74169
1460	12.99850	77.74175
1461	12.99852	77.74181
1462	12.99853	77.74186
1463	12.99854	77.74192
1464	12.99854	77.74198
1465	12.99855	77.74204
1466	12.99858	77.74209
1467	12.99859	77.74216
1468	12.99859	77.74222
1469	12.99860	77.74227
1470	12.99861	77.74232
1471	12.99861	77.74237
1472	12.99863	77.74243
1473	12.99864	77.74249
1474	12.99865	77.74254
1475	12.99865	77.74260
1476	12.99865	77.74266
1477	12.99866	77.74271
1478	12.99868	77.74277
1479	12.99868	77.74283
1480	12.99868	77.74289
1481	12.99868	77.74294
1482	12.99868	77.74301
1483	12.99869	77.74307
1484	12.99870	77.74313
1485	12.99870	77.74320
1486	12.99870	77.74326
1487	12.99870	77.74332
1488	12.99870	77.74339
1489	12.99871	77.74344
1490	12.99871	77.74350
1491	12.99871	77.74355
1492	12.99870	77.74361
1493	12.99870	77.74366
1494	12.99870	77.74373
1495	12.99869	77.74379
1496	12.99869	77.74385
1497	12.99869	77.74391
1498	12.99869	77.74397
1499	12.99868	77.74402
1500	12.99868	77.74407
1501	12.99868	77.74413
1502	12.99868	77.74418
1503	12.99869	77.74425
1504	12.99869	77.74430
1505	12.99869	77.74437
1506	12.99869	77.74442
1507	12.99868	77.74447
1508	12.99868	77.74453
1509	12.99867	77.74459
1510	12.99866	77.74466
1511	12.99866	77.74472
1512	12.99865	77.74477
1513	12.99864	77.74483
1514	12.99863	77.74490
1515	12.99863	77.74495
1516	12.99862	77.74501
1517	12.99862	77.74507
1518	12.99861	77.74512
1519	12.99860	77.74519
1520	12.99859	77.74524
1521	12.99859	77.74530
1522	12.99858	77.74537
1523	12.99857	77.74542
1524	12.99856	77.74548
1525	12.99855	77.74554
1526	12.99854	77.74560
1527	12.99854	77.74565
1528	12.99853	77.74571
1529	12.99852	77.74577
1530	12.99851	77.74582
1531	12.99850	77.74588
1532	12.99849	77.74594
1533	12.99848	77.74601
1534	12.99846	77.74606
1535	12.99844	77.74613
1536	12.99843	77.74618
1537	12.99841	77.74624
1538	12.99840	77.74629
1539	12.99839	77.74635
1540	12.99838	77.74641
1541	12.99837	77.74646
1542	12.99837	77.74652
1543	12.99837	77.74658
1544	12.99836	77.74665
1545	12.99836	77.74670
1546	12.99835	77.74675
1547	12.99834	77.74680
1548	12.99833	77.74686
1549	12.99832	77.74692
1550	12.99831	77.74697
1551	12.99830	77.74702
1552	12.99829	77.74709
1553	12.99828	77.74716
1554	12.99827	77.74722
1555	12.99826	77.74728
1556	12.99825	77.74734
1557	12.99825	77.74739
1558	12.99824	77.74746
1559	12.99823	77.74753
1560	12.99822	77.74759
1561	12.99821	77.74765
1562	12.99821	77.74771
1563	12.99820	77.74777
1564	12.99819	77.74784
1565	12.99818	77.74789
1566	12.99817	77.74796
1567	12.99816	77.74802
1568	12.99815	77.74808
1569	12.99814	77.74815
1570	12.99813	77.74821
1571	12.99812	77.74828
1572	12.99811	77.74835
1573	12.99811	77.74841
1574	12.99810	77.74846
1575	12.99808	77.74852
1576	12.99807	77.74858
1577	12.99806	77.74863
1578	12.99805	77.74869
1579	12.99804	77.74874
1580	12.99803	77.74879
1581	12.99800	77.74886
1582	12.99798	77.74893
1583	12.99797	77.74899
1584	12.99796	77.74905
1585	12.99794	77.74911
1586	12.99793	77.74916
1587	12.99791	77.74923
1588	12.99790	77.74930
1589	12.99789	77.74935
1590	12.99788	77.74941
1591	12.99787	77.74947
1592	12.99786	77.74952
1593	12.99785	77.74959
1594	12.99784	77.74964
1595	12.99783	77.74970
1596	12.99783	77.74977
1597	12.99781	77.74982
1598	12.99781	77.74988
1599	12.99780	77.74994
1600	12.99779	77.74999
1601	12.99779	77.75004
1602	12.99778	77.75010
1603	12.99777	77.75015
1604	12.99776	77.75021
1605	12.99775	77.75027
1606	12.99774	77.75033
1607	12.99773	77.75040
1608	12.99773	77.75045
1609	12.99772	77.75051
1610	12.99772	77.75057
1611	12.99772	77.75064
1612	12.99771	77.75070
1613	12.99770	77.75077
1614	12.99770	77.75082
1615	12.99769	77.75087
1616	12.99768	77.75092
1617	12.99768	77.75098
1618	12.99767	77.75103
1619	12.99767	77.75109
1620	12.99765	77.75114
1621	12.99763	77.75120
1622	12.99763	77.75126
1623	12.99761	77.75131
1624	12.99761	77.75137
1625	12.99760	77.75142
1626	12.99758	77.75149
1627	12.99757	77.75154
1628	12.99757	77.75160
1629	12.99756	77.75166
1630	12.99754	77.75172
1631	12.99754	77.75178
1632	12.99753	77.75183
1633	12.99752	77.75189
1634	12.99752	77.75195
1635	12.99751	77.75201
1636	12.99750	77.75208
1637	12.99750	77.75213
1638	12.99749	77.75218
1639	12.99748	77.75223
1640	12.99747	77.75229
1641	12.99747	77.75234
1642	12.99746	77.75241
1643	12.99747	77.75246
1644	12.99749	77.75251
1645	12.99751	77.75257
1646	12.99752	77.75263
1647	12.99754	77.75268
1648	12.99756	77.75274
1649	12.99758	77.75279
1650	12.99760	77.75284
1651	12.99764	77.75289
1652	12.99768	77.75295
1653	12.99772	77.75300
1654	12.99776	77.75305
1655	12.99780	77.75311
1656	12.99784	77.75316
1657	12.99788	77.75322
1658	12.99792	77.75327
1659	12.99796	77.75333
1660	12.99798	77.75338
1661	12.99801	77.75344
1662	12.99804	77.75349
1663	12.99807	77.75355
1664	12.99810	77.75361
1665	12.99813	77.75367
1666	12.99816	77.75373
1667	12.99822	77.75377
1668	12.99827	77.75379
1669	12.99833	77.75382
1670	12.99840	77.75384
1671	12.99847	77.75386
1672	12.99852	77.75388
1673	12.99857	77.75389
1674	12.99863	77.75391
1675	12.99869	77.75392
1676	12.99876	77.75394
1677	12.99882	77.75396
1678	12.99887	77.75397
1679	12.99893	77.75397
1680	12.99899	77.75394
1681	12.99905	77.75392
1682	12.99911	77.75391
1683	12.99916	77.75390
1684	12.99922	77.75389
1685	12.99927	77.75389
1686	12.99933	77.75389
1687	12.99939	77.75389
1688	12.99945	77.75388
1689	12.99952	77.75388
1690	12.99958	77.75387
1691	12.99964	77.75386
1692	12.99970	77.75385
1693	12.99976	77.75382
1694	12.99982	77.75381
1695	12.99987	77.75380
1696	12.99993	77.75379
1697	12.99998	77.75379
1698	13.00004	77.75378
1699	13.00011	77.75381
1700	13.00017	77.75385
1701	13.00024	77.75388
1702	13.00029	77.75391
1703	13.00034	77.75394
1704	13.00040	77.75397
1705	13.00047	77.75400
1706	13.00053	77.75403
1707	13.00058	77.75406
1708	13.00065	77.75409
1709	13.00070	77.75412
1710	13.00076	77.75415
1711	13.00082	77.75418
1712	13.00088	77.75422
1713	13.00093	77.75425
1714	13.00097	77.75433
1715	13.00096	77.75438
1716	13.00094	77.75444
1717	13.00093	77.75449
1718	13.00093	77.75455
1719	13.00092	77.75460
1720	13.00091	77.75466
1721	13.00090	77.75471
1722	13.00090	77.75477
1723	13.00089	77.75483
1724	13.00088	77.75489
1725	13.00087	77.75495
1726	13.00087	77.75500
1727	13.00085	77.75506
1728	13.00085	77.75512
1729	13.00084	77.75517
1730	13.00083	77.75523
1731	13.00081	77.75529
1732	13.00080	77.75535
1733	13.00078	77.75541
1734	13.00076	77.75546
1735	13.00075	77.75552
1736	13.00074	77.75558
1737	13.00074	77.75563
1738	13.00073	77.75570
1739	13.00072	77.75576
1740	13.00073	77.75581
1741	13.00077	77.75587
1742	13.00083	77.75592
1743	13.00089	77.75596
1744	13.00095	77.75600
1745	13.00101	77.75603
1746	13.00107	77.75609
1747	13.00110	77.75614
1748	13.00114	77.75621
1749	13.00116	77.75626
1750	13.00117	77.75631
1751	13.00118	77.75637
1752	13.00119	77.75642
1753	13.00120	77.75648
1754	13.00121	77.75655
1755	13.00122	77.75660
1756	13.00122	77.75665
1757	13.00124	77.75671
1758	13.00125	77.75677
1759	13.00126	77.75683
1760	13.00126	77.75689
1761	13.00126	77.75695
1762	13.00126	77.75700
1763	13.00126	77.75706
1764	13.00127	77.75712
1765	13.00127	77.75717
1766	13.00127	77.75724
1767	13.00127	77.75729
1768	13.00127	77.75735
1769	13.00128	77.75740
1770	13.00129	77.75746
1771	13.00130	77.75751
1772	13.00135	77.75754
1773	13.00140	77.75753
1774	13.00146	77.75751
1775	13.00152	77.75749
1776	13.00157	77.75748
1777	13.00163	77.75746
1778	13.00169	77.75745
1779	13.00175	77.75743
1780	13.00180	77.75742
1781	13.00187	77.75741
1782	13.00192	77.75741
1783	13.00199	77.75740
1784	13.00205	77.75739
1785	13.00211	77.75738
1786	13.00217	77.75737
1787	13.00223	77.75736
1788	13.00228	77.75735
1789	13.00234	77.75740
1790	13.00236	77.75746
1791	13.00239	77.75752
1792	13.00240	77.75757
1793	13.00242	77.75762
1794	13.00244	77.75768
1795	13.00245	77.75774
1796	13.00247	77.75779
1797	13.00248	77.75785
1798	13.00250	77.75790
1799	13.00252	77.75796
1800	13.00254	77.75802
1801	13.00257	77.75808
1802	13.00260	77.75814
1803	13.00261	77.75820
1804	13.00261	77.75825
1805	13.00262	77.75830
1806	13.00262	77.75835
1807	13.00262	77.75840
1808	13.00261	77.75847
1809	13.00261	77.75853
1810	13.00260	77.75859
1811	13.00260	77.75864
1812	13.00259	77.75870
1813	13.00258	77.75875
1814	13.00258	77.75880
1815	13.00258	77.75886
1816	13.00260	77.75893
1817	13.00261	77.75898
1818	13.00261	77.75903
1819	13.00261	77.75910
1820	13.00261	77.75915
1821	13.00261	77.75921
1822	13.00261	77.75926
1823	13.00261	77.75931
1824	13.00261	77.75938
1825	13.00260	77.75944
1826	13.00260	77.75949
1827	13.00260	77.75955
1828	13.00260	77.75960
1829	13.00260	77.75967
1830	13.00260	77.75972
1831	13.00261	77.75979
1832	13.00261	77.75984
1833	13.00263	77.75990
1834	13.00268	77.75989
1835	13.00274	77.75989
1836	13.00280	77.75989
1837	13.00287	77.75989
1838	13.00293	77.75989
1839	13.00299	77.75988
1840	13.00305	77.75987
1841	13.00312	77.75986
1842	13.00318	77.75986
1843	13.00324	77.75986
1844	13.00329	77.75985
1845	13.00335	77.75985
1846	13.00340	77.75984
1847	13.00345	77.75983
1848	13.00352	77.75982
1849	13.00358	77.75982
1850	13.00363	77.75981
1851	13.00370	77.75981
1852	13.00376	77.75981
1853	13.00381	77.75980
1854	13.00387	77.75980
1855	13.00392	77.75980
1856	13.00398	77.75980
1857	13.00403	77.75980
1858	13.00410	77.75980
1859	13.00415	77.75980
1860	13.00421	77.75980
1861	13.00427	77.75980
1862	13.00432	77.75980
1863	13.00439	77.75980
1864	13.00445	77.75979
1865	13.00451	77.75979
1866	13.00456	77.75979
1867	13.00462	77.75978
1868	13.00468	77.75978
1869	13.00474	77.75978
1870	13.00479	77.75978
1871	13.00485	77.75979
1872	13.00491	77.75980
1873	13.00497	77.75981
1874	13.00503	77.75981
1875	13.00510	77.75982
1876	13.00515	77.75983
1877	13.00521	77.75983
1878	13.00527	77.75984
1879	13.00534	77.75985
1880	13.00539	77.75985
1881	13.00545	77.75985
1882	13.00547	77.75991
1883	13.00542	77.75997
1884	13.00538	77.76002
1885	13.00535	77.76008
1886	13.00531	77.76014
1887	13.00528	77.76019
1888	13.00523	77.76025
1889	13.00519	77.76031
1890	13.00515	77.76037
1891	13.00510	77.76043
1892	13.00507	77.76048
1893	13.00503	77.76053
1894	13.00500	77.76058
1895	13.00496	77.76065
1896	13.00492	77.76071
1897	13.00488	77.76076
1898	13.00484	77.76082
1899	13.00483	77.76087
1900	13.00483	77.76093
1901	13.00484	77.76098
1902	13.00486	77.76104
1903	13.00487	77.76110
1904	13.00490	77.76116
1905	13.00493	77.76122
1906	13.00496	77.76128
1907	13.00499	77.76134
1908	13.00503	77.76140
1909	13.00506	77.76145
1910	13.00508	77.76150
1911	13.00510	77.76156
1912	13.00512	77.76162
1913	13.00513	77.76168
1914	13.00513	77.76174
1915	13.00513	77.76180
1916	13.00513	77.76186
1917	13.00511	77.76192
1918	13.00506	77.76198
1919	13.00500	77.76203
1920	13.00495	77.76207
1921	13.00488	77.76212
1922	13.00483	77.76217
1923	13.00478	77.76222
1924	13.00472	77.76227
1925	13.00466	77.76231
1926	13.00460	77.76237
1927	13.00454	77.76241
1928	13.00449	77.76245
1929	13.00443	77.76249
1930	13.00438	77.76253
1931	13.00432	77.76258
1932	13.00427	77.76262
1933	13.00421	77.76266
1934	13.00415	77.76271
1935	13.00410	77.76276
1936	13.00406	77.76282
1937	13.00402	77.76288
1938	13.00399	77.76293
1939	13.00396	77.76299
1940	13.00393	77.76304
1941	13.00392	77.76310
1942	13.00390	77.76316
1943	13.00388	77.76321
1944	13.00387	77.76326
1945	13.00386	77.76332
1946	13.00385	77.76337
1947	13.00384	77.76343
1948	13.00383	77.76349
1949	13.00382	77.76355
1950	13.00381	77.76360
1951	13.00379	77.76367
1952	13.00378	77.76372
1953	13.00378	77.76378
1954	13.00377	77.76383
1955	13.00377	77.76389
1956	13.00377	77.76394
1957	13.00375	77.76400
1958	13.00375	77.76407
1959	13.00374	77.76413
1960	13.00373	77.76418
1961	13.00371	77.76424
1962	13.00370	77.76430
1963	13.00369	77.76435
1964	13.00367	77.76440
1965	13.00365	77.76446
1966	13.00364	77.76453
1967	13.00362	77.76458
1968	13.00361	77.76463
1969	13.00361	77.76469
1970	13.00360	77.76475
1971	13.00359	77.76481
1972	13.00357	77.76487
1973	13.00356	77.76492
1974	13.00355	77.76498
1975	13.00354	77.76504
1976	13.00352	77.76510
1977	13.00351	77.76516
1978	13.00350	77.76521
1979	13.00349	77.76527
1980	13.00348	77.76533
1981	13.00348	77.76539
1982	13.00348	77.76544
1983	13.00348	77.76550
1984	13.00348	77.76557
1985	13.00347	77.76562
1986	13.00346	77.76568
1987	13.00346	77.76573
1988	13.00345	77.76578
1989	13.00345	77.76584
1990	13.00344	77.76589
1991	13.00344	77.76594
1992	13.00343	77.76599
1993	13.00343	77.76605
1994	13.00342	77.76610
1995	13.00342	77.76615
1996	13.00341	77.76620
1997	13.00341	77.76626
1998	13.00340	77.76632
1999	13.00340	77.76637
2000	13.00340	77.76645
2001	13.00340	77.76651
2002	13.00340	77.76657
2003	13.00339	77.76663
2004	13.00338	77.76670
2005	13.00338	77.76675
2006	13.00337	77.76681
2007	13.00336	77.76686
2008	13.00336	77.76692
2009	13.00336	77.76699
2010	13.00336	77.76704
2011	13.00336	77.76712
2012	13.00336	77.76718
2013	13.00336	77.76723
2014	13.00336	77.76729
2015	13.00337	77.76736
2016	13.00337	77.76742
2017	13.00337	77.76748
2018	13.00337	77.76753
2019	13.00337	77.76758
2020	13.00337	77.76764
2021	13.00336	77.76770
2022	13.00336	77.76775
2023	13.00337	77.76782
2024	13.00338	77.76788
2025	13.00339	77.76794
2026	13.00339	77.76800
2027	13.00339	77.76805
2028	13.00339	77.76811
2029	13.00339	77.76816
2030	13.00339	77.76822
2031	13.00338	77.76829
2032	13.00337	77.76834
2033	13.00336	77.76840
2034	13.00336	77.76845
2035	13.00334	77.76850
2036	13.00333	77.76855
2037	13.00332	77.76861
2038	13.00331	77.76867
2039	13.00330	77.76872
2040	13.00329	77.76878
2041	13.00327	77.76883
2042	13.00326	77.76889
2043	13.00324	77.76895
2044	13.00324	77.76901
2045	13.00330	77.76906
2046	13.00335	77.76910
2047	13.00340	77.76912
2048	13.00346	77.76915
2049	13.00353	77.76918
2050	13.00359	77.76919
2051	13.00364	77.76921
2052	13.00370	77.76923
2053	13.00376	77.76926
2054	13.00382	77.76929
2055	13.00388	77.76932
2056	13.00394	77.76934
2057	13.00399	77.76937
2058	13.00405	77.76940
2059	13.00410	77.76941
2060	13.00417	77.76942
2061	13.00423	77.76942
2062	13.00429	77.76942
2063	13.00436	77.76941
2064	13.00441	77.76941
2065	13.00447	77.76942
2066	13.00453	77.76943
2067	13.00458	77.76944
2068	13.00465	77.76944
2069	13.00471	77.76945
2070	13.00477	77.76946
2071	13.00484	77.76946
2072	13.00489	77.76947
2073	13.00494	77.76948
2074	13.00501	77.76948
2075	13.00506	77.76949
2076	13.00512	77.76951
2077	13.00519	77.76953
2078	13.00524	77.76955
2079	13.00530	77.76956
2080	13.00536	77.76959
2081	13.00541	77.76962
2082	13.00547	77.76965
2083	13.00553	77.76969
2084	13.00558	77.76972
2085	13.00564	77.76974
2086	13.00571	77.76974
2087	13.00576	77.76974
2088	13.00583	77.76975
2089	13.00589	77.76975
2090	13.00595	77.76974
2091	13.00602	77.76974
2092	13.00607	77.76973
2093	13.00612	77.76973
2094	13.00618	77.76973
2095	13.00624	77.76973
2096	13.00630	77.76974
2097	13.00637	77.76974
2098	13.00642	77.76974
2099	13.00648	77.76974
2100	13.00654	77.76973
2101	13.00660	77.76971
2102	13.00665	77.76969
2103	13.00671	77.76967
2104	13.00677	77.76965
2105	13.00683	77.76963
2106	13.00688	77.76961
2107	13.00694	77.76959
2108	13.00700	77.76957
2109	13.00706	77.76954
2110	13.00712	77.76952
2111	13.00718	77.76950
2112	13.00723	77.76947
2113	13.00728	77.76945
2114	13.00735	77.76943
2115	13.00740	77.76941
2116	13.00746	77.76939
2117	13.00752	77.76937
2118	13.00759	77.76935
2119	13.00764	77.76933
2120	13.00769	77.76931
2121	13.00776	77.76929
2122	13.00781	77.76926
2123	13.00787	77.76924
2124	13.00792	77.76921
2125	13.00798	77.76919
2126	13.00804	77.76917
2127	13.00809	77.76916
2128	13.00815	77.76914
2129	13.00821	77.76913
2130	13.00827	77.76913
2131	13.00833	77.76912
2132	13.00838	77.76912
2133	13.00844	77.76912
2134	13.00850	77.76912
2135	13.00856	77.76913
2136	13.00862	77.76913
2137	13.00868	77.76913
2138	13.00874	77.76912
2139	13.00881	77.76913
2140	13.00887	77.76913
2141	13.00892	77.76915
2142	13.00897	77.76916
2143	13.00903	77.76918
2144	13.00908	77.76919
2145	13.00913	77.76920
2146	13.00919	77.76922
2147	13.00925	77.76925
2148	13.00930	77.76927
2149	13.00936	77.76930
2150	13.00942	77.76932
2151	13.00949	77.76934
2152	13.00955	77.76936
2153	13.00960	77.76938
2154	13.00966	77.76939
2155	13.00972	77.76942
2156	13.00978	77.76944
2157	13.00984	77.76946
2158	13.00990	77.76948
2159	13.00996	77.76951
2160	13.01002	77.76952
2161	13.01007	77.76954
2162	13.01013	77.76956
2163	13.01019	77.76957
2164	13.01024	77.76957
2165	13.01030	77.76958
2166	13.01036	77.76958
2167	13.01042	77.76960
2168	13.01047	77.76961
2169	13.01053	77.76963
2170	13.01059	77.76964
2171	13.01066	77.76965
2172	13.01071	77.76965
2173	13.01077	77.76966
2174	13.01083	77.76967
2175	13.01089	77.76968
2176	13.01095	77.76968
2177	13.01100	77.76969
2178	13.01106	77.76969
2179	13.01112	77.76969
2180	13.01118	77.76970
2181	13.01123	77.76970
2182	13.01130	77.76971
2183	13.01136	77.76971
2184	13.01142	77.76971
2185	13.01148	77.76971
2186	13.01155	77.76972
2187	13.01161	77.76972
2188	13.01167	77.76972
2189	13.01172	77.76972
2190	13.01179	77.76971
2191	13.01186	77.76971
2192	13.01191	77.76971
2193	13.01197	77.76970
2194	13.01202	77.76969
2195	13.01208	77.76969
2196	13.01213	77.76969
2197	13.01219	77.76968
2198	13.01225	77.76967
2199	13.01231	77.76965
2200	13.01236	77.76964
2201	13.01241	77.76962
2202	13.01247	77.76959
2203	13.01253	77.76954
2204	13.01258	77.76951
2205	13.01264	77.76948
2206	13.01270	77.76945
2207	13.01276	77.76942
2208	13.01282	77.76939
2209	13.01287	77.76938
2210	13.01294	77.76936
2211	13.01301	77.76935
2212	13.01307	77.76934
2213	13.01312	77.76934
2214	13.01318	77.76936
2215	13.01323	77.76939
2216	13.01328	77.76942
2217	13.01334	77.76944
2218	13.01339	77.76947
2219	13.01344	77.76950
2220	13.01350	77.76952
2221	13.01355	77.76954
2222	13.01361	77.76956
2223	13.01366	77.76957
2224	13.01371	77.76960
2225	13.01377	77.76965
2226	13.01383	77.76970
2227	13.01388	77.76975
2228	13.01393	77.76981
2229	13.01398	77.76987
2230	13.01403	77.76992
2231	13.01408	77.76997
2232	13.01414	77.77002
2233	13.01420	77.77006
2234	13.01425	77.77010
2235	13.01431	77.77015
2236	13.01437	77.77020
2237	13.01442	77.77025
2238	13.01448	77.77030
2239	13.01453	77.77035
2240	13.01459	77.77040
2241	13.01465	77.77045
2242	13.01470	77.77049
2243	13.01476	77.77054
2244	13.01481	77.77059
2245	13.01486	77.77063
2246	13.01491	77.77068
2247	13.01497	77.77073
2248	13.01503	77.77078
2249	13.01508	77.77082
2250	13.01514	77.77087
2251	13.01519	77.77091
2252	13.01525	77.77096
2253	13.01531	77.77101
2254	13.01537	77.77105
2255	13.01542	77.77109
2256	13.01548	77.77114
2257	13.01553	77.77118
2258	13.01559	77.77124
2259	13.01564	77.77129
2260	13.01571	77.77135
2261	13.01577	77.77140
2262	13.01583	77.77145
2263	13.01588	77.77151
2264	13.01593	77.77155
2265	13.01599	77.77160
2266	13.01604	77.77165
2267	13.01610	77.77170
2268	13.01607	77.77176
2269	13.01604	77.77182
2270	13.01601	77.77187
2271	13.01598	77.77194
2272	13.01595	77.77200
2273	13.01592	77.77205
2274	13.01589	77.77211
2275	13.01587	77.77217
2276	13.01584	77.77223
2277	13.01582	77.77228
2278	13.01579	77.77234
2279	13.01577	77.77240
2280	13.01574	77.77245
2281	13.01571	77.77250
2282	13.01568	77.77257
2283	13.01565	77.77264
2284	13.01561	77.77270
2285	13.01558	77.77275
2286	13.01554	77.77281
2287	13.01551	77.77286
2288	13.01547	77.77292
2289	13.01541	77.77298
2290	13.01536	77.77303
2291	13.01529	77.77304
2292	13.01524	77.77302
2293	13.01519	77.77300
2294	13.01513	77.77297
2295	13.01507	77.77295
2296	13.01502	77.77293
2297	13.01497	77.77291
2298	13.01490	77.77287
2299	13.01485	77.77283
2300	13.01480	77.77280
2301	13.01474	77.77279
2302	13.01468	77.77278
2303	13.01462	77.77278
2304	13.01456	77.77277
2305	13.01450	77.77276
2306	13.01444	77.77275
2307	13.01438	77.77274
2308	13.01432	77.77272
2309	13.01426	77.77270
2310	13.01421	77.77270
2311	13.01414	77.77269
2312	13.01407	77.77269
2313	13.01401	77.77269
2314	13.01396	77.77269
2315	13.01390	77.77269
2316	13.01385	77.77271
2317	13.01379	77.77274
2318	13.01372	77.77278
2319	13.01367	77.77281
2320	13.01360	77.77282
2321	13.01354	77.77283
2322	13.01347	77.77284
2323	13.01341	77.77286
2324	13.01334	77.77287
2325	13.01329	77.77289
2326	13.01323	77.77290
2327	13.01318	77.77292
2328	13.01312	77.77294
2329	13.01306	77.77297
2330	13.01300	77.77300
2331	13.01294	77.77303
2332	13.01288	77.77306
2333	13.01282	77.77309
2334	13.01277	77.77313
2335	13.01271	77.77318
2336	13.01267	77.77323
2337	13.01265	77.77329
2338	13.01263	77.77335
2339	13.01261	77.77341
2340	13.01258	77.77347
2341	13.01255	77.77353
2342	13.01251	77.77359
2343	13.01249	77.77364
2344	13.01248	77.77370
2345	13.01246	77.77377
2346	13.01243	77.77382
2347	13.01242	77.77388
2348	13.01237	77.77393
2349	13.01232	77.77399
2350	13.01226	77.77400
2351	13.01220	77.77400
2352	13.01214	77.77400
2353	13.01208	77.77399
2354	13.01203	77.77399
2355	13.01196	77.77398
2356	13.01191	77.77398
2357	13.01185	77.77398
2358	13.01179	77.77398
2359	13.01173	77.77397
2360	13.01167	77.77396
2361	13.01161	77.77395
2362	13.01155	77.77394
2363	13.01149	77.77394
2364	13.01143	77.77394
2365	13.01138	77.77394
2366	13.01129	77.77394
2367	13.01124	77.77394
2368	13.01118	77.77393
2369	13.01112	77.77393
2370	13.01107	77.77392
2371	13.01101	77.77390
2372	13.01096	77.77389
2373	13.01090	77.77387
2374	13.01083	77.77386
2375	13.01077	77.77385
2376	13.01072	77.77385
2377	13.01066	77.77384
2378	13.01061	77.77383
2379	13.01054	77.77383
2380	13.01048	77.77380
2381	13.01042	77.77376
2382	13.01036	77.77370
2383	13.01032	77.77364
2384	13.01027	77.77359
2385	13.01023	77.77353
2386	13.01020	77.77348
2387	13.01018	77.77342
2388	13.01014	77.77337
2389	13.01009	77.77334
2390	13.01003	77.77332
2391	13.00998	77.77330
2392	13.00992	77.77329
2393	13.00987	77.77328
2394	13.00981	77.77328
2395	13.00974	77.77327
2396	13.00968	77.77325
2397	13.00963	77.77323
2398	13.00956	77.77321
2399	13.00950	77.77318
2400	13.00944	77.77317
2401	13.00939	77.77316
2402	13.00932	77.77315
2403	13.00927	77.77314
2404	13.00922	77.77313
2405	13.00915	77.77312
2406	13.00908	77.77312
2407	13.00902	77.77313
2408	13.00895	77.77315
2409	13.00889	77.77315
2410	13.00884	77.77317
2411	13.00879	77.77318
2412	13.00872	77.77320
2413	13.00867	77.77322
2414	13.00860	77.77324
2415	13.00855	77.77326
2416	13.00849	77.77328
2417	13.00842	77.77330
2418	13.00836	77.77331
2419	13.00831	77.77332
2420	13.00826	77.77334
2421	13.00820	77.77335
2422	13.00814	77.77336
2423	13.00808	77.77338
2424	13.00801	77.77340
2425	13.00795	77.77341
2426	13.00789	77.77343
2427	13.00783	77.77343
2428	13.00777	77.77343
2429	13.00770	77.77342
2430	13.00762	77.77342
2431	13.00756	77.77342
2432	13.00749	77.77342
2433	13.00744	77.77341
2434	13.00738	77.77340
2435	13.00733	77.77339
2436	13.00728	77.77338
2437	13.00722	77.77337
2438	13.00715	77.77337
2439	13.00709	77.77336
2440	13.00702	77.77335
2441	13.00696	77.77334
2442	13.00689	77.77333
2443	13.00683	77.77333
2444	13.00677	77.77332
2445	13.00672	77.77332
2446	13.00666	77.77331
2447	13.00660	77.77331
2448	13.00654	77.77331
2449	13.00647	77.77331
2450	13.00640	77.77332
2451	13.00633	77.77334
2452	13.00627	77.77337
2453	13.00622	77.77341
2454	13.00616	77.77346
2455	13.00610	77.77352
2456	13.00607	77.77357
2457	13.00605	77.77362
2458	13.00604	77.77367
2459	13.00603	77.77373
2460	13.00603	77.77379
2461	13.00606	77.77384
2462	13.00608	77.77389
2463	13.00609	77.77394
2464	13.00612	77.77400
2465	13.00615	77.77405
2466	13.00618	77.77411
2467	13.00620	77.77416
2468	13.00622	77.77422
2469	13.00622	77.77428
2470	13.00622	77.77434
2471	13.00622	77.77440
2472	13.00622	77.77446
2473	13.00621	77.77452
2474	13.00619	77.77458
2475	13.00618	77.77463
2476	13.00616	77.77469
2477	13.00614	77.77475
2478	13.00611	77.77481
2479	13.00609	77.77487
2480	13.00608	77.77493
2481	13.00605	77.77499
2482	13.00603	77.77504
2483	13.00602	77.77510
2484	13.00597	77.77516
2485	13.00595	77.77522
2486	13.00595	77.77529
2487	13.00596	77.77536
2488	13.00596	77.77542
2489	13.00595	77.77548
2490	13.00591	77.77554
2491	13.00587	77.77560
2492	13.00580	77.77564
2493	13.00574	77.77565
2494	13.00568	77.77566
2495	13.00562	77.77567
2496	13.00557	77.77567
2497	13.00551	77.77567
2498	13.00545	77.77567
2499	13.00540	77.77566
2500	13.00534	77.77564
2501	13.00527	77.77561
2502	13.00522	77.77558
2503	13.00516	77.77558
2504	13.00510	77.77556
2505	13.00503	77.77556
2506	13.00497	77.77557
2507	13.00490	77.77558
2508	13.00483	77.77559
2509	13.00477	77.77559
2510	13.00471	77.77559
2511	13.00465	77.77559
2512	13.00460	77.77559
2513	13.00453	77.77559
2514	13.00447	77.77561
2515	13.00442	77.77562
2516	13.00436	77.77563
2517	13.00429	77.77562
2518	13.00424	77.77562
2519	13.00417	77.77561
2520	13.00411	77.77560
2521	13.00404	77.77558
2522	13.00398	77.77556
2523	13.00392	77.77555
2524	13.00386	77.77555
2525	13.00380	77.77555
2526	13.00374	77.77555
2527	13.00369	77.77554
2528	13.00363	77.77551
2529	13.00357	77.77548
2530	13.00351	77.77543
2531	13.00346	77.77539
2532	13.00341	77.77533
2533	13.00336	77.77527
2534	13.00331	77.77521
2535	13.00325	77.77515
2536	13.00320	77.77510
2537	13.00316	77.77505
2538	13.00312	77.77499
2539	13.00309	77.77493
2540	13.00305	77.77487
2541	13.00303	77.77482
2542	13.00301	77.77476
2543	13.00300	77.77470
2544	13.00299	77.77463
2545	13.00298	77.77458
2546	13.00299	77.77452
2547	13.00299	77.77447
2548	13.00300	77.77441
2549	13.00299	77.77436
2550	13.00298	77.77430
2551	13.00298	77.77425
2552	13.00299	77.77419
2553	13.00300	77.77414
2554	13.00302	77.77407
2555	13.00303	77.77401
2556	13.00305	77.77394
2557	13.00305	77.77389
2558	13.00306	77.77383
2559	13.00306	77.77376
2560	13.00306	77.77370
2561	13.00307	77.77365
2562	13.00308	77.77359
2563	13.00308	77.77354
2564	13.00309	77.77349
2565	13.00310	77.77342
2566	13.00310	77.77335
2567	13.00311	77.77330
2568	13.00311	77.77324
2569	13.00310	77.77318
2570	13.00309	77.77312
2571	13.00306	77.77305
2572	13.00304	77.77300
2573	13.00301	77.77293
2574	13.00299	77.77287
2575	13.00298	77.77282
2576	13.00295	77.77276
2577	13.00292	77.77271
2578	13.00287	77.77266
2579	13.00282	77.77262
2580	13.00277	77.77258
2581	13.00271	77.77255
2582	13.00265	77.77252
2583	13.00260	77.77251
2584	13.00254	77.77251
2585	13.00248	77.77254
2586	13.00243	77.77257
2587	13.00237	77.77260
2588	13.00232	77.77264
2589	13.00226	77.77265
2590	13.00220	77.77269
2591	13.00214	77.77272
2592	13.00208	77.77276
2593	13.00204	77.77281
2594	13.00200	77.77286
2595	13.00196	77.77292
2596	13.00194	77.77298
2597	13.00192	77.77304
2598	13.00191	77.77310
2599	13.00190	77.77316
2600	13.00188	77.77321
2601	13.00187	77.77326
2602	13.00184	77.77333
2603	13.00181	77.77338
2604	13.00177	77.77344
2605	13.00172	77.77349
2606	13.00167	77.77356
2607	13.00161	77.77361
2608	13.00156	77.77366
2609	13.00151	77.77370
2610	13.00144	77.77375
2611	13.00138	77.77380
2612	13.00133	77.77385
2613	13.00128	77.77391
2614	13.00123	77.77397
2615	13.00120	77.77402
2616	13.00116	77.77408
2617	13.00113	77.77414
2618	13.00111	77.77420
2619	13.00109	77.77425
2620	13.00108	77.77431
2621	13.00106	77.77436
2622	13.00105	77.77441
2623	13.00103	77.77446
2624	13.00100	77.77452
2625	13.00095	77.77458
2626	13.00090	77.77463
2627	13.00084	77.77469
2628	13.00078	77.77473
2629	13.00073	77.77474
2630	13.00067	77.77475
2631	13.00061	77.77475
2632	13.00055	77.77475
2633	13.00049	77.77474
2634	13.00044	77.77474
2635	13.00038	77.77474
2636	13.00032	77.77473
2637	13.00026	77.77473
2638	13.00020	77.77472
2639	13.00015	77.77471
2640	13.00008	77.77469
2641	13.00002	77.77467
2642	12.99997	77.77466
2643	12.99991	77.77463
2644	12.99985	77.77460
2645	12.99979	77.77458
2646	12.99972	77.77458
2647	12.99966	77.77458
2648	12.99960	77.77458
2649	12.99953	77.77460
2650	12.99947	77.77464
2651	12.99941	77.77467
2652	12.99935	77.77470
2653	12.99929	77.77473
2654	12.99924	77.77475
2655	12.99919	77.77477
2656	12.99912	77.77480
2657	12.99907	77.77482
2658	12.99901	77.77485
2659	12.99895	77.77487
2660	12.99889	77.77489
2661	12.99884	77.77490
2662	12.99878	77.77492
2663	12.99872	77.77494
2664	12.99866	77.77497
2665	12.99860	77.77501
2666	12.99855	77.77504
2667	12.99849	77.77506
2668	12.99843	77.77505
2669	12.99837	77.77504
2670	12.99831	77.77503
2671	12.99826	77.77500
2672	12.99819	77.77496
2673	12.99814	77.77493
2674	12.99808	77.77489
2675	12.99803	77.77486
2676	12.99796	77.77481
2677	12.99791	77.77478
2678	12.99785	77.77475
2679	12.99779	77.77471
2680	12.99774	77.77467
2681	12.99768	77.77463
2682	12.99762	77.77459
2683	12.99757	77.77454
2684	12.99751	77.77449
2685	12.99745	77.77444
2686	12.99739	77.77445
2687	12.99734	77.77448
2688	12.99728	77.77451
2689	12.99722	77.77453
2690	12.99717	77.77455
2691	12.99711	77.77456
2692	12.99705	77.77457
2693	12.99699	77.77458
2694	12.99693	77.77459
2695	12.99687	77.77459
2696	12.99682	77.77459
2697	12.99676	77.77459
2698	12.99669	77.77458
2699	12.99663	77.77457
2700	12.99658	77.77456
2701	12.99652	77.77455
2702	12.99646	77.77455
2703	12.99641	77.77453
2704	12.99634	77.77452
2705	12.99628	77.77451
2706	12.99622	77.77451
2707	12.99616	77.77449
2708	12.99610	77.77447
2709	12.99604	77.77446
2710	12.99599	77.77446
2711	12.99592	77.77445
2712	12.99587	77.77445
2713	12.99581	77.77445
2714	12.99575	77.77445
2715	12.99570	77.77446
2716	12.99567	77.77451
2717	12.99567	77.77457
2718	12.99566	77.77463
2719	12.99566	77.77468
2720	12.99565	77.77474
2721	12.99564	77.77480
2722	12.99563	77.77486
2723	12.99562	77.77492
2724	12.99562	77.77497
2725	12.99562	77.77504
2726	12.99562	77.77509
2727	12.99562	77.77515
2728	12.99562	77.77521
2729	12.99561	77.77526
2730	12.99560	77.77532
2731	12.99559	77.77538
2732	12.99555	77.77544
2733	12.99550	77.77550
2734	12.99545	77.77554
2735	12.99539	77.77555
2736	12.99534	77.77554
2737	12.99528	77.77552
2738	12.99522	77.77549
2739	12.99516	77.77544
2740	12.99510	77.77539
2741	12.99505	77.77536
2742	12.99498	77.77533
2743	12.99492	77.77531
2744	12.99486	77.77531
2745	12.99480	77.77532
2746	12.99474	77.77533
2747	12.99467	77.77535
2748	12.99462	77.77536
2749	12.99456	77.77538
2750	12.99450	77.77539
2751	12.99444	77.77542
2752	12.99438	77.77545
2753	12.99432	77.77548
2754	12.99427	77.77550
2755	12.99420	77.77553
2756	12.99414	77.77556
2757	12.99408	77.77559
2758	12.99403	77.77562
2759	12.99397	77.77565
2760	12.99391	77.77567
2761	12.99385	77.77572
2762	12.99379	77.77576
2763	12.99374	77.77581
2764	12.99368	77.77585
2765	12.99361	77.77589
2766	12.99356	77.77592
2767	12.99349	77.77595
2768	12.99343	77.77598
2769	12.99338	77.77600
2770	12.99332	77.77602
2771	12.99326	77.77604
2772	12.99320	77.77607
2773	12.99314	77.77610
2774	12.99309	77.77613
2775	12.99304	77.77615
2776	12.99299	77.77616
2777	12.99293	77.77616
2778	12.99287	77.77615
2779	12.99282	77.77613
2780	12.99276	77.77610
2781	12.99270	77.77607
2782	12.99264	77.77602
2783	12.99258	77.77596
2784	12.99254	77.77590
2785	12.99250	77.77584
2786	12.99246	77.77579
2787	12.99242	77.77574
2788	12.99237	77.77568
2789	12.99232	77.77562
2790	12.99225	77.77559
2791	12.99220	77.77558
2792	12.99213	77.77557
2793	12.99208	77.77557
2794	12.99203	77.77559
2795	12.99198	77.77561
2796	12.99192	77.77561
2797	12.99186	77.77562
2798	12.99180	77.77562
2799	12.99173	77.77563
2800	12.99168	77.77565
2801	12.99162	77.77567
2802	12.99156	77.77570
2803	12.99151	77.77572
2804	12.99145	77.77573
2805	12.99139	77.77574
2806	12.99132	77.77574
2807	12.99126	77.77575
2808	12.99120	77.77576
2809	12.99115	77.77577
2810	12.99108	77.77577
2811	12.99101	77.77577
2812	12.99095	77.77576
2813	12.99088	77.77576
2814	12.99081	77.77577
2815	12.99075	77.77577
2816	12.99068	77.77577
2817	12.99063	77.77577
2818	12.99057	77.77577
2819	12.99050	77.77577
2820	12.99044	77.77576
2821	12.99038	77.77575
2822	12.99031	77.77574
2823	12.99026	77.77575
2824	12.99020	77.77576
2825	12.99015	77.77577
2826	12.99008	77.77578
2827	12.99002	77.77578
2828	12.98996	77.77579
2829	12.98991	77.77580
2830	12.98984	77.77582
2831	12.98978	77.77583
2832	12.98972	77.77585
2833	12.98966	77.77588
2834	12.98960	77.77591
2835	12.98954	77.77593
2836	12.98947	77.77595
2837	12.98942	77.77597
2838	12.98935	77.77599
2839	12.98930	77.77600
2840	12.98924	77.77602
2841	12.98918	77.77604
2842	12.98912	77.77606
2843	12.98907	77.77607
2844	12.98901	77.77610
2845	12.98895	77.77613
2846	12.98889	77.77616
2847	12.98883	77.77618
2848	12.98876	77.77620
2849	12.98870	77.77620
2850	12.98865	77.77620
2851	12.98859	77.77619
2852	12.98853	77.77619
2853	12.98847	77.77619
2854	12.98841	77.77619
2855	12.98835	77.77619
2856	12.98829	77.77617
2857	12.98823	77.77616
2858	12.98817	77.77614
2859	12.98811	77.77611
2860	12.98806	77.77608
2861	12.98800	77.77605
2862	12.98793	77.77603
2863	12.98787	77.77601
2864	12.98782	77.77597
2865	12.98776	77.77594
2866	12.98771	77.77591
2867	12.98765	77.77588
2868	12.98759	77.77585
2869	12.98754	77.77583
2870	12.98748	77.77581
2871	12.98742	77.77580
2872	12.98737	77.77578
2873	12.98730	77.77576
2874	12.98725	77.77575
2875	12.98719	77.77574
2876	12.98713	77.77574
2877	12.98707	77.77575
2878	12.98701	77.77577
2879	12.98695	77.77579
2880	12.98688	77.77581
2881	12.98682	77.77583
2882	12.98677	77.77584
2883	12.98670	77.77586
2884	12.98664	77.77587
2885	12.98659	77.77587
2886	12.98653	77.77589
2887	12.98647	77.77591
2888	12.98640	77.77593
2889	12.98635	77.77594
2890	12.98629	77.77595
2891	12.98623	77.77597
2892	12.98618	77.77598
2893	12.98612	77.77602
2894	12.98607	77.77606
2895	12.98602	77.77610
2896	12.98596	77.77614
2897	12.98590	77.77618
2898	12.98584	77.77622
2899	12.98577	77.77627
2900	12.98572	77.77631
2901	12.98566	77.77635
2902	12.98561	77.77638
2903	12.98555	77.77643
2904	12.98549	77.77645
2905	12.98543	77.77648
2906	12.98537	77.77651
2907	12.98532	77.77654
2908	12.98526	77.77657
2909	12.98521	77.77659
2910	12.98515	77.77661
2911	12.98509	77.77663
2912	12.98503	77.77665
2913	12.98497	77.77667
2914	12.98491	77.77670
2915	12.98485	77.77673
2916	12.98480	77.77676
2917	12.98474	77.77676
2918	12.98468	77.77675
2919	12.98462	77.77673
2920	12.98456	77.77670
2921	12.98449	77.77667
2922	12.98443	77.77665
2923	12.98437	77.77663
2924	12.98430	77.77660
2925	12.98423	77.77658
2926	12.98418	77.77656
2927	12.98411	77.77654
2928	12.98405	77.77651
2929	12.98399	77.77649
2930	12.98393	77.77647
2931	12.98386	77.77645
2932	12.98380	77.77643
2933	12.98374	77.77642
2934	12.98369	77.77641
2935	12.98362	77.77640
2936	12.98356	77.77640
2937	12.98350	77.77639
2938	12.98344	77.77637
2939	12.98338	77.77636
2940	12.98332	77.77635
2941	12.98326	77.77634
2942	12.98320	77.77633
2943	12.98313	77.77632
2944	12.98307	77.77631
2945	12.98301	77.77630
2946	12.98294	77.77629
2947	12.98289	77.77628
2948	12.98283	77.77627
2949	12.98276	77.77624
2950	12.98270	77.77621
2951	12.98263	77.77620
2952	12.98257	77.77620
2953	12.98251	77.77620
2954	12.98246	77.77620
2955	12.98240	77.77620
2956	12.98234	77.77620
2957	12.98228	77.77621
2958	12.98222	77.77622
2959	12.98217	77.77624
2960	12.98211	77.77628
2961	12.98206	77.77630
2962	12.98200	77.77634
2963	12.98195	77.77639
2964	12.98190	77.77644
2965	12.98185	77.77645
2966	12.98178	77.77644
2967	12.98173	77.77642
2968	12.98167	77.77639
2969	12.98161	77.77635
2970	12.98155	77.77629
2971	12.98151	77.77624
2972	12.98148	77.77618
2973	12.98145	77.77613
2974	12.98142	77.77607
2975	12.98140	77.77602
2976	12.98138	77.77597
2977	12.98135	77.77591
2978	12.98132	77.77586
2979	12.98128	77.77580
2980	12.98123	77.77574
2981	12.98117	77.77571
2982	12.98111	77.77568
2983	12.98106	77.77565
2984	12.98100	77.77562
2985	12.98093	77.77559
2986	12.98087	77.77556
2987	12.98081	77.77551
2988	12.98079	77.77545
2989	12.98078	77.77540
2990	12.98078	77.77534
2991	12.98078	77.77528
2992	12.98078	77.77523
2993	12.98072	77.77521
2994	12.98065	77.77520
2995	12.98059	77.77518
2996	12.98054	77.77518
2997	12.98048	77.77517
2998	12.98043	77.77517
2999	12.98037	77.77517
3000	12.98031	77.77518
3001	12.98026	77.77521
3002	12.98020	77.77525
3003	12.98017	77.77531
3004	12.98014	77.77537
3005	12.98012	77.77542
3006	12.98009	77.77548
3007	12.98006	77.77553
3008	12.98002	77.77558
3009	12.97998	77.77563
3010	12.97992	77.77569
3011	12.97988	77.77575
3012	12.97984	77.77581
3013	12.97979	77.77587
3014	12.97974	77.77592
3015	12.97968	77.77597
3016	12.97964	77.77602
3017	12.97959	77.77607
3018	12.97953	77.77611
3019	12.97948	77.77616
3020	12.97941	77.77621
3021	12.97936	77.77626
3022	12.97931	77.77631
3023	12.97925	77.77635
3024	12.97919	77.77640
3025	12.97913	77.77646
3026	12.97908	77.77651
3027	12.97902	77.77655
3028	12.97896	77.77660
3029	12.97890	77.77664
3030	12.97884	77.77668
3031	12.97878	77.77672
3032	12.97872	77.77678
3033	12.97865	77.77684
3034	12.97860	77.77690
3035	12.97856	77.77695
3036	12.97852	77.77701
3037	12.97848	77.77706
3038	12.97845	77.77712
3039	12.97843	77.77717
3040	12.97841	77.77723
3041	12.97839	77.77730
3042	12.97838	77.77737
3043	12.97838	77.77742
3044	12.97838	77.77748
3045	12.97840	77.77754
3046	12.97842	77.77760
3047	12.97844	77.77766
3048	12.97846	77.77771
3049	12.97848	77.77777
3050	12.97850	77.77783
3051	12.97851	77.77789
3052	12.97852	77.77795
3053	12.97853	77.77801
3054	12.97854	77.77808
3055	12.97854	77.77814
3056	12.97852	77.77820
3057	12.97849	77.77826
3058	12.97847	77.77831
3059	12.97841	77.77836
3060	12.97835	77.77839
3061	12.97828	77.77842
3062	12.97822	77.77845
3063	12.97817	77.77848
3064	12.97810	77.77850
3065	12.97805	77.77852
3066	12.97799	77.77853
3067	12.97793	77.77854
3068	12.97787	77.77856
3069	12.97780	77.77857
3070	12.97774	77.77858
3071	12.97768	77.77858
3072	12.97763	77.77859
3073	12.97757	77.77860
3074	12.97751	77.77861
3075	12.97744	77.77862
