Rank	Latitude	Longitude
1	12.97597	77.77975
2	12.97592	77.77976
3	12.97586	77.77977
4	12.97580	77.77977
5	12.97575	77.77978
6	12.97568	77.77979
7	12.97562	77.77979
8	12.97556	77.77979
9	12.97550	77.77978
10	12.97545	77.77976
11	12.97539	77.77973
12	12.97532	77.77970
13	12.97527	77.77968
14	12.97521	77.77966
15	12.97516	77.77964
16	12.97510	77.77961
17	12.97504	77.77956
18	12.97499	77.77950
19	12.97497	77.77944
20	12.97494	77.77939
21	12.97493	77.77933
22	12.97491	77.77928
23	12.97490	77.77922
24	12.97486	77.77912
25	12.97485	77.77906
26	12.97484	77.77901
27	12.97484	77.77895
28	12.97484	77.77889
29	12.97486	77.77884
30	12.97489	77.77878
31	12.97493	77.77873
32	12.97498	77.77868
33	12.97502	77.77862
34	12.97505	77.77857
35	12.97508	77.77852
36	12.97512	77.77846
37	12.97516	77.77841
38	12.97520	77.77836
39	12.97520	77.77831
40	12.97518	77.77824
41	12.97515	77.77818
42	12.97510	77.77812
43	12.97505	77.77808
44	12.97500	77.77802
45	12.97494	77.77797
46	12.97488	77.77792
47	12.97481	77.77788
48	12.97475	77.77785
49	12.97470	77.77783
50	12.97464	77.77781
51	12.97458	77.77780
52	12.97453	77.77779
53	12.97447	77.77779
54	12.97442	77.77780
55	12.97435	77.77782
56	12.97429	77.77781
57	12.97424	77.77777
58	12.97418	77.77773
59	12.97412	77.77768
60	12.97407	77.77765
61	12.97401	77.77759
62	12.97396	77.77755
63	12.97390	77.77751
64	12.97384	77.77747
65	12.97379	77.77743
66	12.97374	77.77739
67	12.97368	77.77735
68	12.97362	77.77732
69	12.97356	77.77731
70	12.97350	77.77729
71	12.97343	77.77727
72	12.97337	77.77725
73	12.97331	77.77724
74	12.97325	77.77725
75	12.97319	77.77728
76	12.97314	77.77734
77	12.97311	77.77739
78	12.97308	77.77746
79	12.97306	77.77751
80	12.97305	77.77756
81	12.97302	77.77762
82	12.97299	77.77768
83	12.97296	77.77774
84	12.97293	77.77779
85	12.97290	77.77784
86	12.97286	77.77790
87	12.97282	77.77796
88	12.97275	77.77802
89	12.97270	77.77806
90	12.97264	77.77811
91	12.97259	77.77815
92	12.97253	77.77820
93	12.97248	77.77825
94	12.97242	77.77830
95	12.97237	77.77835
96	12.97232	77.77841
97	12.97226	77.77847
98	12.97222	77.77853
99	12.97218	77.77859
100	12.97215	77.77864
101	12.97213	77.77870
102	12.97210	77.77875
103	12.97207	77.77881
104	12.97204	77.77887
105	12.97203	77.77892
106	12.97199	77.77899
107	12.97195	77.77904
108	12.97189	77.77910
109	12.97184	77.77914
110	12.97178	77.77919
111	12.97172	77.77924
112	12.97167	77.77928
113	12.97160	77.77934
114	12.97154	77.77938
115	12.97149	77.77944
116	12.97144	77.77950
117	12.97142	77.77955
118	12.97139	77.77961
119	12.97138	77.77967
120	12.97138	77.77973
121	12.97137	77.77979
122	12.97137	77.77985
123	12.97136	77.77990
124	12.97136	77.77995
125	12.97135	77.78001
126	12.97131	77.78006
127	12.97127	77.78012
128	12.97120	77.78017
129	12.97115	77.78020
130	12.97109	77.78024
131	12.97104	77.78026
132	12.97095	77.78030
133	12.97090	77.78032
134	12.97084	77.78034
135	12.97077	77.78030
136	12.97071	77.78028
137	12.97064	77.78025
138	12.97059	77.78024
139	12.97052	77.78022
140	12.97045	77.78019
141	12.97039	77.78016
142	12.97034	77.78014
143	12.97028	77.78011
144	12.97022	77.78009
145	12.97015	77.78005
146	12.97010	77.78003
147	12.97003	77.78000
148	12.96997	77.77998
149	12.96991	77.77995
150	12.96984	77.77992
151	12.96978	77.77990
152	12.96972	77.77988
153	12.96966	77.77986
154	12.96959	77.77984
155	12.96953	77.77982
156	12.96947	77.77981
157	12.96942	77.77979
158	12.96935	77.77977
159	12.96930	77.77975
160	12.96924	77.77974
161	12.96919	77.77974
162	12.96913	77.77975
163	12.96908	77.77977
164	12.96902	77.77979
165	12.96897	77.77981
166	12.96891	77.77984
167	12.96886	77.77990
168	12.96883	77.77997
169	12.96881	77.78002
170	12.96880	77.78007
171	12.96877	77.78014
172	12.96874	77.78019
173	12.96873	77.78025
174	12.96872	77.78030
175	12.96872	77.78036
176	12.96873	77.78041
177	12.96873	77.78047
178	12.96874	77.78052
179	12.96873	77.78057
180	12.96871	77.78063
181	12.96870	77.78069
182	12.96869	77.78075
183	12.96868	77.78081
184	12.96867	77.78086
185	12.96866	77.78092
186	12.96864	77.78097
187	12.96862	77.78102
188	12.96860	77.78109
189	12.96858	77.78115
190	12.96857	77.78120
191	12.96856	77.78126
192	12.96855	77.78132
193	12.96855	77.78137
194	12.96854	77.78143
195	12.96854	77.78149
196	12.96854	77.78155
197	12.96855	77.78161
198	12.96855	77.78167
199	12.96856	77.78172
200	12.96857	77.78178
201	12.96858	77.78184
202	12.96858	77.78190
203	12.96860	77.78196
204	12.96861	77.78201
205	12.96866	77.78207
206	12.96871	77.78212
207	12.96877	77.78217
208	12.96883	77.78223
209	12.96887	77.78228
210	12.96891	77.78233
211	12.96896	77.78239
212	12.96902	77.78244
213	12.96908	77.78250
214	12.96914	77.78256
215	12.96917	77.78262
216	12.96920	77.78267
217	12.96922	77.78273
218	12.96923	77.78279
219	12.96924	77.78284
220	12.96925	77.78290
221	12.96924	77.78295
222	12.96925	77.78301
223	12.96926	77.78307
224	12.96927	77.78312
225	12.96928	77.78319
226	12.96928	77.78326
227	12.96929	77.78331
228	12.96929	77.78338
229	12.96929	77.78344
230	12.96930	77.78350
231	12.96931	77.78356
232	12.96932	77.78363
233	12.96933	77.78368
234	12.96933	77.78373
235	12.96933	77.78380
236	12.96933	77.78386
237	12.96933	77.78391
238	12.96933	77.78397
239	12.96932	77.78402
240	12.96932	77.78408
241	12.96931	77.78414
242	12.96929	77.78419
243	12.96928	77.78424
244	12.96925	77.78430
245	12.96922	77.78436
246	12.96918	77.78441
247	12.96914	77.78446
248	12.96908	77.78451
249	12.96901	77.78455
250	12.96894	77.78458
251	12.96888	77.78460
252	12.96882	77.78463
253	12.96876	77.78465
254	12.96870	77.78467
255	12.96865	77.78469
256	12.96858	77.78472
257	12.96852	77.78475
258	12.96847	77.78477
259	12.96841	77.78480
260	12.96835	77.78482
261	12.96829	77.78485
262	12.96823	77.78487
263	12.96817	77.78490
264	12.96811	77.78492
265	12.96805	77.78494
266	12.96799	77.78495
267	12.96793	77.78497
268	12.96788	77.78499
269	12.96781	77.78499
270	12.96775	77.78500
271	12.96770	77.78501
272	12.96763	77.78501
273	12.96757	77.78502
274	12.96750	77.78502
275	12.96743	77.78503
276	12.96736	77.78504
277	12.96731	77.78504
278	12.96724	77.78505
279	12.96718	77.78506
280	12.96713	77.78506
281	12.96707	77.78506
282	12.96701	77.78506
283	12.96695	77.78506
284	12.96689	77.78506
285	12.96683	77.78507
286	12.96676	77.78506
287	12.96670	77.78506
288	12.96664	77.78507
289	12.96659	77.78508
290	12.96652	77.78509
291	12.96647	77.78510
292	12.96641	77.78510
293	12.96635	77.78511
294	12.96630	77.78512
295	12.96624	77.78512
296	12.96617	77.78513
297	12.96611	77.78514
298	12.96603	77.78515
299	12.96597	77.78515
300	12.96591	77.78515
301	12.96586	77.78516
302	12.96580	77.78516
303	12.96574	77.78515
304	12.96566	77.78515
305	12.96561	77.78515
306	12.96554	77.78514
307	12.96548	77.78513
308	12.96542	77.78511
309	12.96535	77.78509
310	12.96529	77.78503
311	12.96526	77.78498
312	12.96524	77.78491
313	12.96523	77.78485
314	12.96522	77.78479
315	12.96521	77.78474
316	12.96519	77.78468
317	12.96518	77.78463
318	12.96516	77.78457
319	12.96515	77.78452
320	12.96513	77.78446
321	12.96513	77.78441
322	12.96512	77.78436
323	12.96510	77.78431
324	12.96508	77.78425
325	12.96507	77.78420
326	12.96504	77.78415
327	12.96501	77.78409
328	12.96499	77.78403
329	12.96496	77.78398
330	12.96494	77.78392
331	12.96492	77.78386
332	12.96490	77.78380
333	12.96489	77.78374
334	12.96489	77.78368
335	12.96488	77.78363
336	12.96487	77.78356
337	12.96486	77.78350
338	12.96486	77.78345
339	12.96487	77.78339
340	12.96488	77.78333
341	12.96489	77.78328
342	12.96491	77.78323
343	12.96494	77.78317
344	12.96498	77.78312
345	12.96501	77.78305
346	12.96504	77.78299
347	12.96506	77.78294
348	12.96509	77.78288
349	12.96512	77.78283
350	12.96514	77.78278
351	12.96516	77.78273
352	12.96519	77.78267
353	12.96522	77.78260
354	12.96525	77.78254
355	12.96527	77.78248
356	12.96529	77.78242
357	12.96531	77.78236
358	12.96533	77.78231
359	12.96535	77.78226
360	12.96536	77.78220
361	12.96539	77.78215
362	12.96541	77.78210
363	12.96544	77.78205
364	12.96547	77.78200
365	12.96550	77.78195
366	12.96554	77.78188
367	12.96558	77.78183
368	12.96561	77.78178
369	12.96564	77.78173
370	12.96566	77.78166
371	12.96569	77.78161
372	12.96572	77.78154
373	12.96575	77.78148
374	12.96577	77.78143
375	12.96581	77.78136
376	12.96584	77.78130
377	12.96586	77.78125
378	12.96589	77.78119
379	12.96592	77.78113
380	12.96594	77.78107
381	12.96596	77.78102
382	12.96597	77.78096
383	12.96599	77.78090
384	12.96600	77.78085
385	12.96602	77.78079
386	12.96604	77.78073
387	12.96605	77.78068
388	12.96607	77.78062
389	12.96611	77.78055
390	12.96613	77.78050
391	12.96616	77.78044
392	12.96618	77.78039
393	12.96620	77.78034
394	12.96622	77.78027
395	12.96624	77.78020
396	12.96626	77.78014
397	12.96627	77.78008
398	12.96629	77.78002
399	12.96631	77.77997
400	12.96633	77.77991
401	12.96636	77.77985
402	12.96638	77.77979
403	12.96640	77.77973
404	12.96640	77.77967
405	12.96640	77.77961
406	12.96640	77.77955
407	12.96640	77.77949
408	12.96639	77.77944
409	12.96639	77.77937
410	12.96639	77.77932
411	12.96640	77.77926
412	12.96641	77.77920
413	12.96642	77.77915
414	12.96644	77.77909
415	12.96645	77.77904
416	12.96646	77.77898
417	12.96647	77.77892
418	12.96647	77.77886
419	12.96647	77.77880
420	12.96647	77.77874
421	12.96647	77.77869
422	12.96647	77.77863
423	12.96647	77.77857
424	12.96647	77.77852
425	12.96647	77.77845
426	12.96645	77.77839
427	12.96643	77.77834
428	12.96641	77.77828
429	12.96639	77.77823
430	12.96637	77.77818
431	12.96634	77.77812
432	12.96632	77.77806
433	12.96631	77.77801
434	12.96628	77.77795
435	12.96625	77.77788
436	12.96622	77.77783
437	12.96620	77.77777
438	12.96617	77.77771
439	12.96614	77.77764
440	12.96611	77.77759
441	12.96606	77.77753
442	12.96602	77.77747
443	12.96599	77.77742
444	12.96595	77.77737
445	12.96592	77.77731
446	12.96589	77.77726
447	12.96585	77.77720
448	12.96582	77.77713
449	12.96577	77.77707
450	12.96573	77.77701
451	12.96570	77.77695
452	12.96566	77.77689
453	12.96563	77.77683
454	12.96561	77.77678
455	12.96558	77.77672
456	12.96556	77.77666
457	12.96554	77.77661
458	12.96552	77.77655
459	12.96550	77.77648
460	12.96547	77.77642
461	12.96545	77.77637
462	12.96543	77.77630
463	12.96540	77.77625
464	12.96535	77.77619
465	12.96530	77.77612
466	12.96527	77.77606
467	12.96523	77.77600
468	12.96520	77.77594
469	12.96516	77.77588
470	12.96512	77.77582
471	12.96507	77.77576
472	12.96503	77.77569
473	12.96499	77.77564
474	12.96496	77.77558
475	12.96494	77.77552
476	12.96491	77.77547
477	12.96488	77.77541
478	12.96486	77.77535
479	12.96483	77.77529
480	12.96480	77.77523
481	12.96478	77.77518
482	12.96475	77.77513
483	12.96473	77.77508
484	12.96470	77.77502
485	12.96468	77.77497
486	12.96465	77.77490
487	12.96463	77.77485
488	12.96460	77.77479
489	12.96458	77.77474
490	12.96455	77.77469
491	12.96451	77.77463
492	12.96445	77.77457
493	12.96440	77.77451
494	12.96434	77.77446
495	12.96428	77.77442
496	12.96422	77.77437
497	12.96416	77.77433
498	12.96410	77.77430
499	12.96404	77.77427
500	12.96399	77.77424
501	12.96394	77.77422
502	12.96388	77.77419
503	12.96382	77.77417
504	12.96376	77.77416
505	12.96371	77.77413
506	12.96365	77.77408
507	12.96360	77.77402
508	12.96356	77.77396
509	12.96352	77.77391
510	12.96347	77.77386
511	12.96343	77.77380
512	12.96338	77.77374
513	12.96333	77.77368
514	12.96329	77.77362
515	12.96326	77.77357
516	12.96322	77.77350
517	12.96318	77.77345
518	12.96316	77.77340
519	12.96314	77.77333
520	12.96312	77.77328
521	12.96310	77.77321
522	12.96310	77.77315
523	12.96309	77.77309
524	12.96308	77.77303
525	12.96307	77.77298
526	12.96305	77.77292
527	12.96304	77.77287
528	12.96301	77.77281
529	12.96298	77.77276
530	12.96293	77.77269
531	12.96287	77.77264
532	12.96281	77.77258
533	12.96275	77.77252
534	12.96269	77.77248
535	12.96263	77.77245
536	12.96257	77.77241
537	12.96252	77.77236
538	12.96246	77.77232
539	12.96241	77.77228
540	12.96235	77.77225
541	12.96228	77.77221
542	12.96222	77.77217
543	12.96216	77.77214
544	12.96210	77.77210
545	12.96204	77.77204
546	12.96198	77.77200
547	12.96192	77.77194
548	12.96186	77.77189
549	12.96181	77.77185
550	12.96175	77.77180
551	12.96169	77.77175
552	12.96164	77.77171
553	12.96158	77.77165
554	12.96152	77.77160
555	12.96146	77.77155
556	12.96140	77.77150
557	12.96136	77.77144
558	12.96135	77.77139
559	12.96135	77.77132
560	12.96135	77.77126
561	12.96135	77.77121
562	12.96135	77.77116
563	12.96135	77.77110
564	12.96136	77.77104
565	12.96137	77.77097
566	12.96138	77.77091
567	12.96139	77.77085
568	12.96139	77.77080
569	12.96140	77.77075
570	12.96141	77.77069
571	12.96142	77.77062
572	12.96142	77.77057
573	12.96143	77.77050
574	12.96144	77.77045
575	12.96144	77.77040
576	12.96145	77.77035
577	12.96146	77.77030
578	12.96148	77.77024
579	12.96149	77.77018
580	12.96151	77.77012
581	12.96152	77.77007
582	12.96154	77.77002
583	12.96155	77.76996
584	12.96157	77.76990
585	12.96159	77.76984
586	12.96160	77.76978
587	12.96162	77.76973
588	12.96164	77.76967
589	12.96164	77.76960
590	12.96165	77.76954
591	12.96166	77.76948
592	12.96167	77.76943
593	12.96168	77.76938
594	12.96169	77.76932
595	12.96169	77.76927
596	12.96171	77.76921
597	12.96172	77.76915
598	12.96173	77.76909
599	12.96173	77.76904
600	12.96174	77.76899
601	12.96175	77.76894
602	12.96176	77.76887
603	12.96177	77.76882
604	12.96180	77.76877
605	12.96186	77.76873
606	12.96191	77.76869
607	12.96197	77.76866
608	12.96203	77.76860
609	12.96209	77.76855
610	12.96215	77.76850
611	12.96220	77.76846
612	12.96226	77.76841
613	12.96231	77.76836
614	12.96237	77.76831
615	12.96242	77.76827
616	12.96240	77.76822
617	12.96237	77.76817
618	12.96234	77.76811
619	12.96231	77.76806
620	12.96229	77.76800
621	12.96227	77.76794
622	12.96224	77.76789
623	12.96223	77.76783
624	12.96221	77.76778
625	12.96218	77.76772
626	12.96215	77.76766
627	12.96213	77.76760
628	12.96210	77.76755
629	12.96207	77.76748
630	12.96205	77.76742
631	12.96203	77.76737
632	12.96201	77.76731
633	12.96198	77.76726
634	12.96196	77.76721
635	12.96194	77.76714
636	12.96191	77.76708
637	12.96190	77.76703
638	12.96187	77.76697
639	12.96185	77.76691
640	12.96183	77.76686
641	12.96181	77.76680
642	12.96178	77.76674
643	12.96175	77.76668
644	12.96173	77.76663
645	12.96171	77.76657
646	12.96168	77.76652
647	12.96165	77.76646
648	12.96163	77.76640
649	12.96162	77.76635
650	12.96160	77.76629
651	12.96157	77.76623
652	12.96155	77.76618
653	12.96153	77.76613
654	12.96151	77.76606
655	12.96148	77.76601
656	12.96146	77.76595
657	12.96142	77.76589
658	12.96138	77.76583
659	12.96134	77.76577
660	12.96132	77.76572
661	12.96128	77.76566
662	12.96123	77.76560
663	12.96119	77.76554
664	12.96116	77.76548
665	12.96112	77.76541
666	12.96108	77.76536
667	12.96104	77.76530
668	12.96099	77.76524
669	12.96096	77.76518
670	12.96093	77.76513
671	12.96090	77.76508
672	12.96087	77.76501
673	12.96084	77.76496
674	12.96080	77.76490
675	12.96076	77.76484
676	12.96073	77.76479
677	12.96070	77.76472
678	12.96066	77.76467
679	12.96063	77.76460
680	12.96059	77.76454
681	12.96056	77.76448
682	12.96053	77.76442
683	12.96050	77.76436
684	12.96047	77.76431
685	12.96044	77.76425
686	12.96041	77.76419
687	12.96037	77.76413
688	12.96034	77.76408
689	12.96030	77.76402
690	12.96025	77.76396
691	12.96021	77.76391
692	12.96018	77.76385
693	12.96014	77.76380
694	12.96011	77.76374
695	12.96007	77.76368
696	12.96005	77.76362
697	12.96002	77.76357
698	12.96000	77.76350
699	12.95997	77.76344
700	12.95994	77.76339
701	12.95992	77.76333
702	12.95989	77.76328
703	12.95986	77.76322
704	12.95982	77.76315
705	12.95978	77.76309
706	12.95975	77.76303
707	12.95973	77.76298
708	12.95970	77.76292
709	12.95965	77.76287
710	12.95960	77.76281
711	12.95956	77.76276
712	12.95952	77.76270
713	12.95947	77.76264
714	12.95943	77.76259
715	12.95939	77.76254
716	12.95935	77.76248
717	12.95931	77.76242
718	12.95926	77.76236
719	12.95923	77.76230
720	12.95921	77.76225
721	12.95918	77.76220
722	12.95916	77.76214
723	12.95913	77.76209
724	12.95910	77.76204
725	12.95907	77.76199
726	12.95905	77.76193
727	12.95903	77.76187
728	12.95900	77.76182
729	12.95898	77.76175
730	12.95897	77.76170
731	12.95895	77.76164
732	12.95893	77.76159
733	12.95890	77.76153
734	12.95888	77.76148
735	12.95885	77.76143
736	12.95882	77.76138
737	12.95880	77.76133
738	12.95878	77.76127
739	12.95876	77.76122
740	12.95874	77.76115
741	12.95873	77.76109
742	12.95872	77.76103
743	12.95871	77.76098
744	12.95811	77.75902
745	12.95812	77.75908
746	12.95814	77.75914
747	12.95815	77.75920
748	12.95816	77.75925
749	12.95818	77.75931
750	12.95820	77.75936
751	12.95822	77.75942
752	12.95824	77.75949
753	12.95825	77.75954
754	12.95827	77.75961
755	12.95829	77.75967
756	12.95830	77.75972
757	12.95832	77.75979
758	12.95834	77.75985
759	12.95835	77.75991
760	12.95838	77.75997
761	12.95840	77.76003
762	12.95842	77.76008
763	12.95845	77.76014
764	12.95847	77.76019
765	12.95849	77.76024
766	12.95851	77.76030
767	12.95852	77.76036
768	12.95854	77.76043
769	12.95856	77.76048
770	12.95858	77.76054
771	12.95859	77.76060
772	12.95861	77.76065
773	12.95862	77.76071
774	12.95865	77.76076
775	12.95867	77.76082
776	12.95868	77.76087
777	12.95870	77.76093
778	12.95807	77.75897
779	12.95804	77.75890
780	12.95800	77.75884
781	12.95798	77.75879
782	12.95795	77.75872
783	12.95792	77.75867
784	12.95790	77.75861
785	12.95787	77.75856
786	12.95785	77.75851
787	12.95782	77.75845
788	12.95780	77.75840
789	12.95778	77.75835
790	12.95777	77.75829
791	12.95775	77.75822
792	12.95774	77.75817
793	12.95773	77.75812
794	12.95772	77.75807
795	12.95770	77.75802
796	12.95767	77.75795
797	12.95764	77.75789
798	12.95761	77.75783
799	12.95758	77.75778
800	12.95755	77.75772
801	12.95753	77.75766
802	12.95750	77.75761
803	12.95747	77.75755
804	12.95745	77.75750
805	12.95742	77.75744
806	12.95739	77.75739
807	12.95735	77.75733
808	12.95732	77.75727
809	12.95729	77.75722
810	12.95726	77.75716
811	12.95724	77.75710
812	12.95722	77.75704
813	12.95720	77.75698
814	12.95718	77.75693
815	12.95715	77.75687
816	12.95712	77.75681
817	12.95710	77.75676
818	12.95707	77.75671
819	12.95704	77.75665
820	12.95701	77.75659
821	12.95699	77.75654
822	12.95696	77.75648
823	12.95693	77.75642
824	12.95691	77.75636
825	12.95690	77.75630
826	12.95688	77.75623
827	12.95685	77.75617
828	12.95682	77.75611
829	12.95679	77.75604
830	12.95676	77.75599
831	12.95674	77.75592
832	12.95672	77.75587
833	12.95670	77.75580
834	12.95669	77.75574
835	12.95667	77.75567
836	12.95665	77.75562
837	12.95663	77.75556
838	12.95662	77.75550
839	12.95659	77.75544
840	12.95657	77.75538
841	12.95656	77.75532
842	12.95654	77.75527
843	12.95652	77.75522
844	12.95649	77.75516
845	12.95647	77.75511
846	12.95644	77.75504
847	12.95642	77.75499
848	12.95638	77.75494
849	12.95636	77.75487
850	12.95631	77.75480
851	12.95628	77.75475
852	12.95626	77.75469
853	12.95624	77.75463
854	12.95622	77.75457
855	12.95621	77.75452
856	12.95618	77.75446
857	12.95614	77.75439
858	12.95612	77.75433
859	12.95609	77.75427
860	12.95606	77.75422
861	12.95603	77.75416
862	12.95598	77.75410
863	12.95595	77.75405
864	12.95592	77.75399
865	12.95589	77.75394
866	12.95587	77.75388
867	12.95584	77.75382
868	12.95581	77.75376
869	12.95579	77.75370
870	12.95576	77.75364
871	12.95572	77.75358
872	12.95570	77.75353
873	12.95567	77.75348
874	12.95563	77.75342
875	12.95561	77.75336
876	12.95557	77.75330
877	12.95554	77.75325
878	12.95552	77.75319
879	12.95549	77.75313
880	12.95547	77.75308
881	12.95544	77.75303
882	12.95542	77.75297
883	12.95539	77.75291
884	12.95535	77.75285
885	12.95532	77.75279
886	12.95529	77.75273
887	12.95526	77.75266
888	12.95523	77.75261
889	12.95519	77.75255
890	12.95516	77.75250
891	12.95513	77.75245
892	12.95508	77.75239
893	12.95505	77.75233
894	12.95502	77.75227
895	12.95499	77.75221
896	12.95496	77.75215
897	12.95493	77.75210
898	12.95492	77.75204
899	12.95491	77.75199
900	12.95489	77.75193
901	12.95489	77.75187
902	12.95489	77.75182
903	12.95489	77.75175
904	12.95489	77.75169
905	12.95488	77.75164
906	12.95487	77.75158
907	12.95482	77.75156
908	12.95476	77.75155
909	12.95470	77.75154
910	12.95464	77.75154
911	12.95459	77.75149
912	12.95457	77.75143
913	12.95456	77.75137
914	12.95454	77.75132
915	12.95451	77.75127
916	12.95448	77.75121
917	12.95446	77.75114
918	12.95446	77.75108
919	12.95446	77.75103
920	12.95446	77.75098
921	12.95445	77.75092
922	12.95445	77.75086
923	12.95445	77.75081
924	12.95445	77.75076
925	12.95445	77.75071
926	12.95444	77.75064
927	12.95443	77.75058
928	12.95442	77.75052
929	12.95442	77.75047
930	12.95441	77.75042
931	12.95439	77.75036
932	12.95437	77.75030
933	12.95436	77.75023
934	12.95435	77.75017
935	12.95435	77.75012
936	12.95435	77.75007
937	12.95436	77.75001
938	12.95436	77.74996
939	12.95438	77.74990
940	12.95438	77.74984
941	12.95439	77.74978
942	12.95440	77.74972
943	12.95440	77.74967
944	12.95440	77.74961
945	12.95439	77.74956
946	12.95443	77.74950
947	12.95450	77.74944
948	12.95455	77.74937
949	12.95459	77.74932
950	12.95464	77.74927
951	12.95468	77.74921
952	12.95474	77.74917
953	12.95479	77.74914
954	12.95485	77.74911
955	12.95490	77.74909
956	12.95496	77.74909
957	12.95502	77.74909
958	12.95508	77.74909
959	12.95514	77.74909
960	12.95520	77.74908
961	12.95525	77.74907
962	12.95532	77.74907
963	12.95539	77.74907
964	12.95544	77.74907
965	12.95550	77.74907
966	12.95556	77.74907
967	12.95563	77.74907
968	12.95568	77.74907
969	12.95574	77.74906
970	12.95580	77.74905
971	12.95586	77.74904
972	12.95593	77.74904
973	12.95598	77.74903
974	12.95604	77.74902
975	12.95610	77.74902
976	12.95615	77.74901
977	12.95621	77.74901
978	12.95627	77.74899
979	12.95632	77.74897
980	12.95638	77.74895
981	12.95644	77.74892
982	12.95651	77.74891
983	12.95657	77.74890
984	12.95664	77.74888
985	12.95670	77.74887
986	12.95675	77.74882
987	12.95677	77.74875
988	12.95677	77.74869
989	12.95677	77.74864
990	12.95677	77.74858
991	12.95678	77.74851
992	12.95680	77.74845
993	12.95681	77.74840
994	12.95683	77.74834
995	12.95684	77.74829
996	12.95686	77.74823
997	12.95688	77.74818
998	12.95689	77.74811
999	12.95690	77.74805
1000	12.95692	77.74799
1001	12.95694	77.74793
1002	12.95696	77.74786
1003	12.95698	77.74780
1004	12.95700	77.74774
1005	12.95701	77.74769
1006	12.95703	77.74764
1007	12.95704	77.74758
1008	12.95707	77.74752
1009	12.95709	77.74747
1010	12.95713	77.74741
1011	12.95712	77.74735
1012	12.95707	77.74730
1013	12.95701	77.74727
1014	12.95696	77.74724
1015	12.95689	77.74721
1016	12.95683	77.74716
1017	12.95677	77.74713
1018	12.95670	77.74710
1019	12.95665	77.74707
1020	12.95659	77.74704
1021	12.95653	77.74701
1022	12.95648	77.74699
1023	12.95643	77.74696
1024	12.95637	77.74693
1025	12.95631	77.74690
1026	12.95625	77.74688
1027	12.95619	77.74685
1028	12.95613	77.74682
1029	12.95607	77.74679
1030	12.95601	77.74675
1031	12.95595	77.74671
1032	12.95589	77.74667
1033	12.95582	77.74661
1034	12.95578	77.74656
1035	12.95574	77.74651
1036	12.95568	77.74646
1037	12.95563	77.74641
1038	12.95558	77.74636
1039	12.95554	77.74631
1040	12.95551	77.74626
1041	12.95546	77.74620
1042	12.95543	77.74615
1043	12.95540	77.74608
1044	12.95537	77.74602
1045	12.95535	77.74597
1046	12.95534	77.74591
1047	12.95532	77.74584
1048	12.95531	77.74579
1049	12.95530	77.74573
1050	12.95530	77.74567
1051	12.95529	77.74561
1052	12.95528	77.74556
1053	12.95523	77.74550
1054	12.95517	77.74547
1055	12.95511	77.74543
1056	12.95506	77.74538
1057	12.95499	77.74534
1058	12.95493	77.74530
1059	12.95487	77.74527
1060	12.95482	77.74523
1061	12.95477	77.74519
1062	12.95471	77.74516
1063	12.95465	77.74512
1064	12.95459	77.74509
1065	12.95453	77.74505
1066	12.95447	77.74502
1067	12.95440	77.74500
1068	12.95435	77.74498
1069	12.95427	77.74495
1070	12.95421	77.74491
1071	12.95415	77.74488
1072	12.95410	77.74486
1073	12.95405	77.74483
1074	12.95398	77.74480
1075	12.95393	77.74477
1076	12.95387	77.74475
1077	12.95381	77.74472
1078	12.95375	77.74468
1079	12.95369	77.74464
1080	12.95363	77.74461
1081	12.95358	77.74458
1082	12.95352	77.74455
1083	12.95346	77.74452
1084	12.95340	77.74449
1085	12.95335	77.74446
1086	12.95328	77.74444
1087	12.95323	77.74442
1088	12.95316	77.74440
1089	12.95310	77.74439
1090	12.95305	77.74437
1091	12.95298	77.74433
1092	12.95291	77.74429
1093	12.95286	77.74425
1094	12.95280	77.74421
1095	12.95275	77.74415
1096	12.95270	77.74410
1097	12.95267	77.74404
1098	12.95265	77.74399
1099	12.95261	77.74392
1100	12.95258	77.74386
1101	12.95255	77.74381
1102	12.95252	77.74374
1103	12.95250	77.74369
1104	12.95247	77.74363
1105	12.95245	77.74358
1106	12.95243	77.74352
1107	12.95240	77.74347
1108	12.95237	77.74341
1109	12.95234	77.74335
1110	12.95231	77.74330
1111	12.95227	77.74324
1112	12.95224	77.74319
1113	12.95219	77.74313
1114	12.95216	77.74308
1115	12.95212	77.74303
1116	12.95209	77.74296
1117	12.95206	77.74291
1118	12.95205	77.74285
1119	12.95203	77.74280
1120	12.95201	77.74274
1121	12.95200	77.74268
1122	12.95199	77.74262
1123	12.95197	77.74257
1124	12.95196	77.74252
1125	12.95194	77.74247
1126	12.95193	77.74241
1127	12.95191	77.74235
1128	12.95190	77.74229
1129	12.95189	77.74223
1130	12.95187	77.74218
1131	12.95183	77.74212
1132	12.95178	77.74206
1133	12.95172	77.74200
1134	12.95168	77.74194
1135	12.95164	77.74188
1136	12.95160	77.74181
1137	12.95157	77.74175
1138	12.95154	77.74170
1139	12.95152	77.74164
1140	12.95150	77.74158
1141	12.95150	77.74153
1142	12.95149	77.74147
1143	12.95148	77.74140
1144	12.95147	77.74134
1145	12.95146	77.74128
1146	12.95145	77.74121
1147	12.95145	77.74116
1148	12.95142	77.74107
1149	12.95140	77.74101
1150	12.95139	77.74096
1151	12.95136	77.74091
1152	12.95133	77.74085
1153	12.95129	77.74078
1154	12.95125	77.74073
1155	12.95121	77.74068
1156	12.95117	77.74062
1157	12.95113	77.74057
1158	12.95109	77.74052
1159	12.95105	77.74047
1160	12.95100	77.74041
1161	12.95096	77.74036
1162	12.95093	77.74031
1163	12.95090	77.74024
1164	12.95088	77.74019
1165	12.95085	77.74013
1166	12.95082	77.74007
1167	12.95080	77.74002
1168	12.95079	77.73997
1169	12.95078	77.73991
1170	12.95077	77.73986
1171	12.95077	77.73980
1172	12.95077	77.73974
1173	12.95077	77.73968
1174	12.95077	77.73962
1175	12.95076	77.73956
1176	12.95075	77.73951
1177	12.95073	77.73945
1178	12.95071	77.73940
1179	12.95069	77.73934
1180	12.95066	77.73928
1181	12.95063	77.73923
1182	12.95059	77.73917
1183	12.95054	77.73912
1184	12.95049	77.73908
1185	12.95042	77.73903
1186	12.95037	77.73899
1187	12.95031	77.73894
1188	12.95025	77.73890
1189	12.95020	77.73886
1190	12.95014	77.73881
1191	12.95009	77.73877
1192	12.95003	77.73872
1193	12.94996	77.73868
1194	12.94990	77.73863
1195	12.94984	77.73860
1196	12.94978	77.73856
1197	12.94973	77.73850
1198	12.94969	77.73844
1199	12.94965	77.73839
1200	12.94961	77.73833
1201	12.94957	77.73826
1202	12.94952	77.73821
1203	12.94946	77.73815
1204	12.94941	77.73811
1205	12.94936	77.73806
1206	12.94931	77.73800
1207	12.94927	77.73795
1208	12.94923	77.73790
1209	12.94919	77.73785
1210	12.94915	77.73778
1211	12.94912	77.73772
1212	12.94909	77.73766
1213	12.94906	77.73760
1214	12.94904	77.73755
1215	12.94901	77.73749
1216	12.94899	77.73743
1217	12.94896	77.73737
1218	12.94893	77.73731
1219	12.94890	77.73726
1220	12.94885	77.73719
1221	12.94881	77.73713
1222	12.94877	77.73708
1223	12.94873	77.73701
1224	12.94872	77.73696
1225	12.94870	77.73691
1226	12.94868	77.73685
1227	12.94866	77.73679
1228	12.94864	77.73673
1229	12.94862	77.73667
1230	12.94860	77.73661
1231	12.94858	77.73656
1232	12.94855	77.73650
1233	12.94854	77.73644
1234	12.94853	77.73639
1235	12.94851	77.73634
1236	12.94848	77.73628
1237	12.94846	77.73622
1238	12.94843	77.73616
1239	12.94840	77.73610
1240	12.94837	77.73605
1241	12.94834	77.73599
1242	12.94832	77.73594
1243	12.94830	77.73588
1244	12.94828	77.73583
1245	12.94828	77.73577
1246	12.94827	77.73572
1247	12.94826	77.73566
1248	12.94826	77.73561
1249	12.94824	77.73555
1250	12.94823	77.73550
1251	12.94821	77.73544
1252	12.94818	77.73539
1253	12.94814	77.73533
1254	12.94810	77.73528
1255	12.94808	77.73522
1256	12.94805	77.73516
1257	12.94802	77.73511
1258	12.94802	77.73505
1259	12.94802	77.73499
1260	12.94800	77.73493
1261	12.94797	77.73487
1262	12.94794	77.73481
1263	12.94791	77.73475
1264	12.94789	77.73469
1265	12.94786	77.73463
1266	12.94785	77.73458
1267	12.94783	77.73452
1268	12.94782	77.73447
1269	12.94780	77.73441
1270	12.94779	77.73435
1271	12.94778	77.73430
1272	12.94777	77.73424
1273	12.94775	77.73418
1274	12.94773	77.73412
1275	12.94770	77.73407
1276	12.94766	77.73401
1277	12.94762	77.73395
1278	12.94759	77.73390
1279	12.94754	77.73385
1280	12.94748	77.73382
1281	12.94742	77.73378
1282	12.94736	77.73375
1283	12.94730	77.73371
1284	12.94724	77.73367
1285	12.94719	77.73362
1286	12.94713	77.73358
1287	12.94708	77.73353
1288	12.94702	77.73348
1289	12.94698	77.73342
1290	12.94693	77.73336
1291	12.94689	77.73331
1292	12.94685	77.73326
1293	12.94682	77.73320
1294	12.94679	77.73315
1295	12.94677	77.73309
1296	12.94676	77.73304
1297	12.94676	77.73298
1298	12.94676	77.73292
1299	12.94677	77.73286
1300	12.94678	77.73281
1301	12.94680	77.73274
1302	12.94681	77.73268
1303	12.94681	77.73263
1304	12.94682	77.73257
1305	12.94681	77.73252
1306	12.94680	77.73247
1307	12.94678	77.73241
1308	12.94677	77.73235
1309	12.94676	77.73229
1310	12.94674	77.73223
1311	12.94673	77.73218
1312	12.94671	77.73212
1313	12.94669	77.73207
1314	12.94667	77.73201
1315	12.94664	77.73196
1316	12.94661	77.73190
1317	12.94658	77.73184
1318	12.94655	77.73179
1319	12.94651	77.73172
1320	12.94648	77.73167
1321	12.94646	77.73160
1322	12.94643	77.73154
1323	12.94640	77.73149
1324	12.94637	77.73143
1325	12.94635	77.73138
1326	12.94632	77.73132
1327	12.94630	77.73126
1328	12.94629	77.73120
1329	12.94627	77.73115
1330	12.94626	77.73109
1331	12.94624	77.73103
1332	12.94623	77.73098
1333	12.94622	77.73092
1334	12.94620	77.73086
1335	12.94618	77.73080
1336	12.94616	77.73073
1337	12.94614	77.73068
1338	12.94612	77.73061
1339	12.94610	77.73056
1340	12.94608	77.73050
1341	12.94606	77.73045
1342	12.94604	77.73039
1343	12.94601	77.73033
1344	12.94598	77.73027
1345	12.94597	77.73021
1346	12.94595	77.73016
1347	12.94593	77.73010
1348	12.94591	77.73004
1349	12.94588	77.72998
1350	12.94585	77.72992
1351	12.94582	77.72987
1352	12.94579	77.72980
1353	12.94579	77.72974
1354	12.94578	77.72968
1355	12.94578	77.72963
1356	12.94578	77.72958
1357	12.94577	77.72952
1358	12.94576	77.72944
1359	12.94575	77.72938
1360	12.94573	77.72931
1361	12.94571	77.72924
1362	12.94570	77.72919
1363	12.94570	77.72914
1364	12.94568	77.72908
1365	12.94567	77.72901
1366	12.94565	77.72895
1367	12.94563	77.72888
1368	12.94561	77.72881
1369	12.94559	77.72875
1370	12.94558	77.72869
1371	12.94555	77.72864
1372	12.94552	77.72858
1373	12.94549	77.72852
1374	12.94547	77.72847
1375	12.94544	77.72842
1376	12.94543	77.72835
1377	12.94541	77.72829
1378	12.94539	77.72823
1379	12.94538	77.72817
1380	12.94536	77.72811
1381	12.94534	77.72805
1382	12.94531	77.72800
1383	12.94527	77.72794
1384	12.94523	77.72788
1385	12.94518	77.72782
1386	12.94514	77.72776
1387	12.94510	77.72771
1388	12.94506	77.72766
1389	12.94503	77.72761
1390	12.94501	77.72755
1391	12.94498	77.72749
1392	12.94496	77.72744
1393	12.94491	77.72738
1394	12.94488	77.72732
1395	12.94486	77.72727
1396	12.94482	77.72721
1397	12.94478	77.72715
1398	12.94474	77.72709
1399	12.94470	77.72704
1400	12.94466	77.72697
1401	12.94461	77.72691
1402	12.94458	77.72685
1403	12.94455	77.72679
1404	12.94451	77.72673
1405	12.94448	77.72666
1406	12.94445	77.72661
1407	12.94442	77.72655
1408	12.94440	77.72649
1409	12.94446	77.72647
1410	12.94452	77.72646
1411	12.94458	77.72644
1412	12.94464	77.72643
1413	12.94470	77.72642
1414	12.94476	77.72641
1415	12.94482	77.72640
1416	12.94487	77.72639
1417	12.94493	77.72639
1418	12.94499	77.72637
1419	12.94504	77.72637
1420	12.94510	77.72636
1421	12.94516	77.72635
1422	12.94522	77.72634
1423	12.94528	77.72632
1424	12.94534	77.72631
1425	12.94539	77.72630
1426	12.94546	77.72628
1427	12.94551	77.72626
1428	12.94557	77.72625
1429	12.94563	77.72624
1430	12.94568	77.72622
1431	12.94574	77.72620
1432	12.94580	77.72619
1433	12.94585	77.72618
1434	12.94591	77.72617
1435	12.94598	77.72615
1436	12.94604	77.72613
1437	12.94612	77.72612
1438	12.94617	77.72612
1439	12.94623	77.72611
1440	12.94629	77.72610
1441	12.94635	77.72609
1442	12.94641	77.72608
1443	12.94647	77.72607
1444	12.94654	77.72606
1445	12.94660	77.72605
1446	12.94665	77.72604
1447	12.94671	77.72603
1448	12.94676	77.72603
1449	12.94683	77.72602
1450	12.94688	77.72601
1451	12.94694	77.72600
1452	12.94700	77.72599
1453	12.94706	77.72596
1454	12.94712	77.72596
1455	12.94719	77.72595
1456	12.94725	77.72593
1457	12.94731	77.72592
1458	12.94737	77.72592
1459	12.94744	77.72591
1460	12.94749	77.72590
1461	12.94755	77.72589
1462	12.94760	77.72588
1463	12.94766	77.72587
1464	12.94773	77.72586
1465	12.94778	77.72585
1466	12.94784	77.72584
1467	12.94790	77.72583
1468	12.94796	77.72582
1469	12.94803	77.72581
1470	12.94809	77.72580
1471	12.94814	77.72578
1472	12.94820	77.72577
1473	12.94826	77.72576
1474	12.94831	77.72575
1475	12.94838	77.72573
1476	12.94844	77.72572
1477	12.94850	77.72571
1478	12.94855	77.72570
1479	12.94862	77.72569
1480	12.94868	77.72569
1481	12.94873	77.72568
1482	12.94880	77.72567
1483	12.94885	77.72567
1484	12.94891	77.72566
1485	12.94897	77.72565
1486	12.94904	77.72564
1487	12.94909	77.72563
1488	12.94915	77.72562
1489	12.94920	77.72562
1490	12.94926	77.72561
1491	12.94932	77.72561
1492	12.94937	77.72560
1493	12.94944	77.72559
1494	12.94950	77.72558
1495	12.94956	77.72556
1496	12.94962	77.72555
1497	12.94967	77.72553
1498	12.94973	77.72552
1499	12.94979	77.72551
1500	12.94985	77.72550
1501	12.94991	77.72549
1502	12.94996	77.72548
1503	12.95002	77.72548
1504	12.95007	77.72547
1505	12.95012	77.72547
1506	12.95018	77.72545
1507	12.95023	77.72543
1508	12.95030	77.72541
1509	12.95036	77.72540
1510	12.95042	77.72538
1511	12.95047	77.72536
1512	12.95053	77.72534
1513	12.95059	77.72532
1514	12.95065	77.72531
1515	12.95072	77.72529
1516	12.95078	77.72527
1517	12.95084	77.72526
1518	12.95090	77.72524
1519	12.95096	77.72522
1520	12.95101	77.72520
1521	12.95107	77.72520
1522	12.95112	77.72520
1523	12.95117	77.72519
1524	12.95123	77.72518
1525	12.95128	77.72517
1526	12.95134	77.72515
1527	12.95140	77.72515
1528	12.95145	77.72514
1529	12.95150	77.72512
1530	12.95156	77.72512
1531	12.95163	77.72511
1532	12.95169	77.72509
1533	12.95174	77.72508
1534	12.95180	77.72508
1535	12.95187	77.72507
1536	12.95193	77.72506
1537	12.95198	77.72505
1538	12.95204	77.72505
1539	12.95210	77.72505
1540	12.95216	77.72504
1541	12.95222	77.72503
1542	12.95228	77.72503
1543	12.95234	77.72502
1544	12.95239	77.72501
1545	12.95245	77.72500
1546	12.95252	77.72499
1547	12.95257	77.72498
1548	12.95263	77.72498
1549	12.95269	77.72498
1550	12.95276	77.72497
1551	12.95283	77.72497
1552	12.95289	77.72497
1553	12.95296	77.72497
1554	12.95302	77.72498
1555	12.95308	77.72498
1556	12.95314	77.72498
1557	12.95320	77.72498
1558	12.95327	77.72499
1559	12.95332	77.72499
1560	12.95338	77.72499
1561	12.95343	77.72500
1562	12.95349	77.72500
1563	12.95354	77.72502
1564	12.95360	77.72503
1565	12.95366	77.72504
1566	12.95373	77.72506
1567	12.95379	77.72507
1568	12.95384	77.72508
1569	12.95390	77.72509
1570	12.95396	77.72510
1571	12.95402	77.72510
1572	12.95409	77.72511
1573	12.95415	77.72512
1574	12.95421	77.72512
1575	12.95427	77.72512
1576	12.95432	77.72512
1577	12.95438	77.72512
1578	12.95443	77.72511
1579	12.95450	77.72511
1580	12.95455	77.72512
1581	12.95461	77.72512
1582	12.95467	77.72512
1583	12.95474	77.72512
1584	12.95480	77.72512
1585	12.95485	77.72513
1586	12.95491	77.72514
1587	12.95497	77.72514
1588	12.95503	77.72514
1589	12.95510	77.72514
1590	12.95515	77.72515
1591	12.95521	77.72515
1592	12.95527	77.72515
1593	12.95533	77.72515
1594	12.95540	77.72516
1595	12.95546	77.72517
1596	12.95552	77.72517
1597	12.95559	77.72518
1598	12.95565	77.72519
1599	12.95572	77.72519
1600	12.95578	77.72520
1601	12.95585	77.72521
1602	12.95591	77.72521
1603	12.95596	77.72521
1604	12.95601	77.72521
1605	12.95608	77.72522
1606	12.95614	77.72522
1607	12.95620	77.72522
1608	12.95625	77.72522
1609	12.95631	77.72522
1610	12.95637	77.72522
1611	12.95642	77.72522
1612	12.95648	77.72522
1613	12.95654	77.72522
1614	12.95661	77.72522
1615	12.95667	77.72522
1616	12.95673	77.72522
1617	12.95680	77.72522
1618	12.95685	77.72523
1619	12.95691	77.72523
1620	12.95696	77.72523
1621	12.95703	77.72523
1622	12.95709	77.72523
1623	12.95716	77.72523
1624	12.95722	77.72523
1625	12.95727	77.72524
1626	12.95734	77.72524
1627	12.95739	77.72524
1628	12.95746	77.72525
1629	12.95753	77.72526
1630	12.95758	77.72527
1631	12.95764	77.72528
1632	12.95770	77.72529
1633	12.95777	77.72530
1634	12.95783	77.72530
1635	12.95788	77.72530
1636	12.95794	77.72529
1637	12.95799	77.72529
1638	12.95805	77.72528
1639	12.95811	77.72527
1640	12.95817	77.72526
1641	12.95824	77.72525
1642	12.95829	77.72525
1643	12.95835	77.72525
1644	12.95840	77.72526
1645	12.95847	77.72526
1646	12.95853	77.72527
1647	12.95859	77.72528
1648	12.95865	77.72528
1649	12.95870	77.72528
1650	12.95876	77.72528
1651	12.95882	77.72529
1652	12.95887	77.72530
1653	12.95893	77.72531
1654	12.95900	77.72532
1655	12.95905	77.72533
1656	12.95912	77.72535
1657	12.95918	77.72537
1658	12.95919	77.72542
1659	12.95919	77.72547
1660	12.95920	77.72554
1661	12.95921	77.72559
1662	12.95927	77.72559
1663	12.95932	77.72560
1664	12.95939	77.72561
1665	12.95945	77.72561
1666	12.95952	77.72562
1667	12.95958	77.72562
1668	12.95965	77.72563
1669	12.95970	77.72563
1670	12.95977	77.72564
1671	12.95978	77.72571
1672	12.95978	77.72576
1673	12.95979	77.72581
1674	12.95980	77.72588
1675	12.95980	77.72593
1676	12.95979	77.72599
1677	12.95979	77.72605
1678	12.95978	77.72610
1679	12.95978	77.72616
1680	12.95979	77.72621
1681	12.95979	77.72628
1682	12.95980	77.72634
1683	12.95980	77.72641
1684	12.95981	77.72647
1685	12.95982	77.72653
1686	12.95983	77.72659
1687	12.95983	77.72665
1688	12.95983	77.72671
1689	12.95983	77.72677
1690	12.95983	77.72683
1691	12.95984	77.72689
1692	12.95984	77.72696
1693	12.95984	77.72702
1694	12.95985	77.72708
1695	12.95985	77.72713
1696	12.95986	77.72719
1697	12.95987	77.72725
1698	12.95987	77.72730
1699	12.95989	77.72736
1700	12.95990	77.72742
1701	12.95992	77.72749
1702	12.95994	77.72754
1703	12.95995	77.72759
1704	12.95997	77.72766
1705	12.95999	77.72772
1706	12.96001	77.72779
1707	12.96004	77.72785
1708	12.96006	77.72791
1709	12.96008	77.72797
1710	12.96012	77.72802
1711	12.96018	77.72807
1712	12.96024	77.72812
1713	12.96029	77.72816
1714	12.96035	77.72819
1715	12.96041	77.72822
1716	12.96047	77.72824
1717	12.96053	77.72826
1718	12.96058	77.72828
1719	12.96063	77.72831
1720	12.96069	77.72834
1721	12.96075	77.72836
1722	12.96080	77.72838
1723	12.96086	77.72839
1724	12.96092	77.72841
1725	12.96098	77.72841
1726	12.96104	77.72842
1727	12.96110	77.72843
1728	12.96117	77.72844
1729	12.96123	77.72845
1730	12.96130	77.72846
1731	12.96135	77.72846
1732	12.96142	77.72848
1733	12.96148	77.72848
1734	12.96153	77.72849
1735	12.96159	77.72850
1736	12.96165	77.72851
1737	12.96170	77.72852
1738	12.96177	77.72853
1739	12.96183	77.72853
1740	12.96189	77.72854
1741	12.96195	77.72855
1742	12.96202	77.72856
1743	12.96208	77.72857
1744	12.96213	77.72858
1745	12.96219	77.72859
1746	12.96225	77.72859
1747	12.96230	77.72859
1748	12.96236	77.72859
1749	12.96242	77.72859
1750	12.96249	77.72859
1751	12.96256	77.72859
1752	12.96264	77.72859
1753	12.96269	77.72860
1754	12.96275	77.72860
1755	12.96281	77.72861
1756	12.96288	77.72861
1757	12.96294	77.72861
1758	12.96300	77.72863
1759	12.96305	77.72864
1760	12.96311	77.72864
1761	12.96316	77.72864
1762	12.96321	77.72864
1763	12.96327	77.72865
1764	12.96332	77.72865
1765	12.96338	77.72866
1766	12.96344	77.72867
1767	12.96351	77.72867
1768	12.96358	77.72868
1769	12.96363	77.72868
1770	12.96370	77.72868
1771	12.96376	77.72868
1772	12.96382	77.72868
1773	12.96389	77.72870
1774	12.96395	77.72871
1775	12.96400	77.72872
1776	12.96407	77.72872
1777	12.96412	77.72873
1778	12.96418	77.72874
1779	12.96424	77.72874
1780	12.96430	77.72875
1781	12.96436	77.72875
1782	12.96442	77.72876
1783	12.96448	77.72877
1784	12.96454	77.72877
1785	12.96460	77.72878
1786	12.96466	77.72879
1787	12.96472	77.72880
1788	12.96478	77.72882
1789	12.96484	77.72884
1790	12.96491	77.72886
1791	12.96497	77.72887
1792	12.96502	77.72888
1793	12.96508	77.72889
1794	12.96515	77.72891
1795	12.96521	77.72893
1796	12.96527	77.72893
1797	12.96533	77.72894
1798	12.96539	77.72894
1799	12.96545	77.72895
1800	12.96550	77.72896
1801	12.96556	77.72898
1802	12.96562	77.72900
1803	12.96568	77.72902
1804	12.96574	77.72904
1805	12.96581	77.72904
1806	12.96588	77.72905
1807	12.96595	77.72906
1808	12.96601	77.72907
1809	12.96607	77.72907
1810	12.96613	77.72908
1811	12.96618	77.72908
1812	12.96625	77.72910
1813	12.96626	77.72903
1814	12.96626	77.72897
1815	12.96626	77.72890
1816	12.96626	77.72884
1817	12.96626	77.72878
1818	12.96627	77.72871
1819	12.96627	77.72866
1820	12.96628	77.72860
1821	12.96629	77.72854
1822	12.96629	77.72849
1823	12.96630	77.72843
1824	12.96630	77.72838
1825	12.96631	77.72832
1826	12.96632	77.72826
1827	12.96633	77.72820
1828	12.96634	77.72814
1829	12.96634	77.72807
1830	12.96636	77.72800
1831	12.96637	77.72794
1832	12.96638	77.72787
1833	12.96640	77.72781
1834	12.96642	77.72774
1835	12.96643	77.72768
1836	12.96643	77.72763
1837	12.96644	77.72757
1838	12.96645	77.72750
1839	12.96646	77.72745
1840	12.96647	77.72739
1841	12.96647	77.72733
1842	12.96648	77.72727
1843	12.96649	77.72721
1844	12.96649	77.72716
1845	12.96651	77.72710
1846	12.96651	77.72705
1847	12.96652	77.72700
1848	12.96653	77.72695
1849	12.96654	77.72689
1850	12.96655	77.72683
1851	12.96656	77.72677
1852	12.96656	77.72670
1853	12.96657	77.72665
1854	12.96658	77.72659
1855	12.96659	77.72654
1856	12.96659	77.72648
1857	12.96661	77.72643
1858	12.96663	77.72637
1859	12.96663	77.72631
1860	12.96668	77.72631
1861	12.96674	77.72631
1862	12.96681	77.72632
1863	12.96686	77.72632
1864	12.96691	77.72633
1865	12.96697	77.72633
1866	12.96703	77.72633
1867	12.96709	77.72633
1868	12.96716	77.72633
1869	12.96722	77.72633
1870	12.96728	77.72633
1871	12.96734	77.72633
1872	12.96739	77.72633
1873	12.96745	77.72635
1874	12.96752	77.72637
1875	12.96757	77.72639
1876	12.96763	77.72640
1877	12.96769	77.72641
1878	12.96775	77.72642
1879	12.96781	77.72644
1880	12.96788	77.72646
1881	12.96794	77.72648
1882	12.96800	77.72650
1883	12.96805	77.72652
1884	12.96811	77.72654
1885	12.96818	77.72657
1886	12.96824	77.72660
1887	12.96830	77.72663
1888	12.96836	77.72664
1889	12.96842	77.72666
1890	12.96847	77.72668
1891	12.96853	77.72670
1892	12.96858	77.72673
1893	12.96864	77.72676
1894	12.96869	77.72677
1895	12.96875	77.72678
1896	12.96882	77.72680
1897	12.96888	77.72681
1898	12.96894	77.72683
1899	12.96900	77.72686
1900	12.96906	77.72688
1901	12.96912	77.72689
1902	12.96918	77.72690
1903	12.96925	77.72691
1904	12.96930	77.72693
1905	12.96936	77.72694
1906	12.96942	77.72696
1907	12.96949	77.72698
1908	12.96955	77.72700
1909	12.96961	77.72703
1910	12.96966	77.72705
1911	12.96973	77.72706
1912	12.96975	77.72712
1913	12.96974	77.72719
1914	12.96974	77.72724
1915	12.96973	77.72731
1916	12.96973	77.72736
1917	12.96972	77.72742
1918	12.96970	77.72749
1919	12.96969	77.72754
1920	12.96967	77.72759
1921	12.96966	77.72764
1922	12.96965	77.72769
1923	12.96964	77.72776
1924	12.96964	77.72781
1925	12.96963	77.72786
1926	12.96969	77.72791
1927	12.96974	77.72792
1928	12.96981	77.72792
1929	12.96988	77.72793
1930	12.96995	77.72794
1931	12.97000	77.72794
1932	12.97006	77.72794
1933	12.97012	77.72795
1934	12.97017	77.72795
1935	12.97023	77.72795
1936	12.97029	77.72795
1937	12.97035	77.72795
1938	12.97041	77.72795
1939	12.97047	77.72795
1940	12.97053	77.72795
1941	12.97060	77.72795
1942	12.97066	77.72795
1943	12.97072	77.72795
1944	12.97078	77.72796
1945	12.97083	77.72797
1946	12.97089	77.72798
1947	12.97096	77.72798
1948	12.97101	77.72798
1949	12.97106	77.72798
1950	12.97112	77.72798
1951	12.97119	77.72799
1952	12.97125	77.72799
1953	12.97130	77.72800
1954	12.97136	77.72800
1955	12.97141	77.72801
1956	12.97147	77.72801
1957	12.97153	77.72801
1958	12.97159	77.72802
1959	12.97166	77.72802
1960	12.97171	77.72803
1961	12.97179	77.72804
1962	12.97185	77.72805
1963	12.97190	77.72806
1964	12.97196	77.72807
1965	12.97202	77.72807
1966	12.97207	77.72808
1967	12.97213	77.72809
1968	12.97220	77.72810
1969	12.97226	77.72811
1970	12.97232	77.72811
1971	12.97237	77.72812
1972	12.97244	77.72813
1973	12.97251	77.72814
1974	12.97256	77.72814
1975	12.97264	77.72814
1976	12.97269	77.72814
1977	12.97276	77.72814
1978	12.97282	77.72814
1979	12.97288	77.72814
1980	12.97295	77.72814
1981	12.97300	77.72814
1982	12.97305	77.72815
1983	12.97311	77.72816
1984	12.97316	77.72816
1985	12.97322	77.72816
1986	12.97328	77.72817
1987	12.97334	77.72817
1988	12.97341	77.72817
1989	12.97347	77.72818
1990	12.97352	77.72818
1991	12.97358	77.72817
1992	12.97363	77.72815
1993	12.97371	77.72814
1994	12.97376	77.72813
1995	12.97382	77.72813
1996	12.97388	77.72813
1997	12.97394	77.72813
1998	12.97399	77.72813
1999	12.97406	77.72814
2000	12.97411	77.72814
2001	12.97417	77.72815
2002	12.97422	77.72815
2003	12.97428	77.72816
2004	12.97433	77.72816
2005	12.97440	77.72816
2006	12.97446	77.72817
2007	12.97452	77.72818
2008	12.97458	77.72818
2009	12.97464	77.72818
2010	12.97470	77.72819
2011	12.97476	77.72820
2012	12.97482	77.72821
2013	12.97487	77.72822
2014	12.97494	77.72822
2015	12.97499	77.72822
2016	12.97507	77.72822
2017	12.97509	77.72828
2018	12.97509	77.72833
2019	12.97509	77.72839
2020	12.97508	77.72845
2021	12.97508	77.72851
2022	12.97508	77.72857
2023	12.97507	77.72863
2024	12.97506	77.72869
2025	12.97506	77.72875
2026	12.97505	77.72880
2027	12.97504	77.72886
2028	12.97504	77.72892
2029	12.97503	77.72897
2030	12.97502	77.72903
2031	12.97502	77.72908
2032	12.97501	77.72914
2033	12.97499	77.72921
2034	12.97499	77.72927
2035	12.97498	77.72933
2036	12.97497	77.72939
2037	12.97497	77.72944
2038	12.97496	77.72950
2039	12.97495	77.72956
2040	12.97495	77.72962
2041	12.97494	77.72967
2042	12.97493	77.72973
2043	12.97493	77.72979
2044	12.97492	77.72986
2045	12.97491	77.72992
2046	12.97490	77.72997
2047	12.97489	77.73002
2048	12.97488	77.73009
2049	12.97488	77.73014
2050	12.97487	77.73019
2051	12.97487	77.73024
2052	12.97486	77.73029
2053	12.97485	77.73035
2054	12.97485	77.73041
2055	12.97484	77.73046
2056	12.97483	77.73053
2057	12.97482	77.73059
2058	12.97481	77.73066
2059	12.97481	77.73072
2060	12.97480	77.73077
2061	12.97479	77.73083
2062	12.97478	77.73089
2063	12.97478	77.73094
2064	12.97479	77.73100
2065	12.97479	77.73106
2066	12.97480	77.73112
2067	12.97481	77.73117
2068	12.97481	77.73124
2069	12.97481	77.73130
2070	12.97480	77.73136
2071	12.97479	77.73142
2072	12.97479	77.73148
2073	12.97478	77.73153
2074	12.97478	77.73158
2075	12.97477	77.73163
2076	12.97476	77.73170
2077	12.97476	77.73175
2078	12.97475	77.73180
2079	12.97475	77.73186
2080	12.97475	77.73192
2081	12.97474	77.73198
2082	12.97473	77.73204
2083	12.97473	77.73210
2084	12.97472	77.73215
2085	12.97472	77.73221
2086	12.97471	77.73227
2087	12.97471	77.73233
2088	12.97471	77.73239
2089	12.97471	77.73244
2090	12.97470	77.73250
2091	12.97469	77.73255
2092	12.97469	77.73261
2093	12.97468	77.73266
2094	12.97468	77.73273
2095	12.97467	77.73279
2096	12.97466	77.73284
2097	12.97465	77.73290
2098	12.97465	77.73295
2099	12.97464	77.73301
2100	12.97463	77.73307
2101	12.97462	77.73314
2102	12.97462	77.73320
2103	12.97461	77.73325
2104	12.97460	77.73332
2105	12.97459	77.73337
2106	12.97459	77.73343
2107	12.97458	77.73348
2108	12.97457	77.73354
2109	12.97457	77.73361
2110	12.97457	77.73366
2111	12.97457	77.73373
2112	12.97457	77.73378
2113	12.97457	77.73383
2114	12.97457	77.73390
2115	12.97456	77.73396
2116	12.97456	77.73401
2117	12.97455	77.73407
2118	12.97455	77.73413
2119	12.97454	77.73420
2120	12.97454	77.73426
2121	12.97454	77.73432
2122	12.97453	77.73438
2123	12.97452	77.73444
2124	12.97451	77.73450
2125	12.97450	77.73456
2126	12.97449	77.73462
2127	12.97448	77.73468
2128	12.97447	77.73474
2129	12.97446	77.73479
2130	12.97445	77.73485
2131	12.97444	77.73491
2132	12.97443	77.73497
2133	12.97442	77.73504
2134	12.97441	77.73510
2135	12.97439	77.73515
2136	12.97439	77.73521
2137	12.97439	77.73527
2138	12.97439	77.73534
2139	12.97439	77.73539
2140	12.97439	77.73545
2141	12.97439	77.73551
2142	12.97439	77.73556
2143	12.97439	77.73562
2144	12.97439	77.73567
2145	12.97440	77.73573
2146	12.97440	77.73578
2147	12.97441	77.73584
2148	12.97441	77.73589
2149	12.97442	77.73595
2150	12.97444	77.73601
2151	12.97446	77.73606
2152	12.97448	77.73612
2153	12.97451	77.73618
2154	12.97452	77.73623
2155	12.97455	77.73629
2156	12.97460	77.73635
2157	12.97465	77.73640
2158	12.97471	77.73643
2159	12.97477	77.73647
2160	12.97482	77.73649
2161	12.97488	77.73652
2162	12.97493	77.73655
2163	12.97500	77.73658
2164	12.97506	77.73662
2165	12.97512	77.73665
2166	12.97518	77.73668
2167	12.97524	77.73671
2168	12.97529	77.73673
2169	12.97535	77.73677
2170	12.97541	77.73680
2171	12.97547	77.73682
2172	12.97552	77.73685
2173	12.97558	77.73687
2174	12.97563	77.73689
2175	12.97570	77.73693
2176	12.97576	77.73696
2177	12.97582	77.73699
2178	12.97588	77.73702
2179	12.97593	77.73704
2180	12.97598	77.73707
2181	12.97604	77.73710
2182	12.97610	77.73713
2183	12.97615	77.73714
2184	12.97621	77.73716
2185	12.97627	77.73718
2186	12.97633	77.73720
2187	12.97638	77.73721
2188	12.97644	77.73724
2189	12.97651	77.73726
2190	12.97657	77.73727
2191	12.97663	77.73728
2192	12.97668	77.73734
2193	12.97666	77.73739
2194	12.97664	77.73745
2195	12.97663	77.73751
2196	12.97660	77.73757
2197	12.97657	77.73763
2198	12.97655	77.73769
2199	12.97653	77.73775
2200	12.97651	77.73781
2201	12.97649	77.73787
2202	12.97647	77.73794
2203	12.97645	77.73799
2204	12.97644	77.73805
2205	12.97642	77.73811
2206	12.97641	77.73816
2207	12.97639	77.73823
2208	12.97637	77.73829
2209	12.97635	77.73834
2210	12.97634	77.73840
2211	12.97632	77.73845
2212	12.97631	77.73851
2213	12.97629	77.73856
2214	12.97627	77.73861
2215	12.97626	77.73867
2216	12.97624	77.73873
2217	12.97623	77.73879
2218	12.97621	77.73885
2219	12.97620	77.73891
2220	12.97618	77.73897
2221	12.97617	77.73904
2222	12.97615	77.73909
2223	12.97614	77.73915
2224	12.97612	77.73920
2225	12.97611	77.73926
2226	12.97609	77.73931
2227	12.97607	77.73937
2228	12.97605	77.73943
2229	12.97604	77.73948
2230	12.97602	77.73954
2231	12.97601	77.73959
2232	12.97599	77.73965
2233	12.97598	77.73971
2234	12.97596	77.73977
2235	12.97594	77.73983
2236	12.97592	77.73989
2237	12.97589	77.73994
2238	12.97587	77.74001
2239	12.97586	77.74006
2240	12.97584	77.74012
2241	12.97582	77.74017
2242	12.97579	77.74023
2243	12.97577	77.74029
2244	12.97574	77.74035
2245	12.97571	77.74040
2246	12.97569	77.74047
2247	12.97567	77.74052
2248	12.97565	77.74059
2249	12.97563	77.74065
2250	12.97562	77.74070
2251	12.97560	77.74075
2252	12.97554	77.74075
2253	12.97549	77.74074
2254	12.97543	77.74073
2255	12.97537	77.74071
2256	12.97530	77.74069
2257	12.97525	77.74068
2258	12.97519	77.74067
2259	12.97513	77.74069
2260	12.97510	77.74075
2261	12.97508	77.74081
2262	12.97505	77.74087
2263	12.97503	77.74092
2264	12.97501	77.74098
2265	12.97499	77.74103
2266	12.97498	77.74109
2267	12.97496	77.74114
2268	12.97494	77.74121
2269	12.97493	77.74126
2270	12.97492	77.74133
2271	12.97491	77.74139
2272	12.97490	77.74144
2273	12.97489	77.74149
2274	12.97487	77.74155
2275	12.97486	77.74162
2276	12.97484	77.74167
2277	12.97482	77.74172
2278	12.97480	77.74177
2279	12.97478	77.74183
2280	12.97476	77.74188
2281	12.97473	77.74194
2282	12.97471	77.74200
2283	12.97469	77.74206
2284	12.97468	77.74212
2285	12.97466	77.74218
2286	12.97465	77.74224
2287	12.97465	77.74229
2288	12.97465	77.74235
2289	12.97465	77.74241
2290	12.97465	77.74246
2291	12.97462	77.74252
2292	12.97461	77.74258
2293	12.97459	77.74263
2294	12.97458	77.74268
2295	12.97456	77.74274
2296	12.97455	77.74279
2297	12.97453	77.74285
2298	12.97452	77.74291
2299	12.97450	77.74296
2300	12.97448	77.74302
2301	12.97447	77.74307
2302	12.97445	77.74314
2303	12.97443	77.74319
2304	12.97442	77.74325
2305	12.97440	77.74331
2306	12.97439	77.74337
2307	12.97438	77.74343
2308	12.97437	77.74348
2309	12.97436	77.74354
2310	12.97434	77.74360
2311	12.97433	77.74366
2312	12.97431	77.74372
2313	12.97429	77.74378
2314	12.97427	77.74384
2315	12.97425	77.74389
2316	12.97423	77.74396
2317	12.97421	77.74402
2318	12.97419	77.74407
2319	12.97418	77.74413
2320	12.97416	77.74418
2321	12.97414	77.74425
2322	12.97412	77.74431
2323	12.97411	77.74436
2324	12.97409	77.74442
2325	12.97408	77.74447
2326	12.97407	77.74452
2327	12.97407	77.74457
2328	12.97407	77.74464
2329	12.97406	77.74470
2330	12.97406	77.74475
2331	12.97405	77.74481
2332	12.97406	77.74487
2333	12.97407	77.74493
2334	12.97408	77.74499
2335	12.97409	77.74505
2336	12.97411	77.74510
2337	12.97413	77.74515
2338	12.97415	77.74521
2339	12.97417	77.74527
2340	12.97419	77.74532
2341	12.97421	77.74538
2342	12.97422	77.74543
2343	12.97425	77.74548
2344	12.97427	77.74553
2345	12.97427	77.74560
2346	12.97428	77.74566
2347	12.97429	77.74572
2348	12.97429	77.74578
2349	12.97428	77.74584
2350	12.97428	77.74589
2351	12.97427	77.74595
2352	12.97426	77.74600
2353	12.97426	77.74605
2354	12.97425	77.74610
2355	12.97424	77.74615
2356	12.97423	77.74622
2357	12.97423	77.74627
2358	12.97423	77.74632
2359	12.97423	77.74638
2360	12.97422	77.74644
2361	12.97421	77.74650
2362	12.97420	77.74656
2363	12.97418	77.74661
2364	12.97417	77.74667
2365	12.97416	77.74672
2366	12.97415	77.74677
2367	12.97413	77.74683
2368	12.97411	77.74689
2369	12.97409	77.74695
2370	12.97408	77.74701
2371	12.97406	77.74707
2372	12.97403	77.74713
2373	12.97400	77.74719
2374	12.97396	77.74725
2375	12.97389	77.74730
2376	12.97384	77.74734
2377	12.97378	77.74738
2378	12.97372	77.74742
2379	12.97367	77.74745
2380	12.97362	77.74749
2381	12.97356	77.74751
2382	12.97351	77.74754
2383	12.97345	77.74757
2384	12.97339	77.74760
2385	12.97333	77.74762
2386	12.97328	77.74764
2387	12.97322	77.74766
2388	12.97317	77.74770
2389	12.97311	77.74774
2390	12.97305	77.74776
2391	12.97305	77.74781
2392	12.97305	77.74787
2393	12.97304	77.74793
2394	12.97303	77.74799
2395	12.97303	77.74805
2396	12.97302	77.74810
2397	12.97301	77.74817
2398	12.97300	77.74822
2399	12.97300	77.74828
2400	12.97299	77.74833
2401	12.97299	77.74839
2402	12.97298	77.74844
2403	12.97298	77.74849
2404	12.97297	77.74855
2405	12.97296	77.74862
2406	12.97296	77.74868
2407	12.97295	77.74873
2408	12.97294	77.74880
2409	12.97293	77.74886
2410	12.97293	77.74891
2411	12.97292	77.74898
2412	12.97292	77.74904
2413	12.97292	77.74909
2414	12.97292	77.74915
2415	12.97292	77.74920
2416	12.97290	77.74927
2417	12.97290	77.74932
2418	12.97290	77.74937
2419	12.97290	77.74944
2420	12.97289	77.74949
2421	12.97287	77.74955
2422	12.97288	77.74961
2423	12.97290	77.74968
2424	12.97292	77.74973
2425	12.97294	77.74979
2426	12.97296	77.74985
2427	12.97298	77.74991
2428	12.97300	77.74997
2429	12.97302	77.75003
2430	12.97304	77.75008
2431	12.97306	77.75013
2432	12.97308	77.75019
2433	12.97310	77.75025
2434	12.97312	77.75030
2435	12.97315	77.75036
2436	12.97317	77.75041
2437	12.97319	77.75046
2438	12.97321	77.75052
2439	12.97327	77.75055
2440	12.97333	77.75057
2441	12.97337	77.75062
2442	12.97338	77.75068
2443	12.97340	77.75075
2444	12.97342	77.75081
2445	12.97343	77.75087
2446	12.97344	77.75093
2447	12.97346	77.75099
2448	12.97348	77.75104
2449	12.97349	77.75111
2450	12.97351	77.75117
2451	12.97352	77.75124
2452	12.97353	77.75129
2453	12.97355	77.75134
2454	12.97357	77.75140
2455	12.97359	77.75145
2456	12.97361	77.75150
2457	12.97363	77.75157
2458	12.97365	77.75163
2459	12.97367	77.75169
2460	12.97361	77.75172
2461	12.97354	77.75172
2462	12.97348	77.75171
2463	12.97346	77.75176
2464	12.97345	77.75182
2465	12.97345	77.75188
2466	12.97344	77.75193
2467	12.97343	77.75199
2468	12.97343	77.75205
2469	12.97342	77.75211
2470	12.97341	77.75218
2471	12.97341	77.75223
2472	12.97340	77.75229
2473	12.97340	77.75234
2474	12.97339	77.75240
2475	12.97339	77.75246
2476	12.97338	77.75252
2477	12.97337	77.75258
2478	12.97335	77.75264
2479	12.97334	77.75269
2480	12.97333	77.75275
2481	12.97332	77.75281
2482	12.97331	77.75287
2483	12.97330	77.75292
2484	12.97330	77.75297
2485	12.97329	77.75304
2486	12.97328	77.75311
2487	12.97327	77.75317
2488	12.97326	77.75323
2489	12.97326	77.75329
2490	12.97325	77.75335
2491	12.97324	77.75341
2492	12.97323	77.75346
2493	12.97322	77.75351
2494	12.97322	77.75357
2495	12.97322	77.75364
2496	12.97322	77.75370
2497	12.97322	77.75376
2498	12.97322	77.75383
2499	12.97321	77.75388
2500	12.97320	77.75393
2501	12.97320	77.75399
2502	12.97320	77.75404
2503	12.97320	77.75411
2504	12.97320	77.75417
2505	12.97318	77.75423
2506	12.97318	77.75428
2507	12.97318	77.75434
2508	12.97317	77.75441
2509	12.97317	77.75446
2510	12.97317	77.75451
2511	12.97316	77.75456
2512	12.97316	77.75462
2513	12.97315	77.75469
2514	12.97315	77.75474
2515	12.97313	77.75480
2516	12.97313	77.75485
2517	12.97312	77.75491
2518	12.97312	77.75497
2519	12.97313	77.75503
2520	12.97318	77.75507
2521	12.97325	77.75512
2522	12.97330	77.75515
2523	12.97336	77.75519
2524	12.97342	77.75522
2525	12.97348	77.75524
2526	12.97353	77.75527
2527	12.97358	77.75530
2528	12.97364	77.75533
2529	12.97369	77.75536
2530	12.97376	77.75540
2531	12.97381	77.75543
2532	12.97387	77.75548
2533	12.97393	77.75553
2534	12.97399	77.75558
2535	12.97404	77.75562
2536	12.97410	77.75565
2537	12.97416	77.75568
2538	12.97421	77.75573
2539	12.97427	77.75577
2540	12.97433	77.75581
2541	12.97439	77.75585
2542	12.97444	77.75590
2543	12.97450	77.75593
2544	12.97455	77.75597
2545	12.97461	77.75600
2546	12.97467	77.75604
2547	12.97472	77.75606
2548	12.97478	77.75610
2549	12.97483	77.75613
2550	12.97489	77.75616
2551	12.97495	77.75619
2552	12.97501	77.75622
2553	12.97507	77.75625
2554	12.97512	77.75628
2555	12.97517	77.75630
2556	12.97523	77.75633
2557	12.97529	77.75636
2558	12.97534	77.75639
2559	12.97540	77.75642
2560	12.97542	77.75647
2561	12.97541	77.75653
2562	12.97540	77.75659
2563	12.97539	77.75665
2564	12.97539	77.75670
2565	12.97539	77.75675
2566	12.97538	77.75681
2567	12.97537	77.75687
2568	12.97536	77.75693
2569	12.97535	77.75699
2570	12.97535	77.75705
2571	12.97534	77.75712
2572	12.97533	77.75718
2573	12.97533	77.75724
2574	12.97532	77.75730
2575	12.97531	77.75735
2576	12.97530	77.75741
2577	12.97529	77.75748
2578	12.97530	77.75753
2579	12.97530	77.75759
2580	12.97531	77.75765
2581	12.97531	77.75771
2582	12.97531	77.75776
2583	12.97531	77.75782
2584	12.97530	77.75787
2585	12.97529	77.75792
2586	12.97529	77.75798
2587	12.97528	77.75803
2588	12.97528	77.75808
2589	12.97528	77.75814
2590	12.97533	77.75819
2591	12.97540	77.75821
2592	12.97545	77.75822
2593	12.97551	77.75823
2594	12.97557	77.75823
2595	12.97563	77.75825
2596	12.97568	77.75827
2597	12.97574	77.75827
2598	12.97580	77.75829
2599	12.97585	77.75829
2600	12.97592	77.75830
2601	12.97597	77.75831
2602	12.97603	77.75833
2603	12.97609	77.75834
2604	12.97615	77.75836
2605	12.97621	77.75838
2606	12.97627	77.75840
2607	12.97634	77.75842
2608	12.97640	77.75843
2609	12.97645	77.75844
2610	12.97651	77.75845
2611	12.97657	77.75847
2612	12.97663	77.75848
2613	12.97668	77.75849
2614	12.97674	77.75851
2615	12.97680	77.75852
2616	12.97686	77.75853
2617	12.97692	77.75854
2618	12.97698	77.75855
2619	12.97704	77.75855
2620	12.97710	77.75855
2621	12.97715	77.75855
2622	12.97721	77.75855
2623	12.97726	77.75855
2624	12.97732	77.75856
2625	12.97737	77.75858
2626	12.97743	77.75860
2627	12.97748	77.75862
2628	12.97754	77.75863
2629	12.97759	77.75865
2630	12.97765	77.75867
2631	12.97770	77.75868
2632	12.97776	77.75870
2633	12.97782	77.75871
2634	12.97788	77.75872
2635	12.97795	77.75873
2636	12.97801	77.75874
2637	12.97806	77.75876
2638	12.97812	77.75877
2639	12.97817	77.75877
2640	12.97824	77.75878
2641	12.97830	77.75879
2642	12.97836	77.75880
2643	12.97842	77.75881
2644	12.97847	77.75883
2645	12.97853	77.75884
2646	12.97860	77.75885
2647	12.97866	77.75885
2648	12.97873	77.75886
2649	12.97879	77.75887
2650	12.97884	77.75888
2651	12.97890	77.75889
2652	12.97896	77.75890
2653	12.97899	77.75896
2654	12.97900	77.75903
2655	12.97900	77.75908
2656	12.97901	77.75914
2657	12.97902	77.75920
2658	12.97903	77.75928
2659	12.97904	77.75934
2660	12.97905	77.75941
2661	12.97906	77.75947
2662	12.97906	77.75952
2663	12.97906	77.75958
2664	12.97906	77.75964
2665	12.97907	77.75969
2666	12.97908	77.75974
2667	12.97908	77.75980
2668	12.97908	77.75986
2669	12.97909	77.75992
2670	12.97910	77.75998
2671	12.97911	77.76004
2672	12.97911	77.76010
2673	12.97911	77.76015
2674	12.97911	77.76020
2675	12.97912	77.76025
2676	12.97913	77.76031
2677	12.97914	77.76038
2678	12.97914	77.76043
2679	12.97914	77.76050
2680	12.97915	77.76055
2681	12.97916	77.76061
2682	12.97917	77.76066
2683	12.97917	77.76072
2684	12.97917	77.76078
2685	12.97918	77.76085
2686	12.97918	77.76091
2687	12.97920	77.76096
2688	12.97918	77.76102
2689	12.97918	77.76107
2690	12.97917	77.76114
2691	12.97917	77.76120
2692	12.97918	77.76125
2693	12.97918	77.76130
2694	12.97918	77.76135
2695	12.97917	77.76141
2696	12.97917	77.76147
2697	12.97917	77.76153
2698	12.97917	77.76158
2699	12.97917	77.76164
2700	12.97916	77.76169
2701	12.97916	77.76176
2702	12.97916	77.76181
2703	12.97916	77.76186
2704	12.97915	77.76191
2705	12.97915	77.76197
2706	12.97914	77.76204
2707	12.97914	77.76209
2708	12.97914	77.76215
2709	12.97915	77.76220
2710	12.97915	77.76225
2711	12.97915	77.76230
2712	12.97915	77.76236
2713	12.97915	77.76242
2714	12.97915	77.76248
2715	12.97916	77.76253
2716	12.97916	77.76259
2717	12.97917	77.76264
2718	12.97918	77.76270
2719	12.97918	77.76276
2720	12.97918	77.76282
2721	12.97918	77.76288
2722	12.97918	77.76294
2723	12.97918	77.76299
2724	12.97918	77.76305
2725	12.97918	77.76311
2726	12.97918	77.76316
2727	12.97918	77.76321
2728	12.97918	77.76326
2729	12.97918	77.76332
2730	12.97917	77.76338
2731	12.97917	77.76343
2732	12.97916	77.76348
2733	12.97916	77.76354
2734	12.97915	77.76360
2735	12.97914	77.76365
2736	12.97914	77.76371
2737	12.97914	77.76376
2738	12.97914	77.76383
2739	12.97914	77.76388
2740	12.97915	77.76394
2741	12.97915	77.76400
2742	12.97915	77.76407
2743	12.97915	77.76412
2744	12.97916	77.76418
2745	12.97915	77.76424
2746	12.97915	77.76429
2747	12.97915	77.76435
2748	12.97915	77.76440
2749	12.97916	77.76446
2750	12.97916	77.76452
2751	12.97917	77.76457
2752	12.97917	77.76462
2753	12.97918	77.76468
2754	12.97918	77.76474
2755	12.97918	77.76481
2756	12.97918	77.76486
2757	12.97918	77.76492
2758	12.97918	77.76500
2759	12.97918	77.76507
2760	12.97918	77.76512
2761	12.97918	77.76517
2762	12.97918	77.76523
2763	12.97918	77.76528
2764	12.97918	77.76533
2765	12.97918	77.76538
2766	12.97918	77.76544
2767	12.97917	77.76550
2768	12.97916	77.76557
2769	12.97916	77.76562
2770	12.97916	77.76568
2771	12.97913	77.76574
2772	12.97911	77.76579
2773	12.97910	77.76585
2774	12.97908	77.76591
2775	12.97907	77.76596
2776	12.97906	77.76602
2777	12.97906	77.76607
2778	12.97905	77.76615
2779	12.97904	77.76620
2780	12.97903	77.76625
2781	12.97901	77.76631
2782	12.97900	77.76638
2783	12.97898	77.76643
2784	12.97896	77.76650
2785	12.97894	77.76657
2786	12.97892	77.76662
2787	12.97890	77.76668
2788	12.97889	77.76675
2789	12.97889	77.76680
2790	12.97888	77.76686
2791	12.97882	77.76681
2792	12.97880	77.76676
2793	12.97879	77.76670
2794	12.97876	77.76664
2795	12.97873	77.76658
2796	12.97871	77.76653
2797	12.97866	77.76646
2798	12.97862	77.76641
2799	12.97856	77.76637
2800	12.97851	77.76634
2801	12.97845	77.76632
2802	12.97839	77.76630
2803	12.97832	77.76630
2804	12.97825	77.76631
2805	12.97820	77.76632
2806	12.97814	77.76634
2807	12.97808	77.76635
2808	12.97803	77.76637
2809	12.97797	77.76637
2810	12.97791	77.76638
2811	12.97785	77.76638
2812	12.97780	77.76640
2813	12.97774	77.76641
2814	12.97768	77.76641
2815	12.97763	77.76638
2816	12.97757	77.76635
2817	12.97751	77.76633
2818	12.97745	77.76630
2819	12.97739	77.76627
2820	12.97733	77.76626
2821	12.97727	77.76629
2822	12.97724	77.76635
2823	12.97723	77.76641
2824	12.97720	77.76647
2825	12.97718	77.76652
2826	12.97716	77.76657
2827	12.97713	77.76663
2828	12.97711	77.76669
2829	12.97708	77.76674
2830	12.97706	77.76680
2831	12.97704	77.76685
2832	12.97701	77.76691
2833	12.97700	77.76696
2834	12.97698	77.76701
2835	12.97696	77.76708
2836	12.97694	77.76714
2837	12.97693	77.76719
2838	12.97691	77.76725
2839	12.97690	77.76731
2840	12.97689	77.76736
2841	12.97687	77.76742
2842	12.97685	77.76748
2843	12.97684	77.76754
2844	12.97683	77.76760
2845	12.97681	77.76766
2846	12.97680	77.76771
2847	12.97678	77.76777
2848	12.97676	77.76782
2849	12.97675	77.76788
2850	12.97673	77.76793
2851	12.97672	77.76798
2852	12.97670	77.76804
2853	12.97669	77.76810
2854	12.97667	77.76815
2855	12.97666	77.76822
2856	12.97665	77.76827
2857	12.97664	77.76833
2858	12.97663	77.76839
2859	12.97663	77.76844
2860	12.97662	77.76849
2861	12.97661	77.76855
2862	12.97660	77.76861
2863	12.97660	77.76868
2864	12.97659	77.76873
2865	12.97658	77.76880
2866	12.97657	77.76886
2867	12.97656	77.76892
2868	12.97656	77.76898
2869	12.97655	77.76904
2870	12.97654	77.76910
2871	12.97652	77.76916
2872	12.97651	77.76921
2873	12.97650	77.76926
2874	12.97649	77.76932
2875	12.97648	77.76937
2876	12.97646	77.76942
2877	12.97644	77.76948
2878	12.97643	77.76953
2879	12.97642	77.76959
2880	12.97640	77.76964
2881	12.97639	77.76969
2882	12.97638	77.76975
2883	12.97637	77.76981
2884	12.97636	77.76987
2885	12.97635	77.76993
2886	12.97635	77.76999
2887	12.97634	77.77004
2888	12.97633	77.77011
2889	12.97632	77.77017
2890	12.97631	77.77023
2891	12.97632	77.77029
2892	12.97632	77.77036
2893	12.97632	77.77042
2894	12.97632	77.77047
2895	12.97631	77.77052
2896	12.97631	77.77058
2897	12.97630	77.77064
2898	12.97630	77.77070
2899	12.97630	77.77075
2900	12.97630	77.77082
2901	12.97630	77.77087
2902	12.97630	77.77093
2903	12.97630	77.77100
2904	12.97630	77.77106
2905	12.97630	77.77113
2906	12.97630	77.77118
2907	12.97630	77.77123
2908	12.97630	77.77129
2909	12.97630	77.77135
2910	12.97630	77.77141
2911	12.97630	77.77147
2912	12.97630	77.77152
2913	12.97630	77.77157
2914	12.97630	77.77164
2915	12.97630	77.77171
2916	12.97630	77.77176
2917	12.97629	77.77182
2918	12.97629	77.77187
2919	12.97629	77.77192
2920	12.97629	77.77198
2921	12.97628	77.77204
2922	12.97628	77.77209
2923	12.97628	77.77214
2924	12.97628	77.77219
2925	12.97627	77.77225
2926	12.97626	77.77230
2927	12.97626	77.77237
2928	12.97626	77.77243
2929	12.97626	77.77249
2930	12.97626	77.77255
2931	12.97626	77.77260
2932	12.97625	77.77266
2933	12.97624	77.77271
2934	12.97624	77.77277
2935	12.97624	77.77283
2936	12.97623	77.77289
2937	12.97623	77.77296
2938	12.97622	77.77302
2939	12.97621	77.77308
2940	12.97620	77.77314
2941	12.97620	77.77320
2942	12.97620	77.77327
2943	12.97620	77.77332
2944	12.97620	77.77339
2945	12.97619	77.77344
2946	12.97619	77.77351
2947	12.97619	77.77356
2948	12.97619	77.77363
2949	12.97618	77.77369
2950	12.97617	77.77375
2951	12.97616	77.77381
2952	12.97616	77.77388
2953	12.97616	77.77393
2954	12.97616	77.77399
2955	12.97616	77.77405
2956	12.97616	77.77411
2957	12.97615	77.77416
2958	12.97615	77.77422
2959	12.97614	77.77428
2960	12.97614	77.77433
2961	12.97613	77.77439
2962	12.97612	77.77444
2963	12.97612	77.77450
2964	12.97612	77.77456
2965	12.97611	77.77462
2966	12.97611	77.77468
2967	12.97610	77.77474
2968	12.97609	77.77480
2969	12.97609	77.77485
2970	12.97608	77.77490
2971	12.97608	77.77497
2972	12.97607	77.77502
2973	12.97606	77.77508
2974	12.97606	77.77514
2975	12.97606	77.77520
2976	12.97606	77.77525
2977	12.97606	77.77531
2978	12.97605	77.77537
2979	12.97604	77.77542
2980	12.97604	77.77548
2981	12.97604	77.77553
2982	12.97605	77.77559
2983	12.97605	77.77565
2984	12.97605	77.77570
2985	12.97605	77.77575
2986	12.97604	77.77581
2987	12.97604	77.77586
2988	12.97604	77.77592
2989	12.97604	77.77597
2990	12.97604	77.77603
2991	12.97605	77.77609
2992	12.97605	77.77615
2993	12.97606	77.77621
2994	12.97606	77.77626
2995	12.97606	77.77632
2996	12.97605	77.77638
2997	12.97604	77.77645
2998	12.97604	77.77651
2999	12.97603	77.77657
3000	12.97603	77.77663
3001	12.97602	77.77668
3002	12.97601	77.77675
3003	12.97600	77.77681
3004	12.97600	77.77687
3005	12.97600	77.77694
3006	12.97600	77.77699
3007	12.97600	77.77704
3008	12.97600	77.77711
3009	12.97600	77.77716
3010	12.97599	77.77721
3011	12.97598	77.77727
3012	12.97598	77.77733
3013	12.97597	77.77739
3014	12.97597	77.77745
3015	12.97596	77.77751
3016	12.97596	77.77757
3017	12.97596	77.77763
3018	12.97596	77.77769
3019	12.97596	77.77776
3020	12.97596	77.77782
3021	12.97596	77.77788
3022	12.97596	77.77794
3023	12.97596	77.77800
3024	12.97596	77.77806
3025	12.97596	77.77812
3026	12.97595	77.77818
3027	12.97595	77.77824
3028	12.97595	77.77830
3029	12.97594	77.77836
3030	12.97594	77.77842
3031	12.97594	77.77847
3032	12.97594	77.77853
3033	12.97594	77.77859
3034	12.97593	77.77866
3035	12.97593	77.77871
3036	12.97594	77.77876
3037	12.97594	77.77882
3038	12.97595	77.77887
3039	12.97595	77.77893
3040	12.97596	77.77901
3041	12.97596	77.77907
3042	12.97596	77.77912
3043	12.97596	77.77918
3044	12.97596	77.77924
3045	12.97595	77.77929
3046	12.97595	77.77935
3047	12.97595	77.77941
3048	12.97595	77.77947
3049	12.97595	77.77953
3050	12.97596	77.77959
3051	12.97596	77.77964
3052	12.97597	77.77970
