Rank	Latitude	Longitude
1	12.95530	77.70577
2	12.95537	77.70576
3	12.95543	77.70576
4	12.95548	77.70575
5	12.95553	77.70574
6	12.95559	77.70573
7	12.95565	77.70572
8	12.95572	77.70572
9	12.95578	77.70571
10	12.95583	77.70570
11	12.95589	77.70570
12	12.95595	77.70569
13	12.95600	77.70569
14	12.95607	77.70569
15	12.95612	77.70569
16	12.95618	77.70568
17	12.95624	77.70567
18	12.95630	77.70565
19	12.95635	77.70563
20	12.95641	77.70562
21	12.95647	77.70562
22	12.95653	77.70561
23	12.95659	77.70560
24	12.95664	77.70560
25	12.95671	77.70558
26	12.95677	77.70557
27	12.95682	77.70556
28	12.95689	77.70555
29	12.95695	77.70554
30	12.95701	77.70553
31	12.95707	77.70553
32	12.95713	77.70552
33	12.95720	77.70551
34	12.95725	77.70550
35	12.95732	77.70549
36	12.95738	77.70548
37	12.95745	77.70547
38	12.95751	77.70547
39	12.95756	77.70546
40	12.95762	77.70545
41	12.95768	77.70545
42	12.95774	77.70543
43	12.95780	77.70543
44	12.95785	77.70542
45	12.95792	77.70542
46	12.95798	77.70541
47	12.95803	77.70540
48	12.95809	77.70539
49	12.95815	77.70538
50	12.95821	77.70538
51	12.95826	77.70536
52	12.95832	77.70536
53	12.95838	77.70535
54	12.95844	77.70534
55	12.95851	77.70534
56	12.95856	77.70533
57	12.95863	77.70532
58	12.95869	77.70531
59	12.95867	77.70525
60	12.95866	77.70520
61	12.95866	77.70515
62	12.95865	77.70510
63	12.95864	77.70504
64	12.95864	77.70499
65	12.95864	77.70493
66	12.95863	77.70488
67	12.95862	77.70482
68	12.95861	77.70476
69	12.95861	77.70469
70	12.95860	77.70463
71	12.95859	77.70458
72	12.95859	77.70451
73	12.95858	77.70445
74	12.95856	77.70439
75	12.95855	77.70433
76	12.95854	77.70427
77	12.95852	77.70422
78	12.95851	77.70417
79	12.95849	77.70411
80	12.95848	77.70405
81	12.95846	77.70400
82	12.95844	77.70395
83	12.95842	77.70388
84	12.95841	77.70383
85	12.95839	77.70377
86	12.95837	77.70372
87	12.95835	77.70366
88	12.95834	77.70360
89	12.95832	77.70354
90	12.95830	77.70348
91	12.95827	77.70342
92	12.95825	77.70337
93	12.95823	77.70331
94	12.95822	77.70325
95	12.95820	77.70320
96	12.95818	77.70315
97	12.95816	77.70310
98	12.95815	77.70304
99	12.95813	77.70298
100	12.95811	77.70292
101	12.95808	77.70286
102	12.95805	77.70280
103	12.95799	77.70277
104	12.95793	77.70278
105	12.95787	77.70278
106	12.95780	77.70277
107	12.95773	77.70275
108	12.95768	77.70273
109	12.95762	77.70272
110	12.95756	77.70270
111	12.95750	77.70268
112	12.95744	77.70267
113	12.95738	77.70266
114	12.95733	77.70265
115	12.95726	77.70264
116	12.95720	77.70265
117	12.95714	77.70265
118	12.95709	77.70262
119	12.95707	77.70257
120	12.95705	77.70251
121	12.95705	77.70245
122	12.95704	77.70240
123	12.95704	77.70235
124	12.95704	77.70230
125	12.95705	77.70225
126	12.95711	77.70221
127	12.95717	77.70220
128	12.95723	77.70220
129	12.95730	77.70220
130	12.95736	77.70220
131	12.95741	77.70221
132	12.95747	77.70221
133	12.95753	77.70221
134	12.95759	77.70222
135	12.95765	77.70222
136	12.95771	77.70223
137	12.95777	77.70223
138	12.95782	77.70224
139	12.95787	77.70224
140	12.95794	77.70225
141	12.95800	77.70226
142	12.95806	77.70226
143	12.95812	77.70226
144	12.95819	77.70226
145	12.95824	77.70226
146	12.95830	77.70227
147	12.95835	77.70229
148	12.95841	77.70231
149	12.95846	77.70231
150	12.95852	77.70233
151	12.95857	77.70234
152	12.95863	77.70236
153	12.95870	77.70238
154	12.95876	77.70240
155	12.95882	77.70241
156	12.95888	77.70242
157	12.95894	77.70244
158	12.95900	77.70245
159	12.95907	77.70247
160	12.95913	77.70248
161	12.95919	77.70249
162	12.95925	77.70249
163	12.95931	77.70250
164	12.95937	77.70251
165	12.95943	77.70252
166	12.95949	77.70253
167	12.95955	77.70253
168	12.95960	77.70253
169	12.95965	77.70254
170	12.95971	77.70255
171	12.95976	77.70255
172	12.95981	77.70256
173	12.95988	77.70258
174	12.95995	77.70259
175	12.96000	77.70259
176	12.96006	77.70259
177	12.96012	77.70260
178	12.96018	77.70261
179	12.96024	77.70261
180	12.96029	77.70262
181	12.96036	77.70262
182	12.96041	77.70263
183	12.96046	77.70264
184	12.96052	77.70265
185	12.96058	77.70266
186	12.96065	77.70267
187	12.96071	77.70267
188	12.96076	77.70267
189	12.96082	77.70267
190	12.96088	77.70268
191	12.96095	77.70269
192	12.96100	77.70271
193	12.96105	77.70273
194	12.96111	77.70275
195	12.96117	77.70277
196	12.96123	77.70279
197	12.96128	77.70281
198	12.96135	77.70282
199	12.96141	77.70284
200	12.96147	77.70285
201	12.96152	77.70286
202	12.96158	77.70287
203	12.96165	77.70288
204	12.96171	77.70289
205	12.96177	77.70290
206	12.96184	77.70291
207	12.96189	77.70292
208	12.96194	77.70293
209	12.96201	77.70293
210	12.96207	77.70293
211	12.96213	77.70293
212	12.96219	77.70295
213	12.96225	77.70296
214	12.96231	77.70297
215	12.96237	77.70298
216	12.96243	77.70300
217	12.96249	77.70302
218	12.96254	77.70303
219	12.96260	77.70305
220	12.96266	77.70305
221	12.96272	77.70307
222	12.96278	77.70308
223	12.96284	77.70308
224	12.96290	77.70310
225	12.96295	77.70310
226	12.96301	77.70311
227	12.96307	77.70312
228	12.96314	77.70312
229	12.96320	77.70313
230	12.96326	77.70314
231	12.96332	77.70315
232	12.96338	77.70315
233	12.96345	77.70315
234	12.96351	77.70315
235	12.96356	77.70314
236	12.96363	77.70314
237	12.96369	77.70314
238	12.96376	77.70314
239	12.96374	77.70308
240	12.96370	77.70303
241	12.96366	77.70298
242	12.96361	77.70292
243	12.96354	77.70287
244	12.96348	77.70282
245	12.96342	77.70279
246	12.96336	77.70274
247	12.96330	77.70270
248	12.96323	77.70264
249	12.96318	77.70260
250	12.96313	77.70255
251	12.96307	77.70251
252	12.96302	77.70246
253	12.96296	77.70242
254	12.96291	77.70236
255	12.96286	77.70230
256	12.96282	77.70224
257	12.96280	77.70219
258	12.96277	77.70214
259	12.96274	77.70208
260	12.96269	77.70202
261	12.96264	77.70196
262	12.96260	77.70190
263	12.96255	77.70183
264	12.96251	77.70178
265	12.96247	77.70173
266	12.96243	77.70166
267	12.96239	77.70161
268	12.96234	77.70155
269	12.96230	77.70149
270	12.96227	77.70144
271	12.96224	77.70139
272	12.96221	77.70133
273	12.96218	77.70127
274	12.96214	77.70121
275	12.96212	77.70116
276	12.96209	77.70110
277	12.96206	77.70105
278	12.96203	77.70099
279	12.96200	77.70094
280	12.96197	77.70088
281	12.96194	77.70082
282	12.96191	77.70076
283	12.96189	77.70070
284	12.96188	77.70064
285	12.96187	77.70057
286	12.96186	77.70052
287	12.96185	77.70046
288	12.96185	77.70040
289	12.96185	77.70035
290	12.96185	77.70029
291	12.96185	77.70023
292	12.96184	77.70016
293	12.96183	77.70010
294	12.96178	77.70005
295	12.96174	77.69999
296	12.96171	77.69994
297	12.96168	77.69988
298	12.96165	77.69982
299	12.96163	77.69977
300	12.96161	77.69971
301	12.96158	77.69965
302	12.96155	77.69958
303	12.96152	77.69953
304	12.96150	77.69947
305	12.96147	77.69941
306	12.96145	77.69935
307	12.96142	77.69930
308	12.96140	77.69925
309	12.96138	77.69919
310	12.96136	77.69913
311	12.96134	77.69907
312	12.96132	77.69901
313	12.96131	77.69896
314	12.96129	77.69890
315	12.96126	77.69885
316	12.96124	77.69879
317	12.96121	77.69873
318	12.96119	77.69867
319	12.96116	77.69862
320	12.96115	77.69856
321	12.96113	77.69851
322	12.96111	77.69844
323	12.96109	77.69838
324	12.96107	77.69832
325	12.96104	77.69827
326	12.96102	77.69822
327	12.96098	77.69816
328	12.96094	77.69811
329	12.96089	77.69805
330	12.96087	77.69799
331	12.96083	77.69793
332	12.96080	77.69787
333	12.96075	77.69781
334	12.96072	77.69776
335	12.96069	77.69771
336	12.96067	77.69766
337	12.96064	77.69760
338	12.96061	77.69755
339	12.96058	77.69749
340	12.96055	77.69744
341	12.96053	77.69738
342	12.96050	77.69733
343	12.96046	77.69727
344	12.96044	77.69721
345	12.96040	77.69714
346	12.96038	77.69709
347	12.96035	77.69703
348	12.96031	77.69698
349	12.96029	77.69692
350	12.96026	77.69686
351	12.96024	77.69680
352	12.96022	77.69673
353	12.96021	77.69668
354	12.96020	77.69663
355	12.96017	77.69657
356	12.96015	77.69652
357	12.96014	77.69646
358	12.96012	77.69640
359	12.96010	77.69634
360	12.96007	77.69629
361	12.96004	77.69623
362	12.96001	77.69617
363	12.95999	77.69612
364	12.95996	77.69607
365	12.95994	77.69601
366	12.95991	77.69594
367	12.95989	77.69587
368	12.95986	77.69581
369	12.95984	77.69575
370	12.95983	77.69569
371	12.95981	77.69563
372	12.95979	77.69557
373	12.95977	77.69550
374	12.95976	77.69544
375	12.95975	77.69539
376	12.95974	77.69532
377	12.95972	77.69526
378	12.95970	77.69521
379	12.95969	77.69515
380	12.95967	77.69509
381	12.95965	77.69503
382	12.95964	77.69498
383	12.95962	77.69492
384	12.95961	77.69486
385	12.95960	77.69479
386	12.95959	77.69473
387	12.95959	77.69467
388	12.95958	77.69462
389	12.95957	77.69455
390	12.95957	77.69450
391	12.95956	77.69445
392	12.95956	77.69438
393	12.95955	77.69433
394	12.95948	77.69432
395	12.95942	77.69433
396	12.95937	77.69433
397	12.95931	77.69434
398	12.95925	77.69435
399	12.95920	77.69436
400	12.95914	77.69437
401	12.95908	77.69438
402	12.95901	77.69439
403	12.95896	77.69440
404	12.95891	77.69440
405	12.95884	77.69441
406	12.95878	77.69443
407	12.95873	77.69445
408	12.95866	77.69447
409	12.95860	77.69448
410	12.95855	77.69449
411	12.95849	77.69449
412	12.95846	77.69455
413	12.95847	77.69461
414	12.95848	77.69467
415	12.95850	77.69473
416	12.95852	77.69479
417	12.95853	77.69484
418	12.95855	77.69489
419	12.95856	77.69496
420	12.95857	77.69502
421	12.95859	77.69507
422	12.95860	77.69513
423	12.95861	77.69518
424	12.95862	77.69524
425	12.95863	77.69529
426	12.95865	77.69535
427	12.95866	77.69540
428	12.95867	77.69546
429	12.95868	77.69551
430	12.95869	77.69557
431	12.95870	77.69564
432	12.95871	77.69570
433	12.95873	77.69576
434	12.95874	77.69581
435	12.95875	77.69587
436	12.95877	77.69593
437	12.95871	77.69596
438	12.95866	77.69598
439	12.95859	77.69599
440	12.95853	77.69600
441	12.95848	77.69600
442	12.95841	77.69601
443	12.95835	77.69602
444	12.95828	77.69603
445	12.95820	77.69604
446	12.95815	77.69605
447	12.95810	77.69605
448	12.95803	77.69606
449	12.95798	77.69607
450	12.95792	77.69607
451	12.95785	77.69607
452	12.95780	77.69607
453	12.95774	77.69607
454	12.95769	77.69607
455	12.95762	77.69608
456	12.95756	77.69609
457	12.95750	77.69610
458	12.95745	77.69611
459	12.95746	77.69617
460	12.95747	77.69623
461	12.95748	77.69629
462	12.95749	77.69636
463	12.95749	77.69642
464	12.95750	77.69648
465	12.95750	77.69654
466	12.95750	77.69660
467	12.95750	77.69665
468	12.95750	77.69670
469	12.95750	77.69675
470	12.95751	77.69681
471	12.95750	77.69686
472	12.95750	77.69693
473	12.95749	77.69698
474	12.95748	77.69705
475	12.95745	77.69711
476	12.95739	77.69712
477	12.95734	77.69713
478	12.95728	77.69714
479	12.95722	77.69714
480	12.95716	77.69714
481	12.95710	77.69715
482	12.95705	77.69714
483	12.95699	77.69713
484	12.95694	77.69712
485	12.95692	77.69706
486	12.95690	77.69699
487	12.95689	77.69694
488	12.95687	77.69689
489	12.95685	77.69683
490	12.95684	77.69677
491	12.95683	77.69671
492	12.95680	77.69665
493	12.95674	77.69660
494	12.95672	77.69654
495	12.95672	77.69649
496	12.95671	77.69642
497	12.95670	77.69636
498	12.95669	77.69629
499	12.95669	77.69624
500	12.95669	77.69618
501	12.95669	77.69611
502	12.95668	77.69606
503	12.95668	77.69601
504	12.95668	77.69594
505	12.95668	77.69589
506	12.95668	77.69583
507	12.95668	77.69577
508	12.95666	77.69572
509	12.95666	77.69566
510	12.95666	77.69561
511	12.95664	77.69555
512	12.95658	77.69550
513	12.95653	77.69546
514	12.95647	77.69541
515	12.95640	77.69536
516	12.95635	77.69532
517	12.95629	77.69527
518	12.95623	77.69522
519	12.95617	77.69519
520	12.95612	77.69515
521	12.95606	77.69512
522	12.95600	77.69509
523	12.95594	77.69506
524	12.95588	77.69504
525	12.95583	77.69503
526	12.95577	77.69503
527	12.95572	77.69505
528	12.95567	77.69507
529	12.95561	77.69507
530	12.95555	77.69509
531	12.95550	77.69509
532	12.95544	77.69510
533	12.95538	77.69511
534	12.95532	77.69513
535	12.95526	77.69514
536	12.95519	77.69515
537	12.95513	77.69517
538	12.95507	77.69518
539	12.95502	77.69519
540	12.95496	77.69519
541	12.95490	77.69520
542	12.95484	77.69520
543	12.95479	77.69520
544	12.95476	77.69515
545	12.95475	77.69509
546	12.95474	77.69502
547	12.95473	77.69497
548	12.95473	77.69490
549	12.95472	77.69484
550	12.95471	77.69478
551	12.95470	77.69471
552	12.95469	77.69466
553	12.95468	77.69461
554	12.95468	77.69456
555	12.95467	77.69450
556	12.95467	77.69445
557	12.95466	77.69439
558	12.95466	77.69434
559	12.95464	77.69428
560	12.95464	77.69422
561	12.95463	77.69417
562	12.95462	77.69412
563	12.95462	77.69406
564	12.95461	77.69400
565	12.95459	77.69395
566	12.95458	77.69389
567	12.95457	77.69384
568	12.95456	77.69378
569	12.95455	77.69372
570	12.95454	77.69366
571	12.95453	77.69360
572	12.95452	77.69354
573	12.95451	77.69348
574	12.95451	77.69343
575	12.95450	77.69338
576	12.95449	77.69332
577	12.95448	77.69326
578	12.95447	77.69318
579	12.95446	77.69313
580	12.95445	77.69307
581	12.95443	77.69301
582	12.95441	77.69295
583	12.95439	77.69289
584	12.95438	77.69283
585	12.95438	77.69277
586	12.95436	77.69271
587	12.95435	77.69266
588	12.95434	77.69261
589	12.95433	77.69256
590	12.95432	77.69249
591	12.95431	77.69243
592	12.95430	77.69237
593	12.95429	77.69231
594	12.95428	77.69226
595	12.95427	77.69220
596	12.95426	77.69215
597	12.95424	77.69209
598	12.95423	77.69204
599	12.95422	77.69198
600	12.95421	77.69193
601	12.95420	77.69187
602	12.95419	77.69181
603	12.95418	77.69176
604	12.95418	77.69170
605	12.95417	77.69164
606	12.95416	77.69158
607	12.95416	77.69153
608	12.95415	77.69148
609	12.95414	77.69142
610	12.95413	77.69136
611	12.95412	77.69129
612	12.95412	77.69124
613	12.95411	77.69117
614	12.95410	77.69112
615	12.95409	77.69105
616	12.95408	77.69099
617	12.95408	77.69093
618	12.95407	77.69087
619	12.95405	77.69081
620	12.95404	77.69075
621	12.95403	77.69069
622	12.95402	77.69064
623	12.95401	77.69058
624	12.95400	77.69051
625	12.95399	77.69045
626	12.95399	77.69038
627	12.95397	77.69032
628	12.95395	77.69026
629	12.95394	77.69020
630	12.95394	77.69015
631	12.95392	77.69008
632	12.95390	77.69000
633	12.95388	77.68993
634	12.95387	77.68987
635	12.95385	77.68981
636	12.95384	77.68975
637	12.95382	77.68969
638	12.95380	77.68961
639	12.95378	77.68955
640	12.95378	77.68949
641	12.95378	77.68943
642	12.95377	77.68936
643	12.95376	77.68930
644	12.95376	77.68923
645	12.95376	77.68917
646	12.95375	77.68911
647	12.95374	77.68905
648	12.95373	77.68899
649	12.95370	77.68894
650	12.95363	77.68891
651	12.95357	77.68890
652	12.95352	77.68892
653	12.95346	77.68897
654	12.95342	77.68903
655	12.95337	77.68909
656	12.95332	77.68915
657	12.95327	77.68921
658	12.95323	77.68927
659	12.95317	77.68930
660	12.95313	77.68936
661	12.95308	77.68943
662	12.95301	77.68950
663	12.95296	77.68957
664	12.95291	77.68963
665	12.95285	77.68969
666	12.95279	77.68974
667	12.95274	77.68979
668	12.95267	77.68984
669	12.95261	77.68989
670	12.95256	77.68995
671	12.95251	77.69001
672	12.95244	77.69007
673	12.95239	77.69013
674	12.95233	77.69019
675	12.95227	77.69024
676	12.95221	77.69029
677	12.95215	77.69032
678	12.95207	77.69035
679	12.95202	77.69037
680	12.95196	77.69038
681	12.95190	77.69038
682	12.95184	77.69038
683	12.95178	77.69038
684	12.95172	77.69038
685	12.95163	77.69040
686	12.95157	77.69041
687	12.95151	77.69043
688	12.95146	77.69045
689	12.95138	77.69047
690	12.95132	77.69049
691	12.95127	77.69050
692	12.95121	77.69052
693	12.95116	77.69054
694	12.95107	77.69054
695	12.95102	77.69055
696	12.95096	77.69057
697	12.95089	77.69059
698	12.95083	77.69061
699	12.95077	77.69063
700	12.95071	77.69066
701	12.95065	77.69068
702	12.95059	77.69069
703	12.95053	77.69070
704	12.95047	77.69070
705	12.95040	77.69070
706	12.95034	77.69070
707	12.95026	77.69070
708	12.95018	77.69070
709	12.95012	77.69070
710	12.95005	77.69070
711	12.94998	77.69070
712	12.94992	77.69070
713	12.94986	77.69069
714	12.94978	77.69069
715	12.94971	77.69068
716	12.94964	77.69067
717	12.94957	77.69067
718	12.94951	77.69067
719	12.94944	77.69067
720	12.94938	77.69067
721	12.94931	77.69067
722	12.94923	77.69066
723	12.94916	77.69065
724	12.94909	77.69064
725	12.94904	77.69062
726	12.94897	77.69060
727	12.94889	77.69059
728	12.94882	77.69058
729	12.94875	77.69058
730	12.94868	77.69058
731	12.94863	77.69058
732	12.94856	77.69057
733	12.94851	77.69056
734	12.94843	77.69053
735	12.94837	77.69051
736	12.94830	77.69047
737	12.94825	77.69043
738	12.94818	77.69038
739	12.94811	77.69034
740	12.94804	77.69030
741	12.94798	77.69025
742	12.94793	77.69019
743	12.94788	77.69014
744	12.94784	77.69008
745	12.94782	77.69003
746	12.94778	77.68996
747	12.94777	77.68989
748	12.94776	77.68982
749	12.94775	77.68975
750	12.94775	77.68968
751	12.94775	77.68962
752	12.94775	77.68954
753	12.94774	77.68948
754	12.94773	77.68942
755	12.94773	77.68935
756	12.94772	77.68930
757	12.94771	77.68923
758	12.94770	77.68917
759	12.94770	77.68909
760	12.94769	77.68902
761	12.94768	77.68897
762	12.94767	77.68891
763	12.94766	77.68885
764	12.94765	77.68880
765	12.94763	77.68873
766	12.94762	77.68868
767	12.94761	77.68862
768	12.94760	77.68855
769	12.94759	77.68848
770	12.94759	77.68842
771	12.94759	77.68836
772	12.94760	77.68831
773	12.94761	77.68825
774	12.94761	77.68818
775	12.94762	77.68810
776	12.94762	77.68804
777	12.94762	77.68798
778	12.94762	77.68790
779	12.94762	77.68783
780	12.94762	77.68777
781	12.94761	77.68772
782	12.94761	77.68766
783	12.94760	77.68759
784	12.94760	77.68753
785	12.94759	77.68747
786	12.94758	77.68740
787	12.94758	77.68733
788	12.94757	77.68726
789	12.94756	77.68721
790	12.94753	77.68715
791	12.94752	77.68709
792	12.94751	77.68702
793	12.94750	77.68696
794	12.94749	77.68690
795	12.94748	77.68684
796	12.94747	77.68678
797	12.94746	77.68673
798	12.94745	77.68664
799	12.94744	77.68659
800	12.94744	77.68652
801	12.94744	77.68644
802	12.94744	77.68639
803	12.94744	77.68632
804	12.94744	77.68623
805	12.94744	77.68616
806	12.94743	77.68608
807	12.94743	77.68601
808	12.94742	77.68595
809	12.94741	77.68589
810	12.94741	77.68583
811	12.94739	77.68577
812	12.94738	77.68568
813	12.94737	77.68561
814	12.94737	77.68556
815	12.94737	77.68550
816	12.94736	77.68542
817	12.94735	77.68537
818	12.94734	77.68530
819	12.94733	77.68523
820	12.94733	77.68517
821	12.94733	77.68510
822	12.94733	77.68503
823	12.94733	77.68497
824	12.94733	77.68491
825	12.94733	77.68484
826	12.94733	77.68479
827	12.94733	77.68472
828	12.94732	77.68466
829	12.94732	77.68459
830	12.94730	77.68451
831	12.94728	77.68444
832	12.94727	77.68439
833	12.94726	77.68432
834	12.94724	77.68427
835	12.94723	77.68421
836	12.94722	77.68415
837	12.94721	77.68407
838	12.94721	77.68400
839	12.94720	77.68393
840	12.94720	77.68388
841	12.94720	77.68383
842	12.94720	77.68375
843	12.94720	77.68369
844	12.94719	77.68362
845	12.94719	77.68355
846	12.94719	77.68349
847	12.94719	77.68344
848	12.94719	77.68336
849	12.94719	77.68331
850	12.94719	77.68324
851	12.94719	77.68317
852	12.94718	77.68311
853	12.94718	77.68303
854	12.94718	77.68297
855	12.94718	77.68289
856	12.94718	77.68282
857	12.94718	77.68275
858	12.94718	77.68268
859	12.94717	77.68262
860	12.94717	77.68255
861	12.94718	77.68248
862	12.94717	77.68243
863	12.94716	77.68237
864	12.94713	77.68232
865	12.94712	77.68224
866	12.94711	77.68216
867	12.94710	77.68210
868	12.94710	77.68203
869	12.94710	77.68196
870	12.94708	77.68190
871	12.94706	77.68183
872	12.94704	77.68175
873	12.94701	77.68170
874	12.94697	77.68163
875	12.94693	77.68156
876	12.94690	77.68149
877	12.94687	77.68144
878	12.94685	77.68137
879	12.94682	77.68131
880	12.94680	77.68126
881	12.94680	77.68118
882	12.94680	77.68112
883	12.94680	77.68105
884	12.94680	77.68100
885	12.94680	77.68093
886	12.94680	77.68088
887	12.94680	77.68083
888	12.94680	77.68077
889	12.94680	77.68071
890	12.94680	77.68065
891	12.94680	77.68060
892	12.94680	77.68054
893	12.94680	77.68046
894	12.94680	77.68040
895	12.94679	77.68034
896	12.94678	77.68027
897	12.94678	77.68020
898	12.94677	77.68012
899	12.94677	77.68005
900	12.94677	77.67999
901	12.94678	77.67994
902	12.94678	77.67988
903	12.94680	77.67980
904	12.94680	77.67973
905	12.94680	77.67968
906	12.94681	77.67961
907	12.94683	77.67954
908	12.94684	77.67947
909	12.94685	77.67941
910	12.94687	77.67934
911	12.94688	77.67928
912	12.94690	77.67920
913	12.94691	77.67914
914	12.94691	77.67908
915	12.94691	77.67902
916	12.94691	77.67896
917	12.94691	77.67891
918	12.94691	77.67884
919	12.94690	77.67877
920	12.94689	77.67872
921	12.94688	77.67864
922	12.94687	77.67858
923	12.94688	77.67853
924	12.94689	77.67847
925	12.94690	77.67840
926	12.94692	77.67833
927	12.94693	77.67828
928	12.94693	77.67821
929	12.94694	77.67813
930	12.94695	77.67808
931	12.94696	77.67802
932	12.94696	77.67795
933	12.94697	77.67788
934	12.94698	77.67782
935	12.94700	77.67776
936	12.94702	77.67769
937	12.94702	77.67761
938	12.94704	77.67755
939	12.94704	77.67748
940	12.94705	77.67742
941	12.94706	77.67734
942	12.94706	77.67726
943	12.94707	77.67719
944	12.94708	77.67712
945	12.94709	77.67704
946	12.94711	77.67698
947	12.94713	77.67690
948	12.94714	77.67684
949	12.94715	77.67679
950	12.94716	77.67673
951	12.94718	77.67667
952	12.94719	77.67660
953	12.94722	77.67653
954	12.94723	77.67646
955	12.94725	77.67641
956	12.94725	77.67635
957	12.94725	77.67628
958	12.94723	77.67622
959	12.94721	77.67616
960	12.94717	77.67609
961	12.94716	77.67603
962	12.94716	77.67597
963	12.94715	77.67591
964	12.94714	77.67584
965	12.94712	77.67576
966	12.94710	77.67571
967	12.94708	77.67565
968	12.94706	77.67559
969	12.94705	77.67554
970	12.94704	77.67548
971	12.94702	77.67540
972	12.94700	77.67532
973	12.94697	77.67527
974	12.94695	77.67521
975	12.94693	77.67514
976	12.94692	77.67509
977	12.94690	77.67503
978	12.94690	77.67497
979	12.94689	77.67492
980	12.94689	77.67485
981	12.94688	77.67479
982	12.94686	77.67469
983	12.94685	77.67464
984	12.94683	77.67456
985	12.94681	77.67450
986	12.94680	77.67443
987	12.94677	77.67435
988	12.94676	77.67430
989	12.94674	77.67424
990	12.94672	77.67418
991	12.94666	77.67411
992	12.94661	77.67407
993	12.94655	77.67405
994	12.94647	77.67402
995	12.94641	77.67402
996	12.94635	77.67402
997	12.94628	77.67403
998	12.94621	77.67403
999	12.94615	77.67403
1000	12.94608	77.67403
1001	12.94602	77.67403
1002	12.94595	77.67403
1003	12.94590	77.67405
1004	12.94583	77.67406
1005	12.94576	77.67407
1006	12.94570	77.67408
1007	12.94562	77.67408
1008	12.94556	77.67408
1009	12.94549	77.67408
1010	12.94544	77.67409
1011	12.94537	77.67409
1012	12.94531	77.67409
1013	12.94525	77.67410
1014	12.94520	77.67411
1015	12.94515	77.67413
1016	12.94508	77.67417
1017	12.94504	77.67424
1018	12.94501	77.67430
1019	12.94497	77.67437
1020	12.94494	77.67444
1021	12.94492	77.67451
1022	12.94489	77.67457
1023	12.94485	77.67464
1024	12.94481	77.67471
1025	12.94478	77.67478
1026	12.94474	77.67486
1027	12.94471	77.67493
1028	12.94470	77.67498
1029	12.94468	77.67504
1030	12.94464	77.67511
1031	12.94461	77.67518
1032	12.94460	77.67524
1033	12.94458	77.67530
1034	12.94456	77.67536
1035	12.94455	77.67542
1036	12.94453	77.67550
1037	12.94452	77.67556
1038	12.94450	77.67561
1039	12.94448	77.67567
1040	12.94447	77.67572
1041	12.94445	77.67579
1042	12.94443	77.67584
1043	12.94442	77.67591
1044	12.94440	77.67597
1045	12.94439	77.67602
1046	12.94436	77.67610
1047	12.94435	77.67616
1048	12.94433	77.67622
1049	12.94431	77.67628
1050	12.94430	77.67634
1051	12.94427	77.67639
1052	12.94424	77.67648
1053	12.94421	77.67655
1054	12.94415	77.67662
1055	12.94412	77.67668
1056	12.94407	77.67675
1057	12.94403	77.67682
1058	12.94400	77.67690
1059	12.94395	77.67699
1060	12.94392	77.67707
1061	12.94390	77.67712
1062	12.94387	77.67717
1063	12.94385	77.67724
1064	12.94384	77.67730
1065	12.94383	77.67735
1066	12.94380	77.67742
1067	12.94377	77.67747
1068	12.94374	77.67753
1069	12.94371	77.67761
1070	12.94370	77.67766
1071	12.94369	77.67772
1072	12.94367	77.67780
1073	12.94365	77.67785
1074	12.94361	77.67793
1075	12.94359	77.67799
1076	12.94355	77.67806
1077	12.94352	77.67812
1078	12.94350	77.67818
1079	12.94349	77.67824
1080	12.94347	77.67830
1081	12.94345	77.67835
1082	12.94343	77.67842
1083	12.94341	77.67848
1084	12.94339	77.67854
1085	12.94338	77.67859
1086	12.94334	77.67866
1087	12.94332	77.67872
1088	12.94331	77.67880
1089	12.94329	77.67886
1090	12.94328	77.67892
1091	12.94328	77.67897
1092	12.94327	77.67903
1093	12.94324	77.67910
1094	12.94322	77.67916
1095	12.94320	77.67923
1096	12.94317	77.67928
1097	12.94316	77.67934
1098	12.94313	77.67939
1099	12.94311	77.67944
1100	12.94309	77.67950
1101	12.94307	77.67956
1102	12.94306	77.67961
1103	12.94306	77.67969
1104	12.94306	77.67975
1105	12.94306	77.67981
1106	12.94306	77.67989
1107	12.94304	77.67997
1108	12.94303	77.68003
1109	12.94301	77.68008
1110	12.94300	77.68015
1111	12.94299	77.68020
1112	12.94298	77.68026
1113	12.94295	77.68033
1114	12.94294	77.68039
1115	12.94292	77.68045
1116	12.94291	77.68050
1117	12.94289	77.68056
1118	12.94285	77.68063
1119	12.94282	77.68069
1120	12.94281	77.68076
1121	12.94276	77.68085
1122	12.94274	77.68090
1123	12.94272	77.68098
1124	12.94270	77.68105
1125	12.94270	77.68112
1126	12.94271	77.68117
1127	12.94273	77.68122
1128	12.94276	77.68129
1129	12.94280	77.68134
1130	12.94282	77.68140
1131	12.94274	77.68142
1132	12.94269	77.68143
1133	12.94264	77.68145
1134	12.94258	77.68146
1135	12.94251	77.68149
1136	12.94245	77.68153
1137	12.94240	77.68159
1138	12.94236	77.68166
1139	12.94234	77.68172
1140	12.94230	77.68180
1141	12.94228	77.68186
1142	12.94225	77.68194
1143	12.94223	77.68201
1144	12.94221	77.68207
1145	12.94219	77.68215
1146	12.94218	77.68221
1147	12.94216	77.68226
1148	12.94213	77.68232
1149	12.94211	77.68237
1150	12.94209	77.68243
1151	12.94205	77.68250
1152	12.94202	77.68255
1153	12.94199	77.68262
1154	12.94195	77.68269
1155	12.94192	77.68274
1156	12.94189	77.68281
1157	12.94186	77.68286
1158	12.94183	77.68294
1159	12.94181	77.68301
1160	12.94175	77.68307
1161	12.94170	77.68313
1162	12.94165	77.68320
1163	12.94160	77.68327
1164	12.94155	77.68333
1165	12.94153	77.68338
1166	12.94150	77.68343
1167	12.94145	77.68351
1168	12.94141	77.68359
1169	12.94139	77.68365
1170	12.94134	77.68371
1171	12.94131	77.68378
1172	12.94128	77.68385
1173	12.94124	77.68391
1174	12.94121	77.68398
1175	12.94120	77.68403
1176	12.94118	77.68409
1177	12.94115	77.68415
1178	12.94113	77.68420
1179	12.94112	77.68426
1180	12.94109	77.68434
1181	12.94107	77.68439
1182	12.94104	77.68445
1183	12.94101	77.68452
1184	12.94099	77.68458
1185	12.94098	77.68463
1186	12.94094	77.68469
1187	12.94090	77.68479
1188	12.94087	77.68486
1189	12.94082	77.68493
1190	12.94079	77.68498
1191	12.94076	77.68504
1192	12.94073	77.68510
1193	12.94068	77.68517
1194	12.94064	77.68524
1195	12.94059	77.68532
1196	12.94056	77.68537
1197	12.94053	77.68542
1198	12.94050	77.68548
1199	12.94047	77.68553
1200	12.94044	77.68559
1201	12.94041	77.68566
1202	12.94037	77.68573
1203	12.94033	77.68579
1204	12.94030	77.68585
1205	12.94027	77.68591
1206	12.94024	77.68596
1207	12.94021	77.68603
1208	12.94017	77.68610
1209	12.94012	77.68616
1210	12.94008	77.68625
1211	12.94004	77.68631
1212	12.93999	77.68638
1213	12.93994	77.68644
1214	12.93993	77.68651
1215	12.93999	77.68659
1216	12.94003	77.68665
1217	12.94009	77.68672
1218	12.94013	77.68680
1219	12.94018	77.68688
1220	12.94022	77.68696
1221	12.94026	77.68703
1222	12.94028	77.68708
1223	12.94033	77.68716
1224	12.94037	77.68723
1225	12.94040	77.68731
1226	12.94043	77.68737
1227	12.94047	77.68743
1228	12.94049	77.68751
1229	12.94051	77.68756
1230	12.94053	77.68763
1231	12.94054	77.68769
1232	12.94057	77.68776
1233	12.94059	77.68784
1234	12.94061	77.68791
1235	12.94063	77.68797
1236	12.94065	77.68803
1237	12.94066	77.68809
1238	12.94067	77.68815
1239	12.94068	77.68821
1240	12.94069	77.68828
1241	12.94071	77.68835
1242	12.94072	77.68843
1243	12.94073	77.68850
1244	12.94074	77.68856
1245	12.94074	77.68861
1246	12.94075	77.68867
1247	12.94076	77.68872
1248	12.94077	77.68879
1249	12.94079	77.68886
1250	12.94078	77.68892
1251	12.94072	77.68897
1252	12.94066	77.68901
1253	12.94060	77.68906
1254	12.94053	77.68910
1255	12.94046	77.68916
1256	12.94039	77.68923
1257	12.94033	77.68928
1258	12.94027	77.68932
1259	12.94022	77.68935
1260	12.94016	77.68940
1261	12.94009	77.68945
1262	12.94001	77.68951
1263	12.93994	77.68957
1264	12.93986	77.68961
1265	12.93980	77.68964
1266	12.93973	77.68968
1267	12.93967	77.68972
1268	12.93964	77.68979
1269	12.93967	77.68984
1270	12.93970	77.68989
1271	12.93975	77.68996
1272	12.93978	77.69002
1273	12.93982	77.69008
1274	12.93984	77.69013
1275	12.93989	77.69021
1276	12.93992	77.69027
1277	12.93998	77.69034
1278	12.94001	77.69041
1279	12.94004	77.69046
1280	12.94007	77.69053
1281	12.94010	77.69059
1282	12.94016	77.69068
1283	12.94019	77.69075
1284	12.94022	77.69081
1285	12.94025	77.69087
1286	12.94030	77.69095
1287	12.94033	77.69100
1288	12.94038	77.69107
1289	12.94042	77.69113
1290	12.94045	77.69120
1291	12.94051	77.69128
1292	12.94054	77.69134
1293	12.94059	77.69142
1294	12.94066	77.69148
1295	12.94072	77.69155
1296	12.94079	77.69163
1297	12.94084	77.69170
1298	12.94088	77.69176
1299	12.94092	77.69181
1300	12.94099	77.69188
1301	12.94103	77.69194
1302	12.94109	77.69200
1303	12.94113	77.69207
1304	12.94119	77.69214
1305	12.94123	77.69220
1306	12.94129	77.69226
1307	12.94133	77.69232
1308	12.94138	77.69239
1309	12.94143	77.69245
1310	12.94147	77.69251
1311	12.94153	77.69258
1312	12.94160	77.69266
1313	12.94164	77.69272
1314	12.94169	77.69279
1315	12.94173	77.69285
1316	12.94179	77.69291
1317	12.94183	77.69297
1318	12.94187	77.69302
1319	12.94191	77.69308
1320	12.94197	77.69314
1321	12.94202	77.69320
1322	12.94205	77.69326
1323	12.94211	77.69333
1324	12.94214	77.69338
1325	12.94220	77.69346
1326	12.94223	77.69353
1327	12.94227	77.69360
1328	12.94232	77.69367
1329	12.94237	77.69373
1330	12.94241	77.69379
1331	12.94246	77.69386
1332	12.94249	77.69392
1333	12.94252	77.69397
1334	12.94255	77.69402
1335	12.94261	77.69410
1336	12.94266	77.69418
1337	12.94271	77.69427
1338	12.94274	77.69433
1339	12.94277	77.69438
1340	12.94281	77.69446
1341	12.94284	77.69453
1342	12.94287	77.69460
1343	12.94290	77.69466
1344	12.94292	77.69471
1345	12.94295	77.69478
1346	12.94298	77.69486
1347	12.94300	77.69493
1348	12.94302	77.69498
1349	12.94303	77.69505
1350	12.94305	77.69512
1351	12.94306	77.69517
1352	12.94308	77.69523
1353	12.94310	77.69529
1354	12.94312	77.69536
1355	12.94314	77.69541
1356	12.94314	77.69546
1357	12.94316	77.69553
1358	12.94318	77.69559
1359	12.94320	77.69564
1360	12.94321	77.69571
1361	12.94323	77.69576
1362	12.94325	77.69583
1363	12.94326	77.69590
1364	12.94332	77.69596
1365	12.94337	77.69602
1366	12.94342	77.69608
1367	12.94348	77.69616
1368	12.94353	77.69623
1369	12.94359	77.69631
1370	12.94365	77.69639
1371	12.94369	77.69646
1372	12.94372	77.69652
1373	12.94376	77.69658
1374	12.94379	77.69665
1375	12.94382	77.69672
1376	12.94385	77.69679
1377	12.94387	77.69685
1378	12.94384	77.69691
1379	12.94381	77.69698
1380	12.94377	77.69705
1381	12.94374	77.69713
1382	12.94371	77.69719
1383	12.94367	77.69727
1384	12.94365	77.69735
1385	12.94363	77.69742
1386	12.94362	77.69747
1387	12.94360	77.69754
1388	12.94357	77.69760
1389	12.94355	77.69766
1390	12.94353	77.69774
1391	12.94351	77.69780
1392	12.94349	77.69787
1393	12.94347	77.69794
1394	12.94345	77.69799
1395	12.94343	77.69804
1396	12.94340	77.69812
1397	12.94339	77.69817
1398	12.94336	77.69824
1399	12.94334	77.69830
1400	12.94333	77.69836
1401	12.94331	77.69843
1402	12.94329	77.69850
1403	12.94327	77.69856
1404	12.94325	77.69863
1405	12.94321	77.69871
1406	12.94318	77.69879
1407	12.94314	77.69886
1408	12.94312	77.69894
1409	12.94319	77.69898
1410	12.94324	77.69900
1411	12.94330	77.69901
1412	12.94335	77.69903
1413	12.94341	77.69905
1414	12.94348	77.69908
1415	12.94354	77.69911
1416	12.94360	77.69914
1417	12.94367	77.69918
1418	12.94373	77.69921
1419	12.94381	77.69925
1420	12.94387	77.69928
1421	12.94393	77.69932
1422	12.94399	77.69934
1423	12.94406	77.69939
1424	12.94414	77.69942
1425	12.94420	77.69944
1426	12.94426	77.69948
1427	12.94433	77.69950
1428	12.94439	77.69953
1429	12.94445	77.69956
1430	12.94452	77.69958
1431	12.94459	77.69960
1432	12.94466	77.69963
1433	12.94472	77.69965
1434	12.94480	77.69967
1435	12.94486	77.69969
1436	12.94492	77.69971
1437	12.94500	77.69972
1438	12.94506	77.69974
1439	12.94513	77.69977
1440	12.94518	77.69978
1441	12.94525	77.69980
1442	12.94531	77.69982
1443	12.94537	77.69984
1444	12.94543	77.69986
1445	12.94548	77.69988
1446	12.94554	77.69989
1447	12.94560	77.69992
1448	12.94566	77.69994
1449	12.94572	77.69995
1450	12.94578	77.69998
1451	12.94585	77.70000
1452	12.94591	77.70002
1453	12.94596	77.70003
1454	12.94603	77.70004
1455	12.94612	77.70007
1456	12.94618	77.70009
1457	12.94624	77.70011
1458	12.94633	77.70014
1459	12.94639	77.70016
1460	12.94646	77.70018
1461	12.94651	77.70019
1462	12.94656	77.70021
1463	12.94663	77.70023
1464	12.94670	77.70025
1465	12.94676	77.70027
1466	12.94683	77.70029
1467	12.94689	77.70031
1468	12.94694	77.70032
1469	12.94701	77.70034
1470	12.94707	77.70036
1471	12.94715	77.70039
1472	12.94721	77.70043
1473	12.94726	77.70045
1474	12.94735	77.70047
1475	12.94744	77.70047
1476	12.94751	77.70047
1477	12.94758	77.70047
1478	12.94767	77.70048
1479	12.94776	77.70048
1480	12.94785	77.70049
1481	12.94790	77.70049
1482	12.94796	77.70050
1483	12.94802	77.70051
1484	12.94808	77.70051
1485	12.94814	77.70051
1486	12.94821	77.70052
1487	12.94826	77.70052
1488	12.94833	77.70052
1489	12.94839	77.70052
1490	12.94845	77.70052
1491	12.94851	77.70053
1492	12.94856	77.70054
1493	12.94863	77.70055
1494	12.94871	77.70056
1495	12.94877	77.70057
1496	12.94884	77.70058
1497	12.94890	77.70059
1498	12.94897	77.70060
1499	12.94903	77.70060
1500	12.94908	77.70061
1501	12.94914	77.70061
1502	12.94921	77.70063
1503	12.94927	77.70065
1504	12.94934	77.70067
1505	12.94942	77.70067
1506	12.94950	77.70068
1507	12.94958	77.70070
1508	12.94965	77.70073
1509	12.94970	77.70073
1510	12.94977	77.70076
1511	12.94984	77.70077
1512	12.94992	77.70079
1513	12.94999	77.70081
1514	12.95009	77.70084
1515	12.95016	77.70085
1516	12.95024	77.70088
1517	12.95030	77.70090
1518	12.95037	77.70091
1519	12.95044	77.70093
1520	12.95049	77.70095
1521	12.95055	77.70096
1522	12.95063	77.70098
1523	12.95068	77.70100
1524	12.95074	77.70101
1525	12.95082	77.70103
1526	12.95089	77.70105
1527	12.95095	77.70106
1528	12.95102	77.70106
1529	12.95108	77.70106
1530	12.95116	77.70108
1531	12.95122	77.70109
1532	12.95128	77.70110
1533	12.95135	77.70111
1534	12.95143	77.70112
1535	12.95149	77.70112
1536	12.95155	77.70114
1537	12.95160	77.70115
1538	12.95166	77.70117
1539	12.95171	77.70119
1540	12.95176	77.70120
1541	12.95184	77.70122
1542	12.95190	77.70125
1543	12.95196	77.70127
1544	12.95202	77.70128
1545	12.95209	77.70131
1546	12.95215	77.70132
1547	12.95223	77.70134
1548	12.95229	77.70136
1549	12.95236	77.70139
1550	12.95241	77.70141
1551	12.95249	77.70142
1552	12.95256	77.70144
1553	12.95261	77.70145
1554	12.95268	77.70146
1555	12.95276	77.70147
1556	12.95283	77.70148
1557	12.95290	77.70149
1558	12.95297	77.70150
1559	12.95304	77.70150
1560	12.95311	77.70151
1561	12.95319	77.70152
1562	12.95328	77.70153
1563	12.95335	77.70154
1564	12.95341	77.70155
1565	12.95349	77.70157
1566	12.95357	77.70159
1567	12.95363	77.70161
1568	12.95369	77.70163
1569	12.95376	77.70165
1570	12.95382	77.70166
1571	12.95387	77.70168
1572	12.95395	77.70170
1573	12.95400	77.70172
1574	12.95405	77.70175
1575	12.95412	77.70178
1576	12.95419	77.70180
1577	12.95425	77.70181
1578	12.95431	77.70185
1579	12.95436	77.70186
1580	12.95442	77.70190
1581	12.95450	77.70194
1582	12.95458	77.70198
1583	12.95464	77.70201
1584	12.95469	77.70203
1585	12.95475	77.70206
1586	12.95481	77.70208
1587	12.95490	77.70210
1588	12.95495	77.70212
1589	12.95501	77.70214
1590	12.95507	77.70215
1591	12.95514	77.70216
1592	12.95520	77.70217
1593	12.95526	77.70218
1594	12.95532	77.70220
1595	12.95538	77.70222
1596	12.95544	77.70223
1597	12.95553	77.70226
1598	12.95556	77.70232
1599	12.95555	77.70239
1600	12.95555	77.70247
1601	12.95555	77.70254
1602	12.95554	77.70260
1603	12.95552	77.70266
1604	12.95551	77.70273
1605	12.95551	77.70280
1606	12.95550	77.70287
1607	12.95548	77.70294
1608	12.95548	77.70301
1609	12.95549	77.70306
1610	12.95547	77.70312
1611	12.95547	77.70320
1612	12.95546	77.70327
1613	12.95546	77.70334
1614	12.95545	77.70341
1615	12.95544	77.70348
1616	12.95544	77.70353
1617	12.95544	77.70359
1618	12.95543	77.70365
1619	12.95542	77.70372
1620	12.95542	77.70379
1621	12.95541	77.70384
1622	12.95540	77.70391
1623	12.95540	77.70397
1624	12.95539	77.70404
1625	12.95538	77.70411
1626	12.95537	77.70418
1627	12.95537	77.70425
1628	12.95536	77.70433
1629	12.95535	77.70439
1630	12.95535	77.70446
1631	12.95535	77.70452
1632	12.95535	77.70458
1633	12.95534	77.70466
1634	12.95534	77.70474
1635	12.95533	77.70480
1636	12.95533	77.70486
1637	12.95533	77.70492
1638	12.95533	77.70500
1639	12.95533	77.70506
1640	12.95533	77.70514
1641	12.95533	77.70520
1642	12.95532	77.70529
1643	12.95532	77.70535
1644	12.95532	77.70542
1645	12.95532	77.70548
1646	12.95531	77.70554
1647	12.95530	77.70561
1648	12.95530	77.70567
