Rank	Latitude	Longitude
1	12.96411	77.58782
2	12.96404	77.58789
3	12.96398	77.58795
4	12.96393	77.58802
5	12.96388	77.58807
6	12.96383	77.58814
7	12.96378	77.58818
8	12.96372	77.58823
9	12.96367	77.58829
10	12.96362	77.58835
11	12.96356	77.58841
12	12.96351	77.58847
13	12.96346	77.58853
14	12.96340	77.58859
15	12.96336	77.58865
16	12.96331	77.58870
17	12.96326	77.58876
18	12.96319	77.58883
19	12.96313	77.58888
20	12.96307	77.58894
21	12.96301	77.58901
22	12.96295	77.58907
23	12.96290	77.58914
24	12.96284	77.58919
25	12.96278	77.58926
26	12.96274	77.58932
27	12.96268	77.58938
28	12.96262	77.58943
29	12.96256	77.58950
30	12.96249	77.58956
31	12.96243	77.58961
32	12.96238	77.58968
33	12.96232	77.58973
34	12.96226	77.58980
35	12.96221	77.58987
36	12.96216	77.58993
37	12.96212	77.58999
38	12.96207	77.59006
39	12.96201	77.59013
40	12.96196	77.59019
41	12.96191	77.59025
42	12.96186	77.59031
43	12.96182	77.59037
44	12.96177	77.59044
45	12.96172	77.59050
46	12.96167	77.59057
47	12.96162	77.59064
48	12.96158	77.59071
49	12.96156	77.59076
50	12.96153	77.59083
51	12.96150	77.59089
52	12.96149	77.59095
53	12.96147	77.59102
54	12.96145	77.59108
55	12.96143	77.59114
56	12.96141	77.59119
57	12.96139	77.59127
58	12.96136	77.59133
59	12.96133	77.59140
60	12.96133	77.59145
61	12.96131	77.59151
62	12.96129	77.59156
63	12.96128	77.59162
64	12.96127	77.59168
65	12.96125	77.59174
66	12.96123	77.59179
67	12.96122	77.59184
68	12.96121	77.59191
69	12.96120	77.59197
70	12.96119	77.59203
71	12.96119	77.59209
72	12.96118	77.59215
73	12.96117	77.59223
74	12.96117	77.59229
75	12.96116	77.59236
76	12.96115	77.59242
77	12.96114	77.59251
78	12.96113	77.59257
79	12.96112	77.59263
80	12.96111	77.59270
81	12.96110	77.59276
82	12.96109	77.59281
83	12.96109	77.59288
84	12.96107	77.59295
85	12.96107	77.59301
86	12.96106	77.59309
87	12.96105	77.59316
88	12.96105	77.59323
89	12.96104	77.59330
90	12.96103	77.59337
91	12.96102	77.59343
92	12.96101	77.59348
93	12.96098	77.59354
94	12.96096	77.59362
95	12.96095	77.59369
96	12.96092	77.59377
97	12.96091	77.59384
98	12.96090	77.59390
99	12.96090	77.59396
100	12.96088	77.59403
101	12.96087	77.59409
102	12.96086	77.59416
103	12.96084	77.59424
104	12.96083	77.59429
105	12.96082	77.59435
106	12.96081	77.59443
107	12.96080	77.59448
108	12.96080	77.59454
109	12.96079	77.59462
110	12.96079	77.59468
111	12.96079	77.59475
112	12.96079	77.59483
113	12.96080	77.59489
114	12.96082	77.59494
115	12.96084	77.59502
116	12.96086	77.59509
117	12.96087	77.59515
118	12.96089	77.59521
119	12.96090	77.59529
120	12.96090	77.59535
121	12.96091	77.59540
122	12.96091	77.59548
123	12.96091	77.59557
124	12.96092	77.59564
125	12.96093	77.59569
126	12.96095	77.59575
127	12.96097	77.59580
128	12.96099	77.59587
129	12.96102	77.59595
130	12.96106	77.59601
131	12.96111	77.59607
132	12.96116	77.59613
133	12.96120	77.59619
134	12.96127	77.59627
135	12.96131	77.59632
136	12.96135	77.59637
137	12.96139	77.59643
138	12.96145	77.59650
139	12.96150	77.59656
140	12.96155	77.59663
141	12.96159	77.59670
142	12.96163	77.59676
143	12.96168	77.59681
144	12.96173	77.59687
145	12.96180	77.59694
146	12.96186	77.59701
147	12.96191	77.59705
148	12.96197	77.59711
149	12.96202	77.59716
150	12.96209	77.59721
151	12.96215	77.59727
152	12.96222	77.59733
153	12.96230	77.59740
154	12.96236	77.59745
155	12.96242	77.59748
156	12.96249	77.59752
157	12.96256	77.59756
158	12.96262	77.59759
159	12.96268	77.59762
160	12.96273	77.59763
161	12.96279	77.59765
162	12.96285	77.59767
163	12.96292	77.59770
164	12.96299	77.59773
165	12.96305	77.59776
166	12.96312	77.59778
167	12.96319	77.59783
168	12.96327	77.59785
169	12.96333	77.59788
170	12.96340	77.59791
171	12.96346	77.59794
172	12.96349	77.59786
173	12.96349	77.59781
174	12.96349	77.59774
175	12.96349	77.59768
176	12.96349	77.59762
177	12.96348	77.59757
178	12.96348	77.59749
179	12.96348	77.59743
180	12.96350	77.59738
181	12.96353	77.59731
182	12.96354	77.59726
183	12.96357	77.59720
184	12.96362	77.59713
185	12.96366	77.59707
186	12.96370	77.59702
187	12.96377	77.59695
188	12.96384	77.59689
189	12.96390	77.59685
190	12.96397	77.59678
191	12.96404	77.59672
192	12.96411	77.59667
193	12.96417	77.59664
194	12.96422	77.59660
195	12.96428	77.59657
196	12.96436	77.59653
197	12.96442	77.59650
198	12.96448	77.59646
199	12.96453	77.59643
200	12.96460	77.59640
201	12.96465	77.59638
202	12.96472	77.59635
203	12.96477	77.59633
204	12.96483	77.59631
205	12.96489	77.59629
206	12.96495	77.59627
207	12.96501	77.59623
208	12.96508	77.59622
209	12.96514	77.59620
210	12.96521	77.59618
211	12.96528	77.59616
212	12.96535	77.59614
213	12.96542	77.59612
214	12.96550	77.59610
215	12.96557	77.59608
216	12.96564	77.59606
217	12.96570	77.59605
218	12.96577	77.59603
219	12.96582	77.59601
220	12.96588	77.59601
221	12.96594	77.59600
222	12.96601	77.59598
223	12.96607	77.59597
224	12.96613	77.59596
225	12.96619	77.59595
226	12.96625	77.59595
227	12.96632	77.59594
228	12.96641	77.59593
229	12.96647	77.59593
230	12.96653	77.59592
231	12.96659	77.59591
232	12.96666	77.59588
233	12.96671	77.59587
234	12.96678	77.59585
235	12.96685	77.59583
236	12.96692	77.59582
237	12.96700	77.59579
238	12.96707	77.59577
239	12.96712	77.59576
240	12.96720	77.59574
241	12.96726	77.59572
242	12.96733	77.59571
243	12.96739	77.59570
244	12.96746	77.59570
245	12.96752	77.59569
246	12.96759	77.59568
247	12.96766	77.59567
248	12.96773	77.59565
249	12.96779	77.59565
250	12.96786	77.59563
251	12.96792	77.59562
252	12.96799	77.59560
253	12.96807	77.59559
254	12.96813	77.59558
255	12.96819	77.59558
256	12.96826	77.59557
257	12.96832	77.59556
258	12.96840	77.59555
259	12.96847	77.59553
260	12.96853	77.59552
261	12.96860	77.59549
262	12.96867	77.59547
263	12.96874	77.59545
264	12.96880	77.59543
265	12.96888	77.59540
266	12.96895	77.59538
267	12.96900	77.59535
268	12.96906	77.59533
269	12.96911	77.59532
270	12.96918	77.59530
271	12.96924	77.59528
272	12.96930	77.59527
273	12.96937	77.59526
274	12.96943	77.59525
275	12.96949	77.59525
276	12.96956	77.59524
277	12.96963	77.59523
278	12.96970	77.59522
279	12.96977	77.59521
280	12.96985	77.59519
281	12.96991	77.59516
282	12.96997	77.59515
283	12.97005	77.59513
284	12.97013	77.59512
285	12.97019	77.59511
286	12.97025	77.59509
287	12.97032	77.59508
288	12.97038	77.59507
289	12.97043	77.59505
290	12.97049	77.59504
291	12.97054	77.59504
292	12.97060	77.59504
293	12.97067	77.59504
294	12.97072	77.59504
295	12.97078	77.59506
296	12.97083	77.59508
297	12.97089	77.59511
298	12.97097	77.59517
299	12.97102	77.59522
300	12.97109	77.59527
301	12.97116	77.59530
302	12.97121	77.59534
303	12.97128	77.59539
304	12.97135	77.59544
305	12.97141	77.59550
306	12.97147	77.59555
307	12.97154	77.59561
308	12.97159	77.59565
309	12.97165	77.59570
310	12.97170	77.59575
311	12.97175	77.59581
312	12.97180	77.59585
313	12.97186	77.59591
314	12.97193	77.59597
315	12.97200	77.59604
316	12.97205	77.59611
317	12.97212	77.59619
318	12.97219	77.59626
319	12.97225	77.59633
320	12.97229	77.59639
321	12.97233	77.59645
322	12.97239	77.59651
323	12.97243	77.59656
324	12.97249	77.59664
325	12.97254	77.59671
326	12.97260	77.59678
327	12.97267	77.59685
328	12.97272	77.59691
329	12.97277	77.59696
330	12.97282	77.59702
331	12.97288	77.59708
332	12.97295	77.59716
333	12.97300	77.59723
334	12.97305	77.59729
335	12.97310	77.59737
336	12.97316	77.59744
337	12.97321	77.59751
338	12.97327	77.59759
339	12.97333	77.59766
340	12.97340	77.59772
341	12.97345	77.59776
342	12.97349	77.59782
343	12.97356	77.59790
344	12.97360	77.59797
345	12.97364	77.59803
346	12.97369	77.59809
347	12.97373	77.59816
348	12.97378	77.59822
349	12.97382	77.59828
350	12.97387	77.59835
351	12.97391	77.59841
352	12.97394	77.59846
353	12.97398	77.59852
354	12.97402	77.59858
355	12.97405	77.59864
356	12.97408	77.59869
357	12.97412	77.59877
358	12.97416	77.59884
359	12.97420	77.59890
360	12.97424	77.59895
361	12.97429	77.59902
362	12.97433	77.59908
363	12.97437	77.59913
364	12.97441	77.59919
365	12.97447	77.59926
366	12.97453	77.59934
367	12.97458	77.59940
368	12.97461	77.59945
369	12.97465	77.59950
370	12.97470	77.59956
371	12.97475	77.59963
372	12.97481	77.59971
373	12.97487	77.59978
374	12.97493	77.59985
375	12.97499	77.59993
376	12.97503	77.59998
377	12.97509	77.60005
378	12.97512	77.60012
379	12.97515	77.60018
380	12.97519	77.60025
381	12.97523	77.60030
382	12.97530	77.60032
383	12.97537	77.60029
384	12.97543	77.60026
385	12.97549	77.60024
386	12.97555	77.60021
387	12.97561	77.60018
388	12.97567	77.60015
389	12.97573	77.60012
390	12.97578	77.60010
391	12.97584	77.60007
392	12.97590	77.60004
393	12.97598	77.60002
394	12.97604	77.60000
395	12.97609	77.59997
396	12.97615	77.59994
397	12.97622	77.59990
398	12.97630	77.59988
399	12.97637	77.59984
400	12.97642	77.59981
401	12.97648	77.59979
402	12.97656	77.59975
403	12.97663	77.59972
404	12.97670	77.59969
405	12.97678	77.59966
406	12.97685	77.59963
407	12.97692	77.59960
408	12.97699	77.59957
409	12.97705	77.59953
410	12.97712	77.59951
411	12.97718	77.59949
412	12.97723	77.59946
413	12.97729	77.59943
414	12.97734	77.59941
415	12.97740	77.59937
416	12.97746	77.59934
417	12.97753	77.59931
418	12.97759	77.59927
419	12.97765	77.59924
420	12.97773	77.59920
421	12.97778	77.59917
422	12.97783	77.59914
423	12.97790	77.59911
424	12.97796	77.59908
425	12.97802	77.59904
426	12.97809	77.59902
427	12.97814	77.59900
428	12.97820	77.59898
429	12.97826	77.59896
430	12.97834	77.59892
431	12.97841	77.59886
432	12.97847	77.59884
433	12.97852	77.59881
434	12.97859	77.59878
435	12.97865	77.59876
436	12.97872	77.59874
437	12.97879	77.59871
438	12.97885	77.59869
439	12.97892	77.59867
440	12.97898	77.59864
441	12.97905	77.59861
442	12.97912	77.59857
443	12.97917	77.59855
444	12.97924	77.59853
445	12.97930	77.59849
446	12.97937	77.59846
447	12.97944	77.59843
448	12.97951	77.59839
449	12.97957	77.59836
450	12.97962	77.59833
451	12.97959	77.59844
452	12.97956	77.59852
453	12.97955	77.59857
454	12.97953	77.59865
455	12.97950	77.59872
456	12.97947	77.59879
457	12.97945	77.59884
458	12.97944	77.59891
459	12.97941	77.59898
460	12.97938	77.59906
461	12.97937	77.59912
462	12.97935	77.59919
463	12.97933	77.59925
464	12.97931	77.59931
465	12.97930	77.59938
466	12.97928	77.59944
467	12.97926	77.59950
468	12.97925	77.59956
469	12.97923	77.59963
470	12.97921	77.59970
471	12.97920	77.59976
472	12.97917	77.59982
473	12.97914	77.59989
474	12.97910	77.59996
475	12.97907	77.60003
476	12.97904	77.60010
477	12.97901	77.60017
478	12.97899	77.60022
479	12.97896	77.60028
480	12.97894	77.60033
481	12.97892	77.60039
482	12.97890	77.60045
483	12.97887	77.60051
484	12.97886	77.60056
485	12.97884	77.60061
486	12.97883	77.60067
487	12.97881	77.60074
488	12.97880	77.60082
489	12.97876	77.60091
490	12.97875	77.60097
491	12.97873	77.60104
492	12.97871	77.60112
493	12.97869	77.60118
494	12.97867	77.60124
495	12.97866	77.60129
496	12.97864	77.60135
497	12.97862	77.60141
498	12.97859	77.60147
499	12.97856	77.60153
500	12.97854	77.60158
501	12.97852	77.60164
502	12.97849	77.60169
503	12.97845	77.60177
504	12.97844	77.60184
505	12.97842	77.60191
506	12.97841	77.60196
507	12.97839	77.60203
508	12.97836	77.60212
509	12.97835	77.60217
510	12.97833	77.60223
511	12.97831	77.60229
512	12.97829	77.60236
513	12.97825	77.60243
514	12.97823	77.60249
515	12.97820	77.60254
516	12.97817	77.60261
517	12.97813	77.60269
518	12.97810	77.60275
519	12.97807	77.60281
520	12.97804	77.60288
521	12.97802	77.60293
522	12.97800	77.60300
523	12.97799	77.60305
524	12.97797	77.60312
525	12.97794	77.60318
526	12.97793	77.60324
527	12.97791	77.60332
528	12.97788	77.60340
529	12.97786	77.60345
530	12.97784	77.60353
531	12.97782	77.60361
532	12.97780	77.60367
533	12.97778	77.60374
534	12.97777	77.60379
535	12.97775	77.60386
536	12.97772	77.60393
537	12.97770	77.60401
538	12.97769	77.60407
539	12.97766	77.60415
540	12.97764	77.60421
541	12.97762	77.60426
542	12.97760	77.60434
543	12.97757	77.60441
544	12.97754	77.60448
545	12.97752	77.60453
546	12.97750	77.60459
547	12.97748	77.60466
548	12.97746	77.60472
549	12.97744	77.60479
550	12.97742	77.60486
551	12.97739	77.60494
552	12.97738	77.60500
553	12.97735	77.60506
554	12.97733	77.60513
555	12.97731	77.60519
556	12.97729	77.60525
557	12.97728	77.60531
558	12.97726	77.60537
559	12.97724	77.60543
560	12.97722	77.60549
561	12.97721	77.60555
562	12.97721	77.60561
563	12.97719	77.60567
564	12.97715	77.60575
565	12.97712	77.60581
566	12.97708	77.60589
567	12.97704	77.60597
568	12.97701	77.60603
569	12.97698	77.60609
570	12.97694	77.60617
571	12.97683	77.60643
572	12.97682	77.60649
573	12.97680	77.60654
574	12.97679	77.60660
575	12.97677	77.60666
576	12.97674	77.60673
577	12.97673	77.60680
578	12.97671	77.60687
579	12.97670	77.60692
580	12.97668	77.60698
581	12.97665	77.60706
582	12.97662	77.60712
583	12.97660	77.60717
584	12.97658	77.60723
585	12.97656	77.60729
586	12.97653	77.60737
587	12.97651	77.60745
588	12.97650	77.60751
589	12.97648	77.60757
590	12.97646	77.60763
591	12.97645	77.60768
592	12.97644	77.60774
593	12.97641	77.60781
594	12.97639	77.60788
595	12.97638	77.60795
596	12.97635	77.60801
597	12.97633	77.60808
598	12.97632	77.60813
599	12.97626	77.60832
600	12.97624	77.60840
601	12.97622	77.60846
602	12.97620	77.60852
603	12.97618	77.60860
604	12.97616	77.60866
605	12.97613	77.60872
606	12.97610	77.60879
607	12.97608	77.60885
608	12.97604	77.60892
609	12.97602	77.60899
610	12.97599	77.60906
611	12.97597	77.60912
612	12.97594	77.60919
613	12.97591	77.60925
614	12.97589	77.60932
615	12.97585	77.60938
616	12.97582	77.60944
617	12.97580	77.60951
618	12.97577	77.60957
619	12.97575	77.60963
620	12.97570	77.60974
621	12.97570	77.60981
622	12.97568	77.60987
623	12.97566	77.60994
624	12.97564	77.61002
625	12.97562	77.61008
626	12.97560	77.61015
627	12.97558	77.61022
628	12.97555	77.61029
629	12.97552	77.61036
630	12.97551	77.61041
631	12.97549	77.61048
632	12.97547	77.61056
633	12.97544	77.61063
634	12.97543	77.61068
635	12.97540	77.61076
636	12.97539	77.61082
637	12.97537	77.61089
638	12.97534	77.61097
639	12.97532	77.61103
640	12.97531	77.61108
641	12.97529	77.61113
642	12.97528	77.61120
643	12.97526	77.61125
644	12.97524	77.61131
645	12.97522	77.61137
646	12.97520	77.61145
647	12.97518	77.61153
648	12.97517	77.61160
649	12.97513	77.61168
650	12.97512	77.61173
651	12.97510	77.61179
652	12.97508	77.61187
653	12.97507	77.61193
654	12.97504	77.61200
655	12.97502	77.61206
656	12.97500	77.61212
657	12.97498	77.61220
658	12.97495	77.61227
659	12.97493	77.61235
660	12.97492	77.61241
661	12.97490	77.61248
662	12.97488	77.61254
663	12.97487	77.61260
664	12.97484	77.61266
665	12.97483	77.61272
666	12.97481	77.61278
667	12.97479	77.61286
668	12.97478	77.61291
669	12.97475	77.61297
670	12.97473	77.61304
671	12.97471	77.61311
672	12.97470	77.61317
673	12.97468	77.61325
674	12.97465	77.61332
675	12.97462	77.61339
676	12.97460	77.61345
677	12.97457	77.61352
678	12.97455	77.61357
679	12.97452	77.61364
680	12.97449	77.61371
681	12.97447	77.61377
682	12.97443	77.61383
683	12.97441	77.61389
684	12.97440	77.61395
685	12.97438	77.61400
686	12.97437	77.61405
687	12.97434	77.61412
688	12.97433	77.61418
689	12.97431	77.61423
690	12.97430	77.61429
691	12.97429	77.61436
692	12.97426	77.61441
693	12.97423	77.61449
694	12.97421	77.61455
695	12.97420	77.61460
696	12.97418	77.61466
697	12.97416	77.61473
698	12.97413	77.61480
699	12.97411	77.61486
700	12.97408	77.61494
701	12.97405	77.61501
702	12.97403	77.61508
703	12.97400	77.61515
704	12.97398	77.61521
705	12.97396	77.61526
706	12.97393	77.61533
707	12.97393	77.61540
708	12.97398	77.61546
709	12.97403	77.61548
710	12.97409	77.61549
711	12.97416	77.61551
712	12.97425	77.61554
713	12.97431	77.61557
714	12.97438	77.61560
715	12.97445	77.61563
716	12.97451	77.61566
717	12.97459	77.61569
718	12.97466	77.61572
719	12.97471	77.61575
720	12.97478	77.61578
721	12.97483	77.61579
722	12.97489	77.61581
723	12.97495	77.61582
724	12.97500	77.61585
725	12.97506	77.61586
726	12.97511	77.61588
727	12.97517	77.61589
728	12.97522	77.61591
729	12.97528	77.61592
730	12.97536	77.61596
731	12.97543	77.61597
732	12.97548	77.61600
733	12.97554	77.61601
734	12.97560	77.61602
735	12.97567	77.61603
736	12.97574	77.61604
737	12.97579	77.61605
738	12.97585	77.61607
739	12.97591	77.61608
740	12.97597	77.61610
741	12.97602	77.61611
742	12.97608	77.61613
743	12.97613	77.61614
744	12.97621	77.61616
745	12.97628	77.61619
746	12.97633	77.61621
747	12.97639	77.61622
748	12.97645	77.61623
749	12.97651	77.61625
750	12.97657	77.61626
751	12.97671	77.61631
752	12.97677	77.61633
753	12.97684	77.61635
754	12.97689	77.61637
755	12.97695	77.61639
756	12.97701	77.61640
757	12.97708	77.61644
758	12.97713	77.61645
759	12.97720	77.61647
760	12.97725	77.61649
761	12.97730	77.61651
762	12.97735	77.61652
763	12.97741	77.61653
764	12.97748	77.61652
765	12.97754	77.61648
766	12.97760	77.61643
767	12.97765	77.61636
768	12.97769	77.61629
769	12.97773	77.61622
770	12.97775	77.61614
771	12.97779	77.61608
772	12.97781	77.61603
773	12.97783	77.61596
774	12.97784	77.61591
775	12.97792	77.61589
776	12.97797	77.61592
777	12.97804	77.61594
778	12.97810	77.61595
779	12.97816	77.61596
780	12.97821	77.61599
781	12.97828	77.61600
782	12.97833	77.61602
783	12.97838	77.61604
784	12.97843	77.61605
785	12.97849	77.61607
786	12.97855	77.61609
787	12.97862	77.61611
788	12.97867	77.61614
789	12.97873	77.61615
790	12.97880	77.61617
791	12.97886	77.61620
792	12.97892	77.61622
793	12.97898	77.61624
794	12.97903	77.61625
795	12.97909	77.61627
796	12.97916	77.61629
797	12.97923	77.61631
798	12.97931	77.61633
799	12.97938	77.61636
800	12.97945	77.61638
801	12.97948	77.61645
802	12.97951	77.61652
803	12.97955	77.61659
804	12.97961	77.61663
805	12.97969	77.61666
806	12.97975	77.61667
807	12.97982	77.61668
808	12.97988	77.61669
809	12.97994	77.61669
810	12.98001	77.61669
811	12.98007	77.61670
812	12.98013	77.61670
813	12.98020	77.61671
814	12.98025	77.61672
815	12.98032	77.61673
816	12.98039	77.61673
817	12.98045	77.61673
818	12.98052	77.61673
819	12.98057	77.61673
820	12.98066	77.61674
821	12.98072	77.61675
822	12.98078	77.61675
823	12.98084	77.61675
824	12.98091	77.61675
825	12.98096	77.61674
826	12.98103	77.61671
827	12.98110	77.61668
828	12.98116	77.61663
829	12.98118	77.61655
830	12.98120	77.61649
831	12.98120	77.61642
832	12.98120	77.61635
833	12.98119	77.61628
834	12.98117	77.61622
835	12.98115	77.61615
836	12.98115	77.61608
837	12.98115	77.61602
838	12.98115	77.61595
839	12.98115	77.61589
840	12.98115	77.61581
841	12.98115	77.61573
842	12.98115	77.61566
843	12.98116	77.61560
844	12.98116	77.61553
845	12.98117	77.61547
846	12.98118	77.61541
847	12.98118	77.61534
848	12.98120	77.61527
849	12.98121	77.61521
850	12.98122	77.61513
851	12.98122	77.61506
852	12.98123	77.61501
853	12.98124	77.61496
854	12.98126	77.61489
855	12.98129	77.61484
856	12.98131	77.61478
857	12.98135	77.61472
858	12.98137	77.61466
859	12.98139	77.61460
860	12.98141	77.61455
861	12.98143	77.61449
862	12.98144	77.61443
863	12.98146	77.61437
864	12.98147	77.61430
865	12.98149	77.61424
866	12.98151	77.61417
867	12.98153	77.61411
868	12.98154	77.61405
869	12.98148	77.61400
870	12.98143	77.61395
871	12.98137	77.61389
872	12.98131	77.61384
873	12.98135	77.61377
874	12.98140	77.61373
875	12.98146	77.61369
876	12.98152	77.61364
877	12.98157	77.61360
878	12.98163	77.61355
879	12.98168	77.61351
880	12.98173	77.61346
881	12.98176	77.61339
882	12.98178	77.61333
883	12.98180	77.61327
884	12.98183	77.61320
885	12.98184	77.61314
886	12.98186	77.61309
887	12.98189	77.61302
888	12.98190	77.61296
889	12.98193	77.61290
890	12.98197	77.61282
891	12.98200	77.61277
892	12.98202	77.61269
893	12.98204	77.61263
894	12.98207	77.61257
895	12.98211	77.61250
896	12.98213	77.61243
897	12.98215	77.61235
898	12.98218	77.61228
899	12.98221	77.61222
900	12.98224	77.61215
901	12.98221	77.61208
902	12.98214	77.61203
903	12.98206	77.61196
904	12.98200	77.61191
905	12.98194	77.61188
906	12.98187	77.61185
907	12.98181	77.61182
908	12.98175	77.61180
909	12.98169	77.61177
910	12.98163	77.61175
911	12.98164	77.61169
912	12.98165	77.61162
913	12.98168	77.61157
914	12.98169	77.61152
915	12.98172	77.61144
916	12.98175	77.61136
917	12.98176	77.61131
918	12.98178	77.61125
919	12.98180	77.61120
920	12.98183	77.61113
921	12.98185	77.61105
922	12.98187	77.61099
923	12.98189	77.61093
924	12.98190	77.61087
925	12.98191	77.61082
926	12.98194	77.61074
927	12.98197	77.61067
928	12.98200	77.61061
929	12.98203	77.61055
930	12.98207	77.61048
931	12.98209	77.61043
932	12.98212	77.61036
933	12.98213	77.61031
934	12.98216	77.61023
935	12.98217	77.61018
936	12.98220	77.61011
937	12.98221	77.61005
938	12.98223	77.60999
939	12.98225	77.60994
940	12.98228	77.60987
941	12.98230	77.60982
942	12.98231	77.60976
943	12.98233	77.60969
944	12.98235	77.60962
945	12.98236	77.60957
946	12.98240	77.60950
947	12.98242	77.60944
948	12.98244	77.60938
949	12.98246	77.60933
950	12.98249	77.60925
951	12.98251	77.60918
952	12.98254	77.60911
953	12.98259	77.60899
954	12.98261	77.60894
955	12.98263	77.60889
956	12.98264	77.60883
957	12.98266	77.60878
958	12.98267	77.60872
959	12.98269	77.60867
960	12.98270	77.60861
961	12.98271	77.60855
962	12.98273	77.60848
963	12.98275	77.60838
964	12.98275	77.60831
965	12.98277	77.60822
966	12.98278	77.60815
967	12.98279	77.60810
968	12.98279	77.60803
969	12.98281	77.60798
970	12.98276	77.60795
971	12.98270	77.60793
972	12.98262	77.60792
973	12.98256	77.60788
974	12.98251	77.60785
975	12.98244	77.60783
976	12.98239	77.60780
977	12.98234	77.60773
978	12.98235	77.60768
979	12.98237	77.60762
980	12.98238	77.60756
981	12.98240	77.60751
982	12.98244	77.60742
983	12.98245	77.60737
984	12.98246	77.60732
985	12.98247	77.60726
986	12.98250	77.60715
987	12.98251	77.60710
988	12.98251	77.60704
989	12.98253	77.60698
990	12.98254	77.60692
991	12.98254	77.60687
992	12.98255	77.60682
993	12.98256	77.60675
994	12.98257	77.60670
995	12.98260	77.60662
996	12.98262	77.60654
997	12.98263	77.60649
998	12.98265	77.60644
999	12.98266	77.60638
1000	12.98267	77.60632
1001	12.98267	77.60626
1002	12.98269	77.60620
1003	12.98270	77.60612
1004	12.98271	77.60606
1005	12.98272	77.60599
1006	12.98273	77.60591
1007	12.98273	77.60585
1008	12.98274	77.60579
1009	12.98274	77.60573
1010	12.98275	77.60567
1011	12.98275	77.60560
1012	12.98275	77.60554
1013	12.98275	77.60548
1014	12.98275	77.60541
1015	12.98275	77.60534
1016	12.98275	77.60527
1017	12.98274	77.60521
1018	12.98273	77.60515
1019	12.98273	77.60509
1020	12.98272	77.60502
1021	12.98272	77.60496
1022	12.98272	77.60490
1023	12.98272	77.60483
1024	12.98272	77.60477
1025	12.98272	77.60469
1026	12.98269	77.60463
1027	12.98267	77.60457
1028	12.98267	77.60450
1029	12.98267	77.60445
1030	12.98271	77.60438
1031	12.98274	77.60431
1032	12.98276	77.60424
1033	12.98278	77.60419
1034	12.98280	77.60412
1035	12.98281	77.60406
1036	12.98282	77.60401
1037	12.98284	77.60393
1038	12.98285	77.60388
1039	12.98287	77.60382
1040	12.98289	77.60376
1041	12.98291	77.60369
1042	12.98294	77.60362
1043	12.98295	77.60357
1044	12.98297	77.60351
1045	12.98300	77.60344
1046	12.98302	77.60338
1047	12.98303	77.60333
1048	12.98304	77.60327
1049	12.98307	77.60318
1050	12.98309	77.60313
1051	12.98312	77.60306
1052	12.98314	77.60298
1053	12.98316	77.60293
1054	12.98320	77.60285
1055	12.98324	77.60278
1056	12.98321	77.60272
1057	12.98320	77.60264
1058	12.98319	77.60257
1059	12.98319	77.60251
1060	12.98318	77.60244
1061	12.98317	77.60237
1062	12.98316	77.60232
1063	12.98315	77.60226
1064	12.98315	77.60221
1065	12.98314	77.60215
1066	12.98313	77.60209
1067	12.98311	77.60202
1068	12.98310	77.60196
1069	12.98309	77.60190
1070	12.98308	77.60185
1071	12.98307	77.60179
1072	12.98306	77.60174
1073	12.98306	77.60168
1074	12.98305	77.60162
1075	12.98305	77.60157
1076	12.98304	77.60150
1077	12.98303	77.60145
1078	12.98302	77.60139
1079	12.98301	77.60131
1080	12.98300	77.60124
1081	12.98299	77.60118
1082	12.98297	77.60112
1083	12.98296	77.60104
1084	12.98294	77.60096
1085	12.98292	77.60090
1086	12.98291	77.60084
1087	12.98290	77.60077
1088	12.98288	77.60071
1089	12.98287	77.60064
1090	12.98285	77.60058
1091	12.98284	77.60052
1092	12.98283	77.60047
1093	12.98282	77.60042
1094	12.98282	77.60035
1095	12.98281	77.60029
1096	12.98280	77.60022
1097	12.98278	77.60016
1098	12.98277	77.60009
1099	12.98276	77.60004
1100	12.98275	77.59998
1101	12.98274	77.59993
1102	12.98274	77.59987
1103	12.98273	77.59980
1104	12.98272	77.59975
1105	12.98271	77.59967
1106	12.98269	77.59961
1107	12.98266	77.59954
1108	12.98265	77.59948
1109	12.98264	77.59941
1110	12.98263	77.59936
1111	12.98262	77.59929
1112	12.98261	77.59924
1113	12.98260	77.59919
1114	12.98260	77.59913
1115	12.98259	77.59907
1116	12.98259	77.59900
1117	12.98259	77.59894
1118	12.98261	77.59889
1119	12.98262	77.59883
1120	12.98264	77.59877
1121	12.98266	77.59872
1122	12.98271	77.59866
1123	12.98275	77.59859
1124	12.98279	77.59853
1125	12.98283	77.59846
1126	12.98288	77.59840
1127	12.98293	77.59834
1128	12.98297	77.59829
1129	12.98304	77.59823
1130	12.98311	77.59817
1131	12.98316	77.59812
1132	12.98323	77.59807
1133	12.98330	77.59802
1134	12.98336	77.59797
1135	12.98342	77.59792
1136	12.98349	77.59786
1137	12.98355	77.59781
1138	12.98361	77.59775
1139	12.98366	77.59771
1140	12.98373	77.59765
1141	12.98379	77.59760
1142	12.98385	77.59754
1143	12.98392	77.59748
1144	12.98398	77.59743
1145	12.98403	77.59738
1146	12.98408	77.59735
1147	12.98415	77.59729
1148	12.98421	77.59723
1149	12.98427	77.59719
1150	12.98432	77.59714
1151	12.98438	77.59709
1152	12.98445	77.59703
1153	12.98451	77.59698
1154	12.98456	77.59693
1155	12.98462	77.59687
1156	12.98467	77.59683
1157	12.98473	77.59678
1158	12.98479	77.59672
1159	12.98485	77.59668
1160	12.98491	77.59663
1161	12.98497	77.59657
1162	12.98504	77.59652
1163	12.98509	77.59647
1164	12.98515	77.59642
1165	12.98521	77.59636
1166	12.98527	77.59630
1167	12.98532	77.59625
1168	12.98539	77.59619
1169	12.98544	77.59614
1170	12.98551	77.59608
1171	12.98557	77.59603
1172	12.98563	77.59598
1173	12.98569	77.59594
1174	12.98574	77.59591
1175	12.98581	77.59588
1176	12.98586	77.59585
1177	12.98592	77.59581
1178	12.98597	77.59578
1179	12.98603	77.59573
1180	12.98610	77.59568
1181	12.98616	77.59563
1182	12.98623	77.59558
1183	12.98630	77.59552
1184	12.98636	77.59547
1185	12.98643	77.59544
1186	12.98648	77.59539
1187	12.98655	77.59534
1188	12.98661	77.59528
1189	12.98667	77.59524
1190	12.98673	77.59520
1191	12.98679	77.59515
1192	12.98685	77.59511
1193	12.98690	77.59506
1194	12.98696	77.59502
1195	12.98703	77.59496
1196	12.98709	77.59491
1197	12.98715	77.59486
1198	12.98722	77.59480
1199	12.98727	77.59476
1200	12.98734	77.59471
1201	12.98740	77.59466
1202	12.98746	77.59462
1203	12.98752	77.59457
1204	12.98758	77.59451
1205	12.98764	77.59446
1206	12.98769	77.59440
1207	12.98774	77.59434
1208	12.98779	77.59429
1209	12.98785	77.59424
1210	12.98791	77.59420
1211	12.98797	77.59414
1212	12.98804	77.59410
1213	12.98809	77.59406
1214	12.98815	77.59402
1215	12.98820	77.59397
1216	12.98826	77.59391
1217	12.98826	77.59385
1218	12.98819	77.59379
1219	12.98814	77.59374
1220	12.98808	77.59370
1221	12.98803	77.59365
1222	12.98796	77.59360
1223	12.98788	77.59353
1224	12.98781	77.59347
1225	12.98776	77.59344
1226	12.98769	77.59340
1227	12.98764	77.59337
1228	12.98759	77.59332
1229	12.98751	77.59326
1230	12.98745	77.59322
1231	12.98740	77.59317
1232	12.98733	77.59311
1233	12.98727	77.59307
1234	12.98720	77.59301
1235	12.98713	77.59295
1236	12.98708	77.59291
1237	12.98701	77.59285
1238	12.98696	77.59281
1239	12.98688	77.59275
1240	12.98683	77.59271
1241	12.98677	77.59267
1242	12.98669	77.59261
1243	12.98664	77.59256
1244	12.98657	77.59249
1245	12.98650	77.59244
1246	12.98643	77.59237
1247	12.98636	77.59230
1248	12.98632	77.59224
1249	12.98627	77.59219
1250	12.98620	77.59213
1251	12.98615	77.59208
1252	12.98608	77.59202
1253	12.98603	77.59199
1254	12.98597	77.59193
1255	12.98591	77.59188
1256	12.98584	77.59182
1257	12.98579	77.59175
1258	12.98575	77.59170
1259	12.98569	77.59163
1260	12.98562	77.59157
1261	12.98556	77.59153
1262	12.98548	77.59146
1263	12.98543	77.59142
1264	12.98535	77.59135
1265	12.98529	77.59130
1266	12.98523	77.59125
1267	12.98517	77.59120
1268	12.98512	77.59113
1269	12.98507	77.59108
1270	12.98502	77.59102
1271	12.98496	77.59094
1272	12.98488	77.59088
1273	12.98482	77.59082
1274	12.98476	77.59078
1275	12.98469	77.59072
1276	12.98462	77.59065
1277	12.98457	77.59059
1278	12.98462	77.59052
1279	12.98466	77.59046
1280	12.98473	77.59041
1281	12.98478	77.59037
1282	12.98485	77.59032
1283	12.98492	77.59026
1284	12.98499	77.59022
1285	12.98505	77.59016
1286	12.98511	77.59013
1287	12.98510	77.59006
1288	12.98503	77.58999
1289	12.98497	77.58995
1290	12.98492	77.58991
1291	12.98484	77.58985
1292	12.98478	77.58981
1293	12.98472	77.58978
1294	12.98466	77.58974
1295	12.98460	77.58972
1296	12.98453	77.58969
1297	12.98448	77.58966
1298	12.98443	77.58964
1299	12.98436	77.58961
1300	12.98429	77.58957
1301	12.98423	77.58955
1302	12.98416	77.58952
1303	12.98408	77.58951
1304	12.98402	77.58949
1305	12.98396	77.58946
1306	12.98391	77.58944
1307	12.98384	77.58941
1308	12.98378	77.58937
1309	12.98371	77.58935
1310	12.98365	77.58932
1311	12.98359	77.58929
1312	12.98354	77.58930
1313	12.98346	77.58933
1314	12.98339	77.58935
1315	12.98331	77.58936
1316	12.98325	77.58937
1317	12.98319	77.58937
1318	12.98311	77.58932
1319	12.98304	77.58926
1320	12.98298	77.58921
1321	12.98293	77.58917
1322	12.98287	77.58914
1323	12.98281	77.58910
1324	12.98275	77.58907
1325	12.98267	77.58904
1326	12.98262	77.58900
1327	12.98256	77.58896
1328	12.98250	77.58893
1329	12.98244	77.58890
1330	12.98237	77.58888
1331	12.98231	77.58885
1332	12.98224	77.58883
1333	12.98218	77.58881
1334	12.98212	77.58878
1335	12.98205	77.58875
1336	12.98198	77.58872
1337	12.98192	77.58869
1338	12.98185	77.58866
1339	12.98179	77.58863
1340	12.98172	77.58859
1341	12.98166	77.58855
1342	12.98160	77.58853
1343	12.98154	77.58850
1344	12.98148	77.58847
1345	12.98142	77.58844
1346	12.98135	77.58840
1347	12.98129	77.58837
1348	12.98123	77.58833
1349	12.98117	77.58830
1350	12.98111	77.58826
1351	12.98105	77.58822
1352	12.98100	77.58818
1353	12.98094	77.58815
1354	12.98087	77.58812
1355	12.98081	77.58809
1356	12.98076	77.58806
1357	12.98071	77.58804
1358	12.98065	77.58802
1359	12.98059	77.58799
1360	12.98052	77.58794
1361	12.98045	77.58790
1362	12.98037	77.58785
1363	12.98031	77.58780
1364	12.98022	77.58775
1365	12.98014	77.58769
1366	12.98009	77.58765
1367	12.98001	77.58760
1368	12.97995	77.58756
1369	12.97990	77.58753
1370	12.97983	77.58749
1371	12.97976	77.58745
1372	12.97970	77.58741
1373	12.97964	77.58738
1374	12.97957	77.58734
1375	12.97950	77.58731
1376	12.97944	77.58726
1377	12.97939	77.58722
1378	12.97931	77.58717
1379	12.97926	77.58713
1380	12.97921	77.58709
1381	12.97914	77.58705
1382	12.97908	77.58700
1383	12.97902	77.58696
1384	12.97894	77.58691
1385	12.97888	77.58686
1386	12.97882	77.58683
1387	12.97877	77.58679
1388	12.97870	77.58675
1389	12.97863	77.58672
1390	12.97856	77.58667
1391	12.97850	77.58663
1392	12.97842	77.58658
1393	12.97835	77.58653
1394	12.97829	77.58648
1395	12.97822	77.58643
1396	12.97815	77.58639
1397	12.97806	77.58635
1398	12.97800	77.58631
1399	12.97794	77.58628
1400	12.97788	77.58624
1401	12.97779	77.58619
1402	12.97773	77.58615
1403	12.97768	77.58613
1404	12.97761	77.58609
1405	12.97755	77.58607
1406	12.97749	77.58603
1407	12.97742	77.58600
1408	12.97734	77.58595
1409	12.97729	77.58592
1410	12.97723	77.58589
1411	12.97718	77.58587
1412	12.97711	77.58583
1413	12.97705	77.58580
1414	12.97700	77.58578
1415	12.97694	77.58573
1416	12.97688	77.58571
1417	12.97680	77.58566
1418	12.97674	77.58564
1419	12.97667	77.58560
1420	12.97661	77.58557
1421	12.97655	77.58554
1422	12.97648	77.58550
1423	12.97642	77.58547
1424	12.97635	77.58543
1425	12.97628	77.58540
1426	12.97620	77.58536
1427	12.97614	77.58533
1428	12.97609	77.58529
1429	12.97603	77.58527
1430	12.97598	77.58523
1431	12.97592	77.58520
1432	12.97587	77.58516
1433	12.97580	77.58512
1434	12.97574	77.58506
1435	12.97568	77.58502
1436	12.97560	77.58498
1437	12.97554	77.58494
1438	12.97547	77.58488
1439	12.97539	77.58480
1440	12.97532	77.58475
1441	12.97527	77.58469
1442	12.97521	77.58464
1443	12.97516	77.58460
1444	12.97508	77.58454
1445	12.97501	77.58449
1446	12.97496	77.58445
1447	12.97490	77.58440
1448	12.97483	77.58435
1449	12.97476	77.58430
1450	12.97469	77.58424
1451	12.97463	77.58419
1452	12.97457	77.58413
1453	12.97450	77.58410
1454	12.97445	77.58406
1455	12.97439	77.58402
1456	12.97432	77.58398
1457	12.97427	77.58394
1458	12.97421	77.58390
1459	12.97415	77.58385
1460	12.97409	77.58381
1461	12.97402	77.58376
1462	12.97397	77.58372
1463	12.97391	77.58367
1464	12.97385	77.58363
1465	12.97377	77.58357
1466	12.97371	77.58352
1467	12.97366	77.58349
1468	12.97359	77.58344
1469	12.97352	77.58340
1470	12.97345	77.58335
1471	12.97339	77.58332
1472	12.97332	77.58328
1473	12.97326	77.58324
1474	12.97319	77.58320
1475	12.97311	77.58315
1476	12.97304	77.58312
1477	12.97299	77.58309
1478	12.97292	77.58305
1479	12.97285	77.58301
1480	12.97279	77.58297
1481	12.97272	77.58291
1482	12.97266	77.58286
1483	12.97261	77.58282
1484	12.97255	77.58277
1485	12.97247	77.58272
1486	12.97242	77.58268
1487	12.97234	77.58261
1488	12.97228	77.58256
1489	12.97221	77.58250
1490	12.97215	77.58246
1491	12.97207	77.58240
1492	12.97202	77.58238
1493	12.97196	77.58233
1494	12.97188	77.58228
1495	12.97181	77.58224
1496	12.97176	77.58220
1497	12.97170	77.58216
1498	12.97165	77.58221
1499	12.97161	77.58229
1500	12.97158	77.58236
1501	12.97155	77.58243
1502	12.97151	77.58249
1503	12.97148	77.58255
1504	12.97143	77.58262
1505	12.97137	77.58269
1506	12.97134	77.58275
1507	12.97130	77.58282
1508	12.97127	77.58288
1509	12.97123	77.58296
1510	12.97119	77.58302
1511	12.97114	77.58310
1512	12.97110	77.58317
1513	12.97107	77.58323
1514	12.97103	77.58329
1515	12.97098	77.58335
1516	12.97092	77.58342
1517	12.97086	77.58350
1518	12.97081	77.58355
1519	12.97077	77.58360
1520	12.97073	77.58366
1521	12.97066	77.58372
1522	12.97062	77.58378
1523	12.97056	77.58384
1524	12.97049	77.58391
1525	12.97042	77.58400
1526	12.97037	77.58406
1527	12.97031	77.58413
1528	12.97027	77.58419
1529	12.97021	77.58426
1530	12.97015	77.58433
1531	12.97009	77.58440
1532	12.97003	77.58447
1533	12.96996	77.58453
1534	12.96989	77.58459
1535	12.96985	77.58464
1536	12.96978	77.58472
1537	12.96972	77.58479
1538	12.96967	77.58485
1539	12.96963	77.58490
1540	12.96956	77.58498
1541	12.96950	77.58505
1542	12.96946	77.58511
1543	12.96942	77.58516
1544	12.96936	77.58522
1545	12.96930	77.58529
1546	12.96924	77.58537
1547	12.96918	77.58543
1548	12.96914	77.58549
1549	12.96908	77.58556
1550	12.96902	77.58560
1551	12.96894	77.58559
1552	12.96886	77.58558
1553	12.96878	77.58557
1554	12.96872	77.58557
1555	12.96866	77.58557
1556	12.96861	77.58556
1557	12.96854	77.58556
1558	12.96846	77.58555
1559	12.96838	77.58552
1560	12.96833	77.58551
1561	12.96825	77.58550
1562	12.96817	77.58549
1563	12.96809	77.58548
1564	12.96803	77.58546
1565	12.96794	77.58544
1566	12.96787	77.58544
1567	12.96779	77.58543
1568	12.96774	77.58543
1569	12.96768	77.58543
1570	12.96762	77.58543
1571	12.96754	77.58542
1572	12.96746	77.58541
1573	12.96740	77.58541
1574	12.96733	77.58547
1575	12.96727	77.58552
1576	12.96723	77.58557
1577	12.96715	77.58564
1578	12.96710	77.58568
1579	12.96703	77.58574
1580	12.96698	77.58579
1581	12.96692	77.58584
1582	12.96684	77.58591
1583	12.96677	77.58596
1584	12.96670	77.58602
1585	12.96664	77.58607
1586	12.96658	77.58613
1587	12.96651	77.58620
1588	12.96644	77.58626
1589	12.96637	77.58633
1590	12.96634	77.58639
1591	12.96631	77.58645
1592	12.96628	77.58650
1593	12.96624	77.58658
1594	12.96618	77.58665
1595	12.96615	77.58671
1596	12.96612	77.58679
1597	12.96609	77.58687
1598	12.96607	77.58694
1599	12.96605	77.58699
1600	12.96604	77.58705
1601	12.96602	77.58711
1602	12.96600	77.58718
1603	12.96597	77.58723
1604	12.96595	77.58728
1605	12.96593	77.58734
1606	12.96592	77.58740
1607	12.96589	77.58746
1608	12.96586	77.58752
1609	12.96583	77.58758
1610	12.96580	77.58766
1611	12.96578	77.58771
1612	12.96575	77.58778
1613	12.96573	77.58786
1614	12.96571	77.58792
1615	12.96568	77.58798
1616	12.96566	77.58805
1617	12.96564	77.58810
1618	12.96561	77.58817
1619	12.96557	77.58823
1620	12.96555	77.58829
1621	12.96551	77.58837
1622	12.96548	77.58844
1623	12.96544	77.58849
1624	12.96538	77.58846
1625	12.96532	77.58843
1626	12.96526	77.58842
1627	12.96519	77.58839
1628	12.96513	77.58836
1629	12.96508	77.58831
1630	12.96502	77.58825
1631	12.96495	77.58819
1632	12.96489	77.58813
1633	12.96482	77.58805
1634	12.96477	77.58799
1635	12.96471	77.58793
1636	12.96466	77.58789
1637	12.96460	77.58786
1638	12.96454	77.58783
1639	12.96447	77.58779
1640	12.96441	77.58776
1641	12.96435	77.58775
1642	12.96428	77.58773
1643	12.96421	77.58773
