Rank	Latitude	Longitude
1	13.02565	77.58086
2	13.02571	77.58084
3	13.02577	77.58081
4	13.02583	77.58078
5	13.02589	77.58075
6	13.02594	77.58071
7	13.02601	77.58066
8	13.02607	77.58063
9	13.02613	77.58061
10	13.02619	77.58058
11	13.02625	77.58055
12	13.02630	77.58053
13	13.02636	77.58050
14	13.02643	77.58047
15	13.02649	77.58044
16	13.02655	77.58042
17	13.02662	77.58040
18	13.02667	77.58038
19	13.02673	77.58034
20	13.02678	77.58031
21	13.02684	77.58028
22	13.02690	77.58027
23	13.02696	77.58025
24	13.02701	77.58023
25	13.02707	77.58020
26	13.02713	77.58017
27	13.02719	77.58014
28	13.02725	77.58012
29	13.02731	77.58010
30	13.02736	77.58009
31	13.02741	77.58007
32	13.02748	77.58005
33	13.02754	77.58002
34	13.02759	77.57999
35	13.02765	77.57996
36	13.02771	77.57993
37	13.02776	77.57989
38	13.02783	77.57983
39	13.02791	77.57977
40	13.02798	77.57971
41	13.02806	77.57965
42	13.02811	77.57961
43	13.02818	77.57955
44	13.02826	77.57949
45	13.02832	77.57945
46	13.02837	77.57941
47	13.02844	77.57935
48	13.02849	77.57931
49	13.02853	77.57938
50	13.02853	77.57944
51	13.02853	77.57951
52	13.02852	77.57957
53	13.02850	77.57963
54	13.02848	77.57970
55	13.02847	77.57976
56	13.02846	77.57982
57	13.02846	77.57987
58	13.02845	77.57992
59	13.02845	77.57999
60	13.02844	77.58005
61	13.02843	77.58012
62	13.02838	77.58014
63	13.02832	77.58017
64	13.02826	77.58020
65	13.02827	77.58026
66	13.02827	77.58032
67	13.02827	77.58039
68	13.02828	77.58045
69	13.02829	77.58051
70	13.02830	77.58056
71	13.02830	77.58063
72	13.02830	77.58069
73	13.02830	77.58076
74	13.02831	77.58082
75	13.02831	77.58088
76	13.02831	77.58094
77	13.02831	77.58101
78	13.02832	77.58106
79	13.02833	77.58112
80	13.02833	77.58119
81	13.02833	77.58126
82	13.02833	77.58132
83	13.02833	77.58139
84	13.02833	77.58145
85	13.02833	77.58150
86	13.02833	77.58157
87	13.02833	77.58163
88	13.02826	77.58166
89	13.02820	77.58167
90	13.02813	77.58168
91	13.02808	77.58170
92	13.02807	77.58176
93	13.02807	77.58182
94	13.02807	77.58189
95	13.02807	77.58195
96	13.02807	77.58202
97	13.02812	77.58208
98	13.02817	77.58209
99	13.02823	77.58209
100	13.02830	77.58209
101	13.02837	77.58209
102	13.02842	77.58209
103	13.02848	77.58210
104	13.02854	77.58210
105	13.02861	77.58211
106	13.02868	77.58211
107	13.02874	77.58211
108	13.02881	77.58211
109	13.02887	77.58211
110	13.02893	77.58211
111	13.02899	77.58211
112	13.02905	77.58211
113	13.02910	77.58211
114	13.02916	77.58211
115	13.02923	77.58212
116	13.02929	77.58212
117	13.02936	77.58212
118	13.02943	77.58212
119	13.02949	77.58211
120	13.02955	77.58210
121	13.02961	77.58210
122	13.02967	77.58210
123	13.02973	77.58210
124	13.02980	77.58210
125	13.02987	77.58209
126	13.02994	77.58209
127	13.03000	77.58209
128	13.03006	77.58212
129	13.03007	77.58219
130	13.03008	77.58224
131	13.03015	77.58229
132	13.03021	77.58231
133	13.03028	77.58232
134	13.03034	77.58232
135	13.03041	77.58234
136	13.03050	77.58235
137	13.03055	77.58236
138	13.03061	77.58237
139	13.03067	77.58238
140	13.03073	77.58239
141	13.03078	77.58240
142	13.03083	77.58240
143	13.03090	77.58241
144	13.03096	77.58242
145	13.03103	77.58243
146	13.03109	77.58243
147	13.03116	77.58243
148	13.03123	77.58243
149	13.03130	77.58243
150	13.03136	77.58243
151	13.03143	77.58243
152	13.03149	77.58244
153	13.03156	77.58244
154	13.03163	77.58242
155	13.03168	77.58241
156	13.03174	77.58240
157	13.03179	77.58238
158	13.03185	77.58237
159	13.03190	77.58235
160	13.03195	77.58234
161	13.03204	77.58231
162	13.03211	77.58229
163	13.03217	77.58227
164	13.03223	77.58226
165	13.03231	77.58224
166	13.03237	77.58225
167	13.03242	77.58225
168	13.03247	77.58225
169	13.03254	77.58225
170	13.03259	77.58224
171	13.03265	77.58223
172	13.03271	77.58221
173	13.03276	77.58219
174	13.03284	77.58217
175	13.03289	77.58216
176	13.03295	77.58216
177	13.03301	77.58215
178	13.03307	77.58214
179	13.03313	77.58213
180	13.03320	77.58212
181	13.03326	77.58210
182	13.03333	77.58208
183	13.03338	77.58206
184	13.03344	77.58205
185	13.03352	77.58203
186	13.03359	77.58201
187	13.03365	77.58200
188	13.03372	77.58196
189	13.03373	77.58191
190	13.03373	77.58183
191	13.03373	77.58177
192	13.03374	77.58171
193	13.03377	77.58164
194	13.03382	77.58157
195	13.03385	77.58150
196	13.03386	77.58144
197	13.03388	77.58138
198	13.03388	77.58131
199	13.03388	77.58124
200	13.03387	77.58116
201	13.03387	77.58109
202	13.03387	77.58103
203	13.03388	77.58097
204	13.03394	77.58098
205	13.03399	77.58098
206	13.03407	77.58095
207	13.03412	77.58093
208	13.03419	77.58092
209	13.03426	77.58091
210	13.03432	77.58091
211	13.03438	77.58091
212	13.03445	77.58091
213	13.03446	77.58085
214	13.03447	77.58078
215	13.03447	77.58072
216	13.03447	77.58065
217	13.03446	77.58060
218	13.03445	77.58053
219	13.03445	77.58047
220	13.03444	77.58041
221	13.03443	77.58034
222	13.03443	77.58027
223	13.03442	77.58020
224	13.03442	77.58013
225	13.03449	77.58010
226	13.03456	77.58009
227	13.03463	77.58008
228	13.03468	77.58006
229	13.03474	77.58006
230	13.03480	77.58005
231	13.03486	77.58005
232	13.03493	77.58005
233	13.03499	77.58005
234	13.03506	77.58005
235	13.03513	77.58005
236	13.03519	77.58004
237	13.03526	77.58004
238	13.03531	77.58003
239	13.03538	77.58002
240	13.03544	77.58002
241	13.03549	77.58003
242	13.03551	77.58008
243	13.03551	77.58014
244	13.03551	77.58021
245	13.03551	77.58029
246	13.03550	77.58036
247	13.03549	77.58043
248	13.03548	77.58049
249	13.03547	77.58056
250	13.03547	77.58063
251	13.03546	77.58069
252	13.03545	77.58076
253	13.03545	77.58082
254	13.03544	77.58087
255	13.03543	77.58093
256	13.03542	77.58101
257	13.03541	77.58109
258	13.03540	77.58117
259	13.03539	77.58123
260	13.03538	77.58130
261	13.03538	77.58136
262	13.03537	77.58142
263	13.03536	77.58149
264	13.03535	77.58157
265	13.03534	77.58163
266	13.03535	77.58170
267	13.03535	77.58176
268	13.03535	77.58182
269	13.03536	77.58189
270	13.03536	77.58195
271	13.03536	77.58201
272	13.03537	77.58208
273	13.03537	77.58213
274	13.03538	77.58222
275	13.03538	77.58229
276	13.03538	77.58237
277	13.03538	77.58243
278	13.03538	77.58251
279	13.03538	77.58256
280	13.03538	77.58263
281	13.03538	77.58270
282	13.03538	77.58275
283	13.03538	77.58283
284	13.03538	77.58290
285	13.03539	77.58297
286	13.03540	77.58303
287	13.03540	77.58310
288	13.03540	77.58316
289	13.03546	77.58319
290	13.03552	77.58320
291	13.03558	77.58321
292	13.03565	77.58322
293	13.03571	77.58323
294	13.03578	77.58324
295	13.03584	77.58325
296	13.03589	77.58326
297	13.03597	77.58327
298	13.03604	77.58328
299	13.03611	77.58329
300	13.03617	77.58330
301	13.03623	77.58331
302	13.03630	77.58331
303	13.03637	77.58330
304	13.03642	77.58330
305	13.03648	77.58331
306	13.03653	77.58333
307	13.03660	77.58336
308	13.03665	77.58339
309	13.03671	77.58342
310	13.03677	77.58343
311	13.03683	77.58344
312	13.03690	77.58345
313	13.03698	77.58346
314	13.03704	77.58347
315	13.03710	77.58349
316	13.03718	77.58351
317	13.03724	77.58352
318	13.03732	77.58354
319	13.03738	77.58354
320	13.03743	77.58355
321	13.03752	77.58356
322	13.03758	77.58357
323	13.03765	77.58357
324	13.03772	77.58357
325	13.03779	77.58357
326	13.03788	77.58358
327	13.03794	77.58358
328	13.03801	77.58358
329	13.03808	77.58359
330	13.03813	77.58359
331	13.03819	77.58360
332	13.03826	77.58361
333	13.03832	77.58362
334	13.03838	77.58362
335	13.03843	77.58363
336	13.03851	77.58364
337	13.03857	77.58365
338	13.03862	77.58366
339	13.03869	77.58366
340	13.03875	77.58368
341	13.03882	77.58369
342	13.03888	77.58370
343	13.03894	77.58370
344	13.03901	77.58371
345	13.03908	77.58372
346	13.03913	77.58373
347	13.03920	77.58374
348	13.03926	77.58374
349	13.03933	77.58376
350	13.03941	77.58378
351	13.03948	77.58379
352	13.03954	77.58380
353	13.03960	77.58380
354	13.03966	77.58381
355	13.03973	77.58383
356	13.03980	77.58384
357	13.03986	77.58385
358	13.03992	77.58385
359	13.03998	77.58386
360	13.04005	77.58387
361	13.04013	77.58387
362	13.04020	77.58387
363	13.04027	77.58387
364	13.04034	77.58387
365	13.04039	77.58387
366	13.04044	77.58388
367	13.04051	77.58391
368	13.04057	77.58393
369	13.04063	77.58393
370	13.04068	77.58395
371	13.04074	77.58395
372	13.04081	77.58397
373	13.04088	77.58398
374	13.04094	77.58399
375	13.04100	77.58400
376	13.04105	77.58401
377	13.04111	77.58401
378	13.04116	77.58403
379	13.04123	77.58405
380	13.04128	77.58406
381	13.04136	77.58408
382	13.04143	77.58410
383	13.04149	77.58411
384	13.04156	77.58414
385	13.04162	77.58415
386	13.04167	77.58417
387	13.04172	77.58418
388	13.04178	77.58419
389	13.04185	77.58420
390	13.04191	77.58421
391	13.04197	77.58421
392	13.04205	77.58423
393	13.04210	77.58423
394	13.04216	77.58424
395	13.04222	77.58425
396	13.04229	77.58425
397	13.04237	77.58427
398	13.04243	77.58428
399	13.04250	77.58428
400	13.04257	77.58428
401	13.04263	77.58428
402	13.04269	77.58428
403	13.04277	77.58428
404	13.04283	77.58428
405	13.04289	77.58428
406	13.04296	77.58427
407	13.04302	77.58427
408	13.04308	77.58426
409	13.04314	77.58427
410	13.04310	77.58433
411	13.04304	77.58441
412	13.04298	77.58448
413	13.04291	77.58455
414	13.04284	77.58463
415	13.04280	77.58469
416	13.04276	77.58476
417	13.04271	77.58482
418	13.04267	77.58488
419	13.04263	77.58495
420	13.04260	77.58501
421	13.04258	77.58506
422	13.04257	77.58512
423	13.04254	77.58517
424	13.04249	77.58528
425	13.04246	77.58534
426	13.04243	77.58540
427	13.04240	77.58547
428	13.04236	77.58555
429	13.04233	77.58561
430	13.04231	77.58566
431	13.04228	77.58573
432	13.04225	77.58580
433	13.04222	77.58586
434	13.04220	77.58593
435	13.04218	77.58600
436	13.04217	77.58606
437	13.04214	77.58615
438	13.04211	77.58622
439	13.04209	77.58629
440	13.04206	77.58635
441	13.04204	77.58642
442	13.04202	77.58648
443	13.04200	77.58655
444	13.04199	77.58661
445	13.04197	77.58667
446	13.04194	77.58673
447	13.04192	77.58679
448	13.04191	77.58684
449	13.04189	77.58691
450	13.04187	77.58698
451	13.04184	77.58704
452	13.04181	77.58711
453	13.04177	77.58719
454	13.04174	77.58725
455	13.04171	77.58731
456	13.04168	77.58738
457	13.04166	77.58743
458	13.04162	77.58750
459	13.04159	77.58756
460	13.04157	77.58763
461	13.04154	77.58770
462	13.04151	77.58777
463	13.04149	77.58782
464	13.04147	77.58789
465	13.04145	77.58795
466	13.04143	77.58801
467	13.04141	77.58808
468	13.04140	77.58815
469	13.04139	77.58822
470	13.04138	77.58828
471	13.04137	77.58835
472	13.04136	77.58842
473	13.04135	77.58848
474	13.04133	77.58855
475	13.04131	77.58862
476	13.04131	77.58867
477	13.04129	77.58880
478	13.04128	77.58886
479	13.04128	77.58893
480	13.04127	77.58899
481	13.04126	77.58905
482	13.04126	77.58912
483	13.04126	77.58919
484	13.04126	77.58926
485	13.04125	77.58932
486	13.04125	77.58940
487	13.04124	77.58947
488	13.04124	77.58955
489	13.04124	77.58961
490	13.04124	77.58968
491	13.04124	77.58975
492	13.04124	77.58983
493	13.04126	77.58991
494	13.04126	77.58999
495	13.04127	77.59005
496	13.04128	77.59013
497	13.04129	77.59019
498	13.04131	77.59026
499	13.04133	77.59032
500	13.04135	77.59037
501	13.04136	77.59043
502	13.04138	77.59049
503	13.04138	77.59056
504	13.04139	77.59062
505	13.04140	77.59068
506	13.04142	77.59073
507	13.04145	77.59080
508	13.04147	77.59086
509	13.04150	77.59091
510	13.04153	77.59097
511	13.04157	77.59104
512	13.04159	77.59110
513	13.04161	77.59116
514	13.04163	77.59121
515	13.04164	77.59128
516	13.04165	77.59134
517	13.04166	77.59141
518	13.04167	77.59146
519	13.04168	77.59152
520	13.04170	77.59159
521	13.04164	77.59164
522	13.04158	77.59164
523	13.04152	77.59163
524	13.04146	77.59162
525	13.04138	77.59161
526	13.04133	77.59159
527	13.04127	77.59158
528	13.04120	77.59157
529	13.04115	77.59156
530	13.04110	77.59154
531	13.04105	77.59153
532	13.04098	77.59151
533	13.04092	77.59149
534	13.04085	77.59149
535	13.04077	77.59146
536	13.04070	77.59144
537	13.04065	77.59142
538	13.04059	77.59138
539	13.04052	77.59135
540	13.04048	77.59143
541	13.04045	77.59151
542	13.04041	77.59158
543	13.04038	77.59165
544	13.04035	77.59171
545	13.04032	77.59176
546	13.04029	77.59182
547	13.04027	77.59188
548	13.04024	77.59193
549	13.04023	77.59198
550	13.04020	77.59205
551	13.04018	77.59211
552	13.04016	77.59217
553	13.04015	77.59223
554	13.04013	77.59230
555	13.04010	77.59237
556	13.04009	77.59243
557	13.04007	77.59251
558	13.04005	77.59257
559	13.04003	77.59266
560	13.04001	77.59271
561	13.03999	77.59278
562	13.03997	77.59285
563	13.03996	77.59292
564	13.03995	77.59298
565	13.03993	77.59305
566	13.03993	77.59311
567	13.03991	77.59320
568	13.03989	77.59325
569	13.03989	77.59331
570	13.03988	77.59338
571	13.03987	77.59346
572	13.03985	77.59353
573	13.03985	77.59359
574	13.03984	77.59366
575	13.03983	77.59373
576	13.03981	77.59378
577	13.03981	77.59384
578	13.03981	77.59389
579	13.03980	77.59396
580	13.03980	77.59404
581	13.03979	77.59411
582	13.03979	77.59417
583	13.03979	77.59423
584	13.03978	77.59431
585	13.03977	77.59438
586	13.03976	77.59444
587	13.03975	77.59451
588	13.03975	77.59456
589	13.03975	77.59464
590	13.03975	77.59469
591	13.03975	77.59476
592	13.03975	77.59485
593	13.03975	77.59492
594	13.03976	77.59498
595	13.03976	77.59506
596	13.03977	77.59514
597	13.03979	77.59520
598	13.03981	77.59526
599	13.03983	77.59533
600	13.03985	77.59541
601	13.03987	77.59547
602	13.03987	77.59552
603	13.03988	77.59558
604	13.03989	77.59565
605	13.03990	77.59572
606	13.03990	77.59578
607	13.03991	77.59585
608	13.03992	77.59591
609	13.03992	77.59598
610	13.03993	77.59603
611	13.03993	77.59610
612	13.03993	77.59617
613	13.03993	77.59624
614	13.03993	77.59632
615	13.03992	77.59638
616	13.03992	77.59645
617	13.03993	77.59651
618	13.03993	77.59658
619	13.03994	77.59666
620	13.03995	77.59672
621	13.03996	77.59679
622	13.03996	77.59686
623	13.03996	77.59694
624	13.03996	77.59701
625	13.03997	77.59708
626	13.03997	77.59716
627	13.03998	77.59722
628	13.03998	77.59727
629	13.03998	77.59734
630	13.03998	77.59742
631	13.03999	77.59756
632	13.03999	77.59764
633	13.04000	77.59770
634	13.04000	77.59778
635	13.04001	77.59785
636	13.04001	77.59791
637	13.04001	77.59797
638	13.04001	77.59804
639	13.04001	77.59812
640	13.04001	77.59819
641	13.04001	77.59827
642	13.04001	77.59832
643	13.04001	77.59839
644	13.03994	77.59840
645	13.03988	77.59842
646	13.03982	77.59843
647	13.03973	77.59843
648	13.03965	77.59843
649	13.03957	77.59843
650	13.03950	77.59843
651	13.03944	77.59844
652	13.03938	77.59844
653	13.03932	77.59840
654	13.03928	77.59834
655	13.03927	77.59828
656	13.03928	77.59822
657	13.03929	77.59817
658	13.03933	77.59811
659	13.03934	77.59804
660	13.03934	77.59798
661	13.03928	77.59795
662	13.03922	77.59795
663	13.03916	77.59796
664	13.03910	77.59796
665	13.03902	77.59794
666	13.03896	77.59792
667	13.03888	77.59789
668	13.03880	77.59786
669	13.03875	77.59785
670	13.03869	77.59782
671	13.03863	77.59778
672	13.03858	77.59774
673	13.03850	77.59769
674	13.03844	77.59762
675	13.03838	77.59759
676	13.03832	77.59755
677	13.03827	77.59752
678	13.03819	77.59748
679	13.03812	77.59742
680	13.03807	77.59739
681	13.03800	77.59735
682	13.03794	77.59732
683	13.03792	77.59726
684	13.03793	77.59718
685	13.03793	77.59712
686	13.03794	77.59706
687	13.03795	77.59700
688	13.03797	77.59693
689	13.03799	77.59687
690	13.03803	77.59681
691	13.03806	77.59675
692	13.03809	77.59670
693	13.03812	77.59664
694	13.03814	77.59657
695	13.03815	77.59650
696	13.03818	77.59643
697	13.03819	77.59638
698	13.03822	77.59632
699	13.03823	77.59626
700	13.03825	77.59621
701	13.03826	77.59614
702	13.03828	77.59608
703	13.03830	77.59603
704	13.03831	77.59594
705	13.03831	77.59589
706	13.03833	77.59582
707	13.03835	77.59575
708	13.03836	77.59569
709	13.03838	77.59564
710	13.03840	77.59557
711	13.03841	77.59552
712	13.03843	77.59545
713	13.03845	77.59539
714	13.03848	77.59531
715	13.03849	77.59524
716	13.03850	77.59519
717	13.03852	77.59512
718	13.03853	77.59505
719	13.03854	77.59499
720	13.03856	77.59493
721	13.03858	77.59485
722	13.03860	77.59479
723	13.03860	77.59473
724	13.03862	77.59466
725	13.03864	77.59457
726	13.03865	77.59452
727	13.03868	77.59444
728	13.03869	77.59438
729	13.03870	77.59431
730	13.03872	77.59418
731	13.03873	77.59410
732	13.03873	77.59405
733	13.03875	77.59397
734	13.03876	77.59391
735	13.03878	77.59385
736	13.03879	77.59380
737	13.03880	77.59373
738	13.03882	77.59365
739	13.03884	77.59358
740	13.03884	77.59351
741	13.03885	77.59344
742	13.03885	77.59335
743	13.03885	77.59327
744	13.03889	77.59319
745	13.03891	77.59312
746	13.03894	77.59305
747	13.03896	77.59300
748	13.03899	77.59295
749	13.03902	77.59288
750	13.03905	77.59282
751	13.03907	77.59276
752	13.03911	77.59270
753	13.03914	77.59263
754	13.03913	77.59258
755	13.03910	77.59251
756	13.03909	77.59246
757	13.03905	77.59239
758	13.03901	77.59232
759	13.03894	77.59225
760	13.03889	77.59221
761	13.03882	77.59218
762	13.03875	77.59215
763	13.03870	77.59209
764	13.03868	77.59204
765	13.03867	77.59199
766	13.03868	77.59192
767	13.03869	77.59185
768	13.03869	77.59179
769	13.03870	77.59172
770	13.03870	77.59165
771	13.03872	77.59157
772	13.03874	77.59151
773	13.03876	77.59144
774	13.03878	77.59139
775	13.03879	77.59132
776	13.03880	77.59126
777	13.03881	77.59118
778	13.03882	77.59112
779	13.03883	77.59105
780	13.03883	77.59099
781	13.03885	77.59091
782	13.03888	77.59085
783	13.03890	77.59079
784	13.03893	77.59072
785	13.03887	77.59068
786	13.03880	77.59068
787	13.03874	77.59068
788	13.03867	77.59068
789	13.03862	77.59066
790	13.03856	77.59065
791	13.03851	77.59063
792	13.03843	77.59061
793	13.03838	77.59061
794	13.03832	77.59058
795	13.03825	77.59057
796	13.03818	77.59056
797	13.03813	77.59054
798	13.03806	77.59053
799	13.03799	77.59051
800	13.03794	77.59050
801	13.03787	77.59049
802	13.03781	77.59047
803	13.03775	77.59046
804	13.03770	77.59044
805	13.03763	77.59043
806	13.03757	77.59041
807	13.03750	77.59040
808	13.03742	77.59038
809	13.03735	77.59036
810	13.03728	77.59035
811	13.03721	77.59035
812	13.03714	77.59035
813	13.03708	77.59036
814	13.03700	77.59037
815	13.03693	77.59037
816	13.03687	77.59037
817	13.03682	77.59037
818	13.03673	77.59037
819	13.03666	77.59037
820	13.03657	77.59037
821	13.03650	77.59036
822	13.03643	77.59036
823	13.03634	77.59035
824	13.03627	77.59034
825	13.03619	77.59033
826	13.03612	77.59032
827	13.03606	77.59031
828	13.03598	77.59030
829	13.03592	77.59029
830	13.03585	77.59028
831	13.03580	77.59027
832	13.03573	77.59027
833	13.03567	77.59026
834	13.03560	77.59025
835	13.03553	77.59025
836	13.03546	77.59024
837	13.03539	77.59022
838	13.03533	77.59020
839	13.03526	77.59018
840	13.03518	77.59017
841	13.03510	77.59016
842	13.03501	77.59014
843	13.03495	77.59014
844	13.03488	77.59014
845	13.03480	77.59013
846	13.03473	77.59012
847	13.03465	77.59011
848	13.03457	77.59010
849	13.03449	77.59009
850	13.03441	77.59008
851	13.03435	77.59007
852	13.03430	77.59005
853	13.03424	77.59003
854	13.03417	77.59002
855	13.03411	77.59000
856	13.03406	77.58998
857	13.03399	77.58996
858	13.03392	77.58994
859	13.03384	77.58989
860	13.03378	77.58987
861	13.03371	77.58984
862	13.03366	77.58982
863	13.03357	77.58979
864	13.03352	77.58977
865	13.03346	77.58975
866	13.03340	77.58973
867	13.03333	77.58970
868	13.03328	77.58969
869	13.03319	77.58966
870	13.03311	77.58963
871	13.03305	77.58961
872	13.03299	77.58959
873	13.03293	77.58957
874	13.03286	77.58954
875	13.03280	77.58952
876	13.03273	77.58950
877	13.03268	77.58948
878	13.03262	77.58946
879	13.03257	77.58945
880	13.03249	77.58942
881	13.03242	77.58940
882	13.03237	77.58938
883	13.03231	77.58937
884	13.03224	77.58936
885	13.03216	77.58934
886	13.03210	77.58932
887	13.03205	77.58931
888	13.03198	77.58929
889	13.03190	77.58926
890	13.03185	77.58924
891	13.03178	77.58920
892	13.03171	77.58916
893	13.03163	77.58913
894	13.03155	77.58911
895	13.03148	77.58909
896	13.03141	77.58907
897	13.03136	77.58906
898	13.03128	77.58903
899	13.03123	77.58901
900	13.03117	77.58898
901	13.03110	77.58896
902	13.03105	77.58894
903	13.03099	77.58891
904	13.03094	77.58889
905	13.03088	77.58888
906	13.03081	77.58886
907	13.03075	77.58882
908	13.03067	77.58878
909	13.03059	77.58874
910	13.03054	77.58871
911	13.03047	77.58867
912	13.03042	77.58863
913	13.03037	77.58859
914	13.03029	77.58852
915	13.03024	77.58848
916	13.03017	77.58843
917	13.03012	77.58840
918	13.03006	77.58835
919	13.03000	77.58832
920	13.02993	77.58827
921	13.02987	77.58824
922	13.02981	77.58821
923	13.02975	77.58818
924	13.02968	77.58814
925	13.02963	77.58811
926	13.02958	77.58810
927	13.02951	77.58808
928	13.02945	77.58805
929	13.02939	77.58803
930	13.02933	77.58799
931	13.02927	77.58797
932	13.02922	77.58794
933	13.02916	77.58792
934	13.02909	77.58790
935	13.02903	77.58788
936	13.02898	77.58785
937	13.02893	77.58783
938	13.02886	77.58781
939	13.02881	77.58779
940	13.02875	77.58776
941	13.02868	77.58775
942	13.02862	77.58772
943	13.02855	77.58770
944	13.02850	77.58769
945	13.02843	77.58767
946	13.02836	77.58764
947	13.02830	77.58761
948	13.02824	77.58758
949	13.02818	77.58755
950	13.02811	77.58752
951	13.02804	77.58748
952	13.02797	77.58744
953	13.02792	77.58741
954	13.02785	77.58738
955	13.02779	77.58734
956	13.02771	77.58730
957	13.02763	77.58727
958	13.02757	77.58726
959	13.02752	77.58726
960	13.02746	77.58727
961	13.02739	77.58731
962	13.02733	77.58738
963	13.02726	77.58746
964	13.02722	77.58751
965	13.02718	77.58756
966	13.02714	77.58762
967	13.02713	77.58768
968	13.02713	77.58775
969	13.02714	77.58781
970	13.02714	77.58787
971	13.02715	77.58792
972	13.02716	77.58798
973	13.02719	77.58803
974	13.02719	77.58809
975	13.02720	77.58815
976	13.02720	77.58821
977	13.02720	77.58828
978	13.02722	77.58834
979	13.02723	77.58840
980	13.02725	77.58847
981	13.02727	77.58855
982	13.02727	77.58860
983	13.02729	77.58865
984	13.02730	77.58872
985	13.02730	77.58877
986	13.02730	77.58884
987	13.02730	77.58891
988	13.02730	77.58897
989	13.02731	77.58903
990	13.02732	77.58909
991	13.02732	77.58915
992	13.02733	77.58923
993	13.02734	77.58929
994	13.02738	77.58935
995	13.02744	77.58938
996	13.02752	77.58940
997	13.02757	77.58940
998	13.02765	77.58940
999	13.02772	77.58941
1000	13.02777	77.58943
1001	13.02783	77.58944
1002	13.02790	77.58945
1003	13.02796	77.58945
1004	13.02803	77.58945
1005	13.02809	77.58945
1006	13.02816	77.58946
1007	13.02822	77.58948
1008	13.02828	77.58949
1009	13.02834	77.58951
1010	13.02839	77.58953
1011	13.02842	77.58959
1012	13.02842	77.58965
1013	13.02842	77.58971
1014	13.02843	77.58977
1015	13.02843	77.58983
1016	13.02843	77.58990
1017	13.02842	77.58996
1018	13.02842	77.59003
1019	13.02841	77.59009
1020	13.02841	77.59016
1021	13.02840	77.59022
1022	13.02839	77.59027
1023	13.02838	77.59033
1024	13.02837	77.59040
1025	13.02836	77.59046
1026	13.02836	77.59053
1027	13.02835	77.59058
1028	13.02834	77.59065
1029	13.02834	77.59071
1030	13.02834	77.59077
1031	13.02834	77.59085
1032	13.02834	77.59093
1033	13.02833	77.59099
1034	13.02833	77.59106
1035	13.02832	77.59112
1036	13.02831	77.59119
1037	13.02831	77.59126
1038	13.02831	77.59131
1039	13.02831	77.59138
1040	13.02830	77.59146
1041	13.02829	77.59152
1042	13.02827	77.59161
1043	13.02827	77.59167
1044	13.02826	77.59172
1045	13.02826	77.59178
1046	13.02825	77.59184
1047	13.02824	77.59189
1048	13.02822	77.59195
1049	13.02816	77.59195
1050	13.02809	77.59195
1051	13.02804	77.59196
1052	13.02797	77.59197
1053	13.02792	77.59197
1054	13.02785	77.59197
1055	13.02782	77.59192
1056	13.02782	77.59184
1057	13.02782	77.59179
1058	13.02783	77.59173
1059	13.02783	77.59168
1060	13.02783	77.59161
1061	13.02784	77.59156
1062	13.02784	77.59150
1063	13.02776	77.59145
1064	13.02770	77.59139
1065	13.02764	77.59134
1066	13.02759	77.59127
1067	13.02755	77.59122
1068	13.02749	77.59114
1069	13.02744	77.59112
1070	13.02739	77.59115
1071	13.02733	77.59119
1072	13.02728	77.59123
1073	13.02722	77.59125
1074	13.02714	77.59130
1075	13.02708	77.59133
1076	13.02703	77.59136
1077	13.02697	77.59140
1078	13.02692	77.59142
1079	13.02685	77.59145
1080	13.02680	77.59149
1081	13.02673	77.59151
1082	13.02667	77.59154
1083	13.02660	77.59157
1084	13.02653	77.59159
1085	13.02647	77.59161
1086	13.02641	77.59165
1087	13.02635	77.59167
1088	13.02630	77.59169
1089	13.02630	77.59176
1090	13.02630	77.59182
1091	13.02634	77.59189
1092	13.02638	77.59195
1093	13.02640	77.59203
1094	13.02642	77.59208
1095	13.02644	77.59216
1096	13.02645	77.59224
1097	13.02649	77.59231
1098	13.02645	77.59239
1099	13.02643	77.59245
1100	13.02641	77.59251
1101	13.02639	77.59259
1102	13.02637	77.59266
1103	13.02635	77.59271
1104	13.02641	77.59276
1105	13.02648	77.59281
1106	13.02653	77.59283
1107	13.02659	77.59283
1108	13.02665	77.59283
1109	13.02671	77.59283
1110	13.02678	77.59282
1111	13.02684	77.59282
1112	13.02690	77.59282
1113	13.02698	77.59282
1114	13.02704	77.59282
1115	13.02710	77.59283
1116	13.02717	77.59286
1117	13.02724	77.59290
1118	13.02731	77.59293
1119	13.02737	77.59298
1120	13.02741	77.59304
1121	13.02742	77.59310
1122	13.02743	77.59315
1123	13.02743	77.59322
1124	13.02743	77.59328
1125	13.02743	77.59334
1126	13.02743	77.59342
1127	13.02743	77.59348
1128	13.02742	77.59355
1129	13.02740	77.59361
1130	13.02737	77.59367
1131	13.02735	77.59374
1132	13.02733	77.59381
1133	13.02732	77.59386
1134	13.02732	77.59393
1135	13.02731	77.59400
1136	13.02731	77.59407
1137	13.02730	77.59413
1138	13.02729	77.59418
1139	13.02728	77.59424
1140	13.02727	77.59431
1141	13.02726	77.59438
1142	13.02725	77.59444
1143	13.02724	77.59450
1144	13.02723	77.59456
1145	13.02723	77.59462
1146	13.02722	77.59468
1147	13.02722	77.59474
1148	13.02722	77.59481
1149	13.02722	77.59487
1150	13.02722	77.59494
1151	13.02722	77.59501
1152	13.02724	77.59509
1153	13.02725	77.59514
1154	13.02725	77.59520
1155	13.02725	77.59527
1156	13.02725	77.59534
1157	13.02725	77.59539
1158	13.02724	77.59546
1159	13.02723	77.59552
1160	13.02722	77.59557
1161	13.02720	77.59564
1162	13.02719	77.59570
1163	13.02717	77.59576
1164	13.02715	77.59582
1165	13.02713	77.59590
1166	13.02712	77.59597
1167	13.02710	77.59605
1168	13.02708	77.59610
1169	13.02706	77.59616
1170	13.02705	77.59622
1171	13.02704	77.59627
1172	13.02704	77.59633
1173	13.02703	77.59640
1174	13.02702	77.59645
1175	13.02696	77.59643
1176	13.02690	77.59643
1177	13.02684	77.59643
1178	13.02679	77.59642
1179	13.02674	77.59640
1180	13.02669	77.59639
1181	13.02663	77.59638
1182	13.02656	77.59638
1183	13.02651	77.59637
1184	13.02644	77.59637
1185	13.02636	77.59636
1186	13.02631	77.59635
1187	13.02623	77.59632
1188	13.02618	77.59631
1189	13.02612	77.59630
1190	13.02607	77.59628
1191	13.02601	77.59627
1192	13.02594	77.59626
1193	13.02588	77.59625
1194	13.02582	77.59624
1195	13.02575	77.59623
1196	13.02569	77.59622
1197	13.02563	77.59621
1198	13.02557	77.59621
1199	13.02550	77.59620
1200	13.02544	77.59620
1201	13.02539	77.59619
1202	13.02532	77.59619
1203	13.02526	77.59619
1204	13.02519	77.59618
1205	13.02514	77.59617
1206	13.02509	77.59616
1207	13.02502	77.59614
1208	13.02496	77.59613
1209	13.02488	77.59610
1210	13.02480	77.59608
1211	13.02474	77.59606
1212	13.02469	77.59606
1213	13.02463	77.59606
1214	13.02457	77.59604
1215	13.02451	77.59603
1216	13.02445	77.59602
1217	13.02440	77.59601
1218	13.02434	77.59600
1219	13.02427	77.59598
1220	13.02421	77.59596
1221	13.02415	77.59594
1222	13.02408	77.59592
1223	13.02403	77.59591
1224	13.02397	77.59591
1225	13.02390	77.59589
1226	13.02385	77.59588
1227	13.02379	77.59586
1228	13.02374	77.59585
1229	13.02367	77.59583
1230	13.02360	77.59583
1231	13.02353	77.59583
1232	13.02347	77.59581
1233	13.02341	77.59580
1234	13.02343	77.59574
1235	13.02345	77.59569
1236	13.02345	77.59563
1237	13.02346	77.59558
1238	13.02347	77.59551
1239	13.02347	77.59545
1240	13.02347	77.59539
1241	13.02346	77.59532
1242	13.02347	77.59526
1243	13.02347	77.59519
1244	13.02348	77.59513
1245	13.02349	77.59505
1246	13.02349	77.59499
1247	13.02349	77.59493
1248	13.02349	77.59488
1249	13.02348	77.59482
1250	13.02348	77.59476
1251	13.02348	77.59469
1252	13.02349	77.59464
1253	13.02349	77.59458
1254	13.02350	77.59452
1255	13.02352	77.59445
1256	13.02353	77.59439
1257	13.02353	77.59432
1258	13.02353	77.59426
1259	13.02353	77.59419
1260	13.02353	77.59413
1261	13.02353	77.59407
1262	13.02352	77.59401
1263	13.02354	77.59396
1264	13.02356	77.59389
1265	13.02358	77.59383
1266	13.02359	77.59377
1267	13.02360	77.59371
1268	13.02362	77.59366
1269	13.02364	77.59360
1270	13.02366	77.59354
1271	13.02368	77.59347
1272	13.02369	77.59341
1273	13.02371	77.59334
1274	13.02373	77.59329
1275	13.02373	77.59323
1276	13.02373	77.59316
1277	13.02367	77.59313
1278	13.02361	77.59312
1279	13.02356	77.59311
1280	13.02350	77.59311
1281	13.02345	77.59310
1282	13.02337	77.59309
1283	13.02331	77.59308
1284	13.02324	77.59308
1285	13.02319	77.59307
1286	13.02312	77.59306
1287	13.02305	77.59304
1288	13.02299	77.59302
1289	13.02291	77.59300
1290	13.02285	77.59298
1291	13.02278	77.59296
1292	13.02271	77.59294
1293	13.02265	77.59291
1294	13.02261	77.59286
1295	13.02260	77.59281
1296	13.02257	77.59274
1297	13.02253	77.59266
1298	13.02249	77.59258
1299	13.02246	77.59251
1300	13.02243	77.59246
1301	13.02236	77.59243
1302	13.02230	77.59244
1303	13.02225	77.59245
1304	13.02226	77.59237
1305	13.02227	77.59230
1306	13.02227	77.59223
1307	13.02228	77.59216
1308	13.02229	77.59209
1309	13.02229	77.59203
1310	13.02230	77.59196
1311	13.02231	77.59189
1312	13.02233	77.59183
1313	13.02235	77.59176
1314	13.02237	77.59170
1315	13.02240	77.59165
1316	13.02241	77.59158
1317	13.02235	77.59155
1318	13.02230	77.59154
1319	13.02224	77.59152
1320	13.02219	77.59151
1321	13.02213	77.59149
1322	13.02206	77.59146
1323	13.02201	77.59145
1324	13.02195	77.59143
1325	13.02190	77.59142
1326	13.02184	77.59142
1327	13.02178	77.59142
1328	13.02172	77.59142
1329	13.02165	77.59142
1330	13.02159	77.59142
1331	13.02153	77.59142
1332	13.02148	77.59144
1333	13.02142	77.59145
1334	13.02136	77.59147
1335	13.02129	77.59150
1336	13.02122	77.59153
1337	13.02121	77.59146
1338	13.02120	77.59140
1339	13.02119	77.59132
1340	13.02119	77.59126
1341	13.02117	77.59121
1342	13.02117	77.59114
1343	13.02115	77.59108
1344	13.02115	77.59102
1345	13.02115	77.59096
1346	13.02115	77.59091
1347	13.02114	77.59085
1348	13.02114	77.59078
1349	13.02113	77.59072
1350	13.02113	77.59066
1351	13.02112	77.59058
1352	13.02111	77.59052
1353	13.02118	77.59054
1354	13.02124	77.59055
1355	13.02130	77.59056
1356	13.02136	77.59056
1357	13.02141	77.59057
1358	13.02148	77.59058
1359	13.02154	77.59059
1360	13.02160	77.59060
1361	13.02165	77.59061
1362	13.02172	77.59064
1363	13.02180	77.59065
1364	13.02186	77.59063
1365	13.02186	77.59058
1366	13.02188	77.59051
1367	13.02189	77.59044
1368	13.02191	77.59037
1369	13.02193	77.59030
1370	13.02194	77.59024
1371	13.02194	77.59019
1372	13.02196	77.59012
1373	13.02198	77.59006
1374	13.02205	77.59007
1375	13.02210	77.59009
1376	13.02215	77.59003
1377	13.02219	77.58998
1378	13.02221	77.58992
1379	13.02224	77.58986
1380	13.02228	77.58978
1381	13.02232	77.58971
1382	13.02235	77.58966
1383	13.02239	77.58960
1384	13.02243	77.58952
1385	13.02246	77.58946
1386	13.02249	77.58939
1387	13.02251	77.58934
1388	13.02253	77.58928
1389	13.02256	77.58922
1390	13.02260	77.58916
1391	13.02253	77.58910
1392	13.02247	77.58909
1393	13.02240	77.58905
1394	13.02235	77.58902
1395	13.02230	77.58901
1396	13.02224	77.58899
1397	13.02219	77.58897
1398	13.02213	77.58893
1399	13.02208	77.58891
1400	13.02201	77.58888
1401	13.02194	77.58885
1402	13.02186	77.58881
1403	13.02181	77.58878
1404	13.02173	77.58875
1405	13.02166	77.58872
1406	13.02160	77.58868
1407	13.02153	77.58865
1408	13.02146	77.58861
1409	13.02141	77.58859
1410	13.02141	77.58851
1411	13.02141	77.58844
1412	13.02140	77.58837
1413	13.02140	77.58832
1414	13.02140	77.58827
1415	13.02140	77.58819
1416	13.02140	77.58812
1417	13.02134	77.58807
1418	13.02129	77.58805
1419	13.02122	77.58802
1420	13.02121	77.58795
1421	13.02122	77.58788
1422	13.02125	77.58780
1423	13.02126	77.58775
1424	13.02128	77.58769
1425	13.02129	77.58763
1426	13.02131	77.58756
1427	13.02132	77.58749
1428	13.02133	77.58743
1429	13.02134	77.58738
1430	13.02135	77.58732
1431	13.02136	77.58726
1432	13.02138	77.58720
1433	13.02139	77.58714
1434	13.02141	77.58709
1435	13.02142	77.58702
1436	13.02144	77.58695
1437	13.02145	77.58690
1438	13.02148	77.58684
1439	13.02150	77.58677
1440	13.02151	77.58672
1441	13.02153	77.58666
1442	13.02155	77.58659
1443	13.02157	77.58653
1444	13.02160	77.58647
1445	13.02162	77.58640
1446	13.02164	77.58633
1447	13.02170	77.58632
1448	13.02175	77.58629
1449	13.02177	77.58622
1450	13.02178	77.58616
1451	13.02179	77.58609
1452	13.02181	77.58603
1453	13.02183	77.58597
1454	13.02184	77.58591
1455	13.02187	77.58585
1456	13.02189	77.58579
1457	13.02191	77.58572
1458	13.02190	77.58566
1459	13.02184	77.58564
1460	13.02179	77.58564
1461	13.02173	77.58563
1462	13.02166	77.58561
1463	13.02168	77.58555
1464	13.02172	77.58550
1465	13.02177	77.58544
1466	13.02181	77.58537
1467	13.02185	77.58530
1468	13.02189	77.58523
1469	13.02195	77.58516
1470	13.02200	77.58509
1471	13.02206	77.58503
1472	13.02211	77.58496
1473	13.02217	77.58490
1474	13.02223	77.58484
1475	13.02229	77.58479
1476	13.02235	77.58472
1477	13.02240	77.58465
1478	13.02245	77.58460
1479	13.02252	77.58454
1480	13.02257	77.58448
1481	13.02262	77.58442
1482	13.02268	77.58435
1483	13.02273	77.58428
1484	13.02279	77.58422
1485	13.02283	77.58417
1486	13.02289	77.58412
1487	13.02295	77.58406
1488	13.02299	77.58401
1489	13.02304	77.58396
1490	13.02309	77.58390
1491	13.02314	77.58383
1492	13.02320	77.58376
1493	13.02325	77.58370
1494	13.02330	77.58364
1495	13.02335	77.58359
1496	13.02342	77.58352
1497	13.02347	77.58348
1498	13.02353	77.58342
1499	13.02358	77.58337
1500	13.02363	77.58330
1501	13.02366	77.58324
1502	13.02369	77.58317
1503	13.02372	77.58312
1504	13.02374	77.58306
1505	13.02377	77.58298
1506	13.02378	77.58293
1507	13.02380	77.58288
1508	13.02380	77.58282
1509	13.02381	77.58276
1510	13.02382	77.58268
1511	13.02384	77.58259
1512	13.02385	77.58253
1513	13.02386	77.58247
1514	13.02389	77.58241
1515	13.02391	77.58236
1516	13.02396	77.58229
1517	13.02401	77.58224
1518	13.02409	77.58221
1519	13.02414	77.58217
1520	13.02420	77.58215
1521	13.02425	77.58213
1522	13.02432	77.58209
1523	13.02438	77.58205
1524	13.02443	77.58199
1525	13.02450	77.58192
1526	13.02455	77.58186
1527	13.02460	77.58181
1528	13.02464	77.58175
1529	13.02469	77.58169
1530	13.02474	77.58163
1531	13.02479	77.58156
1532	13.02484	77.58150
1533	13.02490	77.58145
1534	13.02495	77.58141
1535	13.02502	77.58134
1536	13.02506	77.58129
1537	13.02515	77.58123
1538	13.02521	77.58119
1539	13.02526	77.58114
1540	13.02532	77.58109
1541	13.02537	77.58105
1542	13.02543	77.58101
1543	13.02549	77.58097
1544	13.02556	77.58093
