Rank	Latitude	Longitude
1	13.02126	77.62332
2	13.02132	77.62332
3	13.02141	77.62331
4	13.02146	77.62330
5	13.02152	77.62330
6	13.02158	77.62329
7	13.02164	77.62328
8	13.02172	77.62327
9	13.02180	77.62325
10	13.02185	77.62323
11	13.02192	77.62322
12	13.02198	77.62320
13	13.02204	77.62318
14	13.02210	77.62316
15	13.02216	77.62315
16	13.02222	77.62313
17	13.02230	77.62310
18	13.02237	77.62307
19	13.02242	77.62306
20	13.02249	77.62304
21	13.02254	77.62302
22	13.02259	77.62301
23	13.02264	77.62299
24	13.02270	77.62296
25	13.02276	77.62294
26	13.02281	77.62291
27	13.02289	77.62287
28	13.02297	77.62283
29	13.02302	77.62281
30	13.02309	77.62277
31	13.02316	77.62274
32	13.02324	77.62271
33	13.02330	77.62269
34	13.02337	77.62265
35	13.02342	77.62263
36	13.02348	77.62260
37	13.02354	77.62257
38	13.02359	77.62254
39	13.02364	77.62251
40	13.02371	77.62248
41	13.02379	77.62244
42	13.02385	77.62241
43	13.02392	77.62237
44	13.02401	77.62233
45	13.02406	77.62231
46	13.02411	77.62227
47	13.02419	77.62223
48	13.02426	77.62219
49	13.02432	77.62215
50	13.02439	77.62211
51	13.02445	77.62206
52	13.02453	77.62201
53	13.02460	77.62195
54	13.02467	77.62190
55	13.02473	77.62186
56	13.02480	77.62183
57	13.02486	77.62180
58	13.02493	77.62176
59	13.02500	77.62171
60	13.02506	77.62166
61	13.02514	77.62160
62	13.02520	77.62154
63	13.02527	77.62149
64	13.02533	77.62145
65	13.02539	77.62139
66	13.02544	77.62133
67	13.02548	77.62128
68	13.02554	77.62121
69	13.02558	77.62115
70	13.02561	77.62109
71	13.02566	77.62102
72	13.02570	77.62096
73	13.02573	77.62090
74	13.02577	77.62084
75	13.02581	77.62079
76	13.02586	77.62072
77	13.02590	77.62066
78	13.02593	77.62061
79	13.02598	77.62056
80	13.02602	77.62050
81	13.02606	77.62042
82	13.02610	77.62035
83	13.02613	77.62029
84	13.02616	77.62022
85	13.02619	77.62016
86	13.02621	77.62010
87	13.02624	77.62003
88	13.02632	77.62005
89	13.02638	77.62008
90	13.02644	77.62009
91	13.02650	77.62011
92	13.02655	77.62013
93	13.02660	77.62014
94	13.02666	77.62016
95	13.02671	77.62018
96	13.02676	77.62020
97	13.02683	77.62023
98	13.02690	77.62026
99	13.02696	77.62028
100	13.02701	77.62029
101	13.02707	77.62031
102	13.02713	77.62033
103	13.02718	77.62035
104	13.02724	77.62036
105	13.02731	77.62039
106	13.02736	77.62041
107	13.02741	77.62042
108	13.02746	77.62044
109	13.02753	77.62048
110	13.02760	77.62050
111	13.02768	77.62052
112	13.02773	77.62055
113	13.02780	77.62057
114	13.02787	77.62058
115	13.02792	77.62060
116	13.02798	77.62061
117	13.02804	77.62061
118	13.02810	77.62062
119	13.02816	77.62062
120	13.02822	77.62063
121	13.02827	77.62064
122	13.02834	77.62064
123	13.02840	77.62065
124	13.02846	77.62066
125	13.02853	77.62067
126	13.02859	77.62067
127	13.02865	77.62067
128	13.02872	77.62067
129	13.02878	77.62068
130	13.02885	77.62068
131	13.02891	77.62069
132	13.02897	77.62070
133	13.02903	77.62070
134	13.02910	77.62070
135	13.02916	77.62071
136	13.02922	77.62072
137	13.02929	77.62072
138	13.02935	77.62072
139	13.02943	77.62073
140	13.02949	77.62074
141	13.02955	77.62074
142	13.02960	77.62077
143	13.02965	77.62078
144	13.02971	77.62080
145	13.02977	77.62082
146	13.02983	77.62084
147	13.02989	77.62086
148	13.02994	77.62088
149	13.03001	77.62091
150	13.03008	77.62094
151	13.03016	77.62097
152	13.03021	77.62099
153	13.03027	77.62100
154	13.03033	77.62103
155	13.03039	77.62107
156	13.03045	77.62112
157	13.03052	77.62117
158	13.03059	77.62121
159	13.03066	77.62125
160	13.03071	77.62127
161	13.03077	77.62129
162	13.03082	77.62132
163	13.03089	77.62135
164	13.03096	77.62138
165	13.03102	77.62141
166	13.03108	77.62144
167	13.03114	77.62146
168	13.03120	77.62149
169	13.03127	77.62151
170	13.03133	77.62153
171	13.03139	77.62155
172	13.03145	77.62158
173	13.03150	77.62160
174	13.03157	77.62162
175	13.03162	77.62165
176	13.03170	77.62167
177	13.03175	77.62168
178	13.03183	77.62170
179	13.03189	77.62173
180	13.03196	77.62176
181	13.03201	77.62181
182	13.03209	77.62184
183	13.03214	77.62187
184	13.03221	77.62190
185	13.03228	77.62192
186	13.03235	77.62195
187	13.03242	77.62197
188	13.03247	77.62198
189	13.03255	77.62201
190	13.03263	77.62203
191	13.03270	77.62205
192	13.03276	77.62207
193	13.03285	77.62211
194	13.03292	77.62214
195	13.03297	77.62216
196	13.03303	77.62218
197	13.03309	77.62220
198	13.03314	77.62221
199	13.03320	77.62224
200	13.03327	77.62227
201	13.03333	77.62228
202	13.03338	77.62230
203	13.03345	77.62233
204	13.03352	77.62236
205	13.03357	77.62239
206	13.03365	77.62243
207	13.03371	77.62246
208	13.03377	77.62248
209	13.03384	77.62250
210	13.03390	77.62252
211	13.03395	77.62255
212	13.03401	77.62256
213	13.03406	77.62258
214	13.03412	77.62259
215	13.03418	77.62263
216	13.03425	77.62266
217	13.03430	77.62269
218	13.03436	77.62271
219	13.03442	77.62274
220	13.03447	77.62276
221	13.03453	77.62278
222	13.03458	77.62279
223	13.03463	77.62274
224	13.03465	77.62269
225	13.03468	77.62262
226	13.03469	77.62257
227	13.03471	77.62250
228	13.03472	77.62245
229	13.03474	77.62240
230	13.03475	77.62234
231	13.03477	77.62229
232	13.03479	77.62224
233	13.03481	77.62218
234	13.03482	77.62212
235	13.03483	77.62206
236	13.03478	77.62200
237	13.03479	77.62193
238	13.03480	77.62188
239	13.03482	77.62182
240	13.03483	77.62177
241	13.03485	77.62171
242	13.03487	77.62164
243	13.03488	77.62159
244	13.03492	77.62151
245	13.03493	77.62146
246	13.03495	77.62140
247	13.03497	77.62132
248	13.03499	77.62126
249	13.03502	77.62119
250	13.03504	77.62114
251	13.03506	77.62105
252	13.03509	77.62098
253	13.03512	77.62091
254	13.03513	77.62086
255	13.03520	77.62084
256	13.03527	77.62086
257	13.03532	77.62092
258	13.03538	77.62097
259	13.03543	77.62095
260	13.03547	77.62089
261	13.03550	77.62082
262	13.03545	77.62079
263	13.03537	77.62072
264	13.03532	77.62068
265	13.03527	77.62064
266	13.03522	77.62060
267	13.03516	77.62056
268	13.03511	77.62052
269	13.03505	77.62049
270	13.03499	77.62045
271	13.03493	77.62038
272	13.03488	77.62034
273	13.03482	77.62030
274	13.03477	77.62027
275	13.03472	77.62021
276	13.03466	77.62014
277	13.03462	77.62007
278	13.03459	77.62001
279	13.03455	77.61995
280	13.03451	77.61987
281	13.03449	77.61981
282	13.03449	77.61975
283	13.03449	77.61968
284	13.03450	77.61963
285	13.03453	77.61956
286	13.03455	77.61949
287	13.03457	77.61942
288	13.03463	77.61947
289	13.03469	77.61952
290	13.03475	77.61953
291	13.03481	77.61955
292	13.03486	77.61957
293	13.03493	77.61960
294	13.03498	77.61962
295	13.03506	77.61965
296	13.03511	77.61968
297	13.03517	77.61971
298	13.03525	77.61974
299	13.03530	77.61975
300	13.03538	77.61976
301	13.03544	77.61977
302	13.03550	77.61978
303	13.03556	77.61979
304	13.03562	77.61980
305	13.03569	77.61981
306	13.03575	77.61982
307	13.03582	77.61983
308	13.03589	77.61983
309	13.03597	77.61982
310	13.03605	77.61982
311	13.03610	77.61982
312	13.03615	77.61982
313	13.03623	77.61982
314	13.03630	77.61982
315	13.03635	77.61981
316	13.03641	77.61981
317	13.03647	77.61980
318	13.03654	77.61980
319	13.03660	77.61980
320	13.03667	77.61980
321	13.03674	77.61981
322	13.03680	77.61981
323	13.03687	77.61981
324	13.03694	77.61981
325	13.03701	77.61981
326	13.03708	77.61982
327	13.03715	77.61982
328	13.03721	77.61982
329	13.03728	77.61982
330	13.03735	77.61982
331	13.03742	77.61982
332	13.03748	77.61982
333	13.03755	77.61982
334	13.03761	77.61982
335	13.03767	77.61982
336	13.03767	77.61988
337	13.03766	77.61994
338	13.03766	77.62001
339	13.03765	77.62007
340	13.03764	77.62014
341	13.03763	77.62021
342	13.03762	77.62028
343	13.03762	77.62034
344	13.03761	77.62040
345	13.03760	77.62047
346	13.03760	77.62054
347	13.03759	77.62061
348	13.03759	77.62067
349	13.03759	77.62073
350	13.03758	77.62080
351	13.03757	77.62087
352	13.03756	77.62094
353	13.03755	77.62101
354	13.03755	77.62108
355	13.03761	77.62112
356	13.03769	77.62115
357	13.03775	77.62117
358	13.03780	77.62118
359	13.03785	77.62119
360	13.03791	77.62120
361	13.03797	77.62121
362	13.03803	77.62123
363	13.03811	77.62125
364	13.03817	77.62126
365	13.03822	77.62126
366	13.03829	77.62128
367	13.03836	77.62130
368	13.03841	77.62131
369	13.03848	77.62132
370	13.03853	77.62133
371	13.03859	77.62134
372	13.03865	77.62134
373	13.03872	77.62134
374	13.03875	77.62127
375	13.03876	77.62121
376	13.03876	77.62115
377	13.03876	77.62108
378	13.03877	77.62101
379	13.03877	77.62095
380	13.03878	77.62090
381	13.03879	77.62083
382	13.03880	77.62077
383	13.03880	77.62070
384	13.03881	77.62064
385	13.03887	77.62062
386	13.03893	77.62059
387	13.03899	77.62057
388	13.03905	77.62055
389	13.03912	77.62052
390	13.03914	77.62046
391	13.03914	77.62041
392	13.03915	77.62034
393	13.03916	77.62028
394	13.03916	77.62022
395	13.03916	77.62016
396	13.03917	77.62010
397	13.03918	77.62003
398	13.03918	77.61997
399	13.03925	77.61996
400	13.03931	77.61996
401	13.03937	77.61997
402	13.03945	77.61998
403	13.03951	77.62000
404	13.03958	77.62000
405	13.03964	77.62000
406	13.03970	77.62001
407	13.03976	77.62004
408	13.03981	77.62006
409	13.03987	77.62009
410	13.03994	77.62010
411	13.04002	77.62013
412	13.04007	77.62014
413	13.04013	77.62017
414	13.04016	77.62011
415	13.04020	77.62006
416	13.04024	77.62000
417	13.04027	77.61993
418	13.04032	77.61986
419	13.04036	77.61981
420	13.04040	77.61975
421	13.04044	77.61969
422	13.04047	77.61963
423	13.04050	77.61958
424	13.04053	77.61952
425	13.04059	77.61945
426	13.04062	77.61939
427	13.04066	77.61933
428	13.04069	77.61927
429	13.04072	77.61922
430	13.04075	77.61916
431	13.04079	77.61910
432	13.04083	77.61902
433	13.04086	77.61896
434	13.04089	77.61890
435	13.04091	77.61884
436	13.04093	77.61878
437	13.04094	77.61872
438	13.04096	77.61864
439	13.04097	77.61858
440	13.04095	77.61852
441	13.04094	77.61846
442	13.04093	77.61839
443	13.04092	77.61832
444	13.04092	77.61824
445	13.04092	77.61815
446	13.04092	77.61807
447	13.04092	77.61801
448	13.04092	77.61796
449	13.04093	77.61789
450	13.04093	77.61781
451	13.04093	77.61776
452	13.04093	77.61769
453	13.04093	77.61761
454	13.04093	77.61754
455	13.04093	77.61748
456	13.04093	77.61741
457	13.04093	77.61735
458	13.04094	77.61727
459	13.04094	77.61720
460	13.04095	77.61715
461	13.04096	77.61707
462	13.04096	77.61701
463	13.04097	77.61694
464	13.04098	77.61687
465	13.04098	77.61681
466	13.04100	77.61676
467	13.04101	77.61669
468	13.04103	77.61664
469	13.04105	77.61658
470	13.04106	77.61652
471	13.04107	77.61646
472	13.04108	77.61639
473	13.04109	77.61632
474	13.04111	77.61624
475	13.04113	77.61618
476	13.04114	77.61612
477	13.04117	77.61605
478	13.04118	77.61598
479	13.04120	77.61592
480	13.04122	77.61586
481	13.04124	77.61580
482	13.04126	77.61575
483	13.04127	77.61569
484	13.04129	77.61563
485	13.04131	77.61557
486	13.04133	77.61551
487	13.04136	77.61543
488	13.04139	77.61536
489	13.04142	77.61531
490	13.04144	77.61524
491	13.04146	77.61518
492	13.04148	77.61512
493	13.04149	77.61507
494	13.04152	77.61500
495	13.04154	77.61495
496	13.04158	77.61489
497	13.04162	77.61482
498	13.04164	77.61477
499	13.04168	77.61470
500	13.04171	77.61463
501	13.04174	77.61457
502	13.04176	77.61452
503	13.04179	77.61445
504	13.04181	77.61439
505	13.04182	77.61434
506	13.04186	77.61426
507	13.04188	77.61420
508	13.04191	77.61414
509	13.04193	77.61408
510	13.04195	77.61401
511	13.04198	77.61395
512	13.04201	77.61388
513	13.04204	77.61382
514	13.04207	77.61376
515	13.04209	77.61370
516	13.04212	77.61363
517	13.04214	77.61357
518	13.04216	77.61350
519	13.04218	77.61343
520	13.04220	77.61337
521	13.04221	77.61330
522	13.04223	77.61324
523	13.04226	77.61319
524	13.04228	77.61312
525	13.04230	77.61306
526	13.04231	77.61300
527	13.04233	77.61294
528	13.04234	77.61289
529	13.04236	77.61282
530	13.04238	77.61276
531	13.04239	77.61270
532	13.04241	77.61264
533	13.04243	77.61257
534	13.04245	77.61251
535	13.04248	77.61245
536	13.04250	77.61240
537	13.04252	77.61234
538	13.04254	77.61228
539	13.04255	77.61222
540	13.04255	77.61216
541	13.04254	77.61211
542	13.04254	77.61205
543	13.04254	77.61198
544	13.04247	77.61195
545	13.04241	77.61192
546	13.04235	77.61190
547	13.04229	77.61189
548	13.04223	77.61189
549	13.04216	77.61189
550	13.04210	77.61189
551	13.04204	77.61188
552	13.04198	77.61188
553	13.04191	77.61187
554	13.04185	77.61186
555	13.04178	77.61185
556	13.04172	77.61185
557	13.04165	77.61184
558	13.04160	77.61182
559	13.04154	77.61181
560	13.04147	77.61179
561	13.04142	77.61179
562	13.04135	77.61178
563	13.04130	77.61176
564	13.04123	77.61173
565	13.04118	77.61172
566	13.04113	77.61171
567	13.04107	77.61169
568	13.04102	77.61167
569	13.04096	77.61165
570	13.04091	77.61164
571	13.04083	77.61162
572	13.04077	77.61160
573	13.04070	77.61157
574	13.04063	77.61155
575	13.04057	77.61153
576	13.04050	77.61151
577	13.04044	77.61148
578	13.04036	77.61145
579	13.04031	77.61144
580	13.04025	77.61141
581	13.04018	77.61138
582	13.04012	77.61134
583	13.04006	77.61132
584	13.03999	77.61127
585	13.03993	77.61124
586	13.03987	77.61120
587	13.03980	77.61116
588	13.03974	77.61111
589	13.03968	77.61106
590	13.03962	77.61102
591	13.03955	77.61097
592	13.03950	77.61093
593	13.03943	77.61088
594	13.03936	77.61083
595	13.03930	77.61078
596	13.03925	77.61075
597	13.03918	77.61070
598	13.03911	77.61066
599	13.03906	77.61062
600	13.03899	77.61059
601	13.03893	77.61055
602	13.03886	77.61052
603	13.03879	77.61049
604	13.03873	77.61044
605	13.03867	77.61039
606	13.03861	77.61035
607	13.03853	77.61032
608	13.03847	77.61029
609	13.03840	77.61027
610	13.03833	77.61025
611	13.03828	77.61024
612	13.03821	77.61022
613	13.03815	77.61020
614	13.03808	77.61018
615	13.03801	77.61017
616	13.03794	77.61015
617	13.03787	77.61016
618	13.03780	77.61021
619	13.03774	77.61025
620	13.03767	77.61029
621	13.03760	77.61033
622	13.03752	77.61036
623	13.03746	77.61036
624	13.03740	77.61038
625	13.03734	77.61040
626	13.03729	77.61041
627	13.03724	77.61043
628	13.03718	77.61045
629	13.03713	77.61046
630	13.03707	77.61048
631	13.03700	77.61050
632	13.03693	77.61052
633	13.03687	77.61054
634	13.03679	77.61056
635	13.03674	77.61057
636	13.03668	77.61059
637	13.03663	77.61060
638	13.03657	77.61061
639	13.03652	77.61062
640	13.03644	77.61065
641	13.03638	77.61066
642	13.03632	77.61067
643	13.03626	77.61068
644	13.03621	77.61070
645	13.03613	77.61072
646	13.03607	77.61073
647	13.03602	77.61075
648	13.03596	77.61077
649	13.03591	77.61079
650	13.03584	77.61082
651	13.03577	77.61086
652	13.03571	77.61089
653	13.03566	77.61090
654	13.03560	77.61093
655	13.03553	77.61097
656	13.03545	77.61101
657	13.03536	77.61105
658	13.03528	77.61109
659	13.03522	77.61112
660	13.03515	77.61116
661	13.03508	77.61120
662	13.03502	77.61124
663	13.03496	77.61128
664	13.03490	77.61132
665	13.03482	77.61136
666	13.03476	77.61140
667	13.03470	77.61144
668	13.03464	77.61147
669	13.03459	77.61149
670	13.03452	77.61154
671	13.03446	77.61156
672	13.03439	77.61160
673	13.03433	77.61164
674	13.03427	77.61168
675	13.03422	77.61173
676	13.03416	77.61177
677	13.03409	77.61182
678	13.03401	77.61185
679	13.03395	77.61188
680	13.03390	77.61191
681	13.03383	77.61194
682	13.03375	77.61199
683	13.03369	77.61204
684	13.03362	77.61207
685	13.03356	77.61210
686	13.03350	77.61215
687	13.03343	77.61219
688	13.03338	77.61222
689	13.03331	77.61226
690	13.03324	77.61229
691	13.03318	77.61233
692	13.03311	77.61237
693	13.03305	77.61241
694	13.03299	77.61245
695	13.03293	77.61251
696	13.03288	77.61257
697	13.03282	77.61263
698	13.03277	77.61268
699	13.03271	77.61273
700	13.03264	77.61278
701	13.03259	77.61281
702	13.03252	77.61285
703	13.03247	77.61288
704	13.03241	77.61293
705	13.03234	77.61298
706	13.03229	77.61302
707	13.03223	77.61308
708	13.03216	77.61314
709	13.03210	77.61319
710	13.03204	77.61324
711	13.03198	77.61329
712	13.03192	77.61334
713	13.03186	77.61339
714	13.03179	77.61343
715	13.03172	77.61346
716	13.03166	77.61350
717	13.03160	77.61355
718	13.03154	77.61360
719	13.03148	77.61366
720	13.03142	77.61373
721	13.03137	77.61379
722	13.03131	77.61385
723	13.03125	77.61392
724	13.03120	77.61398
725	13.03116	77.61404
726	13.03110	77.61409
727	13.03105	77.61414
728	13.03099	77.61419
729	13.03095	77.61425
730	13.03090	77.61432
731	13.03082	77.61438
732	13.03077	77.61442
733	13.03070	77.61447
734	13.03065	77.61451
735	13.03059	77.61456
736	13.03054	77.61459
737	13.03047	77.61464
738	13.03041	77.61469
739	13.03034	77.61474
740	13.03028	77.61479
741	13.03022	77.61483
742	13.03016	77.61486
743	13.03010	77.61492
744	13.03005	77.61497
745	13.02998	77.61501
746	13.02993	77.61507
747	13.02987	77.61514
748	13.02980	77.61518
749	13.02974	77.61522
750	13.02967	77.61526
751	13.02962	77.61531
752	13.02957	77.61536
753	13.02950	77.61542
754	13.02945	77.61546
755	13.02940	77.61550
756	13.02934	77.61553
757	13.02927	77.61557
758	13.02920	77.61559
759	13.02914	77.61564
760	13.02909	77.61570
761	13.02904	77.61575
762	13.02898	77.61579
763	13.02892	77.61578
764	13.02885	77.61575
765	13.02879	77.61575
766	13.02873	77.61575
767	13.02867	77.61575
768	13.02862	77.61576
769	13.02856	77.61578
770	13.02849	77.61582
771	13.02844	77.61584
772	13.02837	77.61590
773	13.02830	77.61594
774	13.02824	77.61599
775	13.02817	77.61605
776	13.02811	77.61609
777	13.02805	77.61611
778	13.02799	77.61611
779	13.02793	77.61610
780	13.02786	77.61610
781	13.02780	77.61606
782	13.02774	77.61602
783	13.02770	77.61596
784	13.02764	77.61591
785	13.02760	77.61585
786	13.02755	77.61579
787	13.02750	77.61573
788	13.02745	77.61567
789	13.02741	77.61562
790	13.02736	77.61557
791	13.02732	77.61550
792	13.02728	77.61544
793	13.02722	77.61541
794	13.02717	77.61535
795	13.02712	77.61529
796	13.02708	77.61523
797	13.02704	77.61516
798	13.02698	77.61508
799	13.02693	77.61501
800	13.02688	77.61493
801	13.02684	77.61486
802	13.02680	77.61479
803	13.02676	77.61473
804	13.02671	77.61468
805	13.02666	77.61462
806	13.02661	77.61455
807	13.02657	77.61448
808	13.02652	77.61441
809	13.02648	77.61435
810	13.02643	77.61429
811	13.02639	77.61424
812	13.02634	77.61418
813	13.02630	77.61412
814	13.02626	77.61406
815	13.02621	77.61399
816	13.02615	77.61392
817	13.02609	77.61387
818	13.02604	77.61382
819	13.02598	77.61377
820	13.02591	77.61371
821	13.02584	77.61366
822	13.02578	77.61361
823	13.02571	77.61357
824	13.02566	77.61353
825	13.02560	77.61350
826	13.02552	77.61346
827	13.02545	77.61344
828	13.02538	77.61340
829	13.02531	77.61337
830	13.02525	77.61333
831	13.02518	77.61330
832	13.02511	77.61326
833	13.02504	77.61322
834	13.02497	77.61318
835	13.02491	77.61315
836	13.02484	77.61312
837	13.02477	77.61309
838	13.02470	77.61307
839	13.02464	77.61305
840	13.02457	77.61303
841	13.02452	77.61301
842	13.02447	77.61299
843	13.02439	77.61296
844	13.02433	77.61295
845	13.02427	77.61291
846	13.02420	77.61288
847	13.02414	77.61284
848	13.02408	77.61281
849	13.02401	77.61278
850	13.02394	77.61274
851	13.02388	77.61271
852	13.02382	77.61269
853	13.02377	77.61266
854	13.02372	77.61264
855	13.02365	77.61261
856	13.02359	77.61260
857	13.02352	77.61260
858	13.02345	77.61260
859	13.02339	77.61262
860	13.02334	77.61263
861	13.02326	77.61265
862	13.02320	77.61266
863	13.02314	77.61267
864	13.02307	77.61268
865	13.02301	77.61269
866	13.02295	77.61270
867	13.02287	77.61270
868	13.02280	77.61270
869	13.02271	77.61270
870	13.02265	77.61270
871	13.02259	77.61271
872	13.02252	77.61272
873	13.02245	77.61274
874	13.02240	77.61274
875	13.02234	77.61274
876	13.02228	77.61274
877	13.02222	77.61274
878	13.02216	77.61274
879	13.02209	77.61274
880	13.02202	77.61274
881	13.02196	77.61274
882	13.02190	77.61275
883	13.02185	77.61275
884	13.02178	77.61276
885	13.02173	77.61277
886	13.02166	77.61277
887	13.02160	77.61277
888	13.02154	77.61277
889	13.02145	77.61278
890	13.02136	77.61279
891	13.02130	77.61279
892	13.02124	77.61279
893	13.02118	77.61280
894	13.02111	77.61282
895	13.02106	77.61283
896	13.02100	77.61283
897	13.02094	77.61284
898	13.02088	77.61284
899	13.02082	77.61284
900	13.02075	77.61286
901	13.02067	77.61286
902	13.02061	77.61287
903	13.02055	77.61287
904	13.02049	77.61289
905	13.02049	77.61294
906	13.02047	77.61300
907	13.02045	77.61307
908	13.02042	77.61313
909	13.02040	77.61320
910	13.02037	77.61325
911	13.02034	77.61331
912	13.02031	77.61338
913	13.02028	77.61344
914	13.02027	77.61350
915	13.02027	77.61355
916	13.02027	77.61362
917	13.02026	77.61367
918	13.02025	77.61374
919	13.02024	77.61380
920	13.02024	77.61387
921	13.02029	77.61389
922	13.02035	77.61391
923	13.02041	77.61395
924	13.02047	77.61399
925	13.02054	77.61403
926	13.02060	77.61408
927	13.02066	77.61412
928	13.02071	77.61418
929	13.02074	77.61423
930	13.02079	77.61429
931	13.02084	77.61436
932	13.02087	77.61444
933	13.02088	77.61449
934	13.02089	77.61456
935	13.02089	77.61462
936	13.02089	77.61469
937	13.02089	77.61475
938	13.02089	77.61482
939	13.02087	77.61488
940	13.02083	77.61495
941	13.02078	77.61501
942	13.02075	77.61506
943	13.02071	77.61513
944	13.02069	77.61519
945	13.02067	77.61527
946	13.02065	77.61534
947	13.02063	77.61541
948	13.02061	77.61547
949	13.02060	77.61553
950	13.02059	77.61559
951	13.02059	77.61565
952	13.02058	77.61572
953	13.02056	77.61578
954	13.02055	77.61585
955	13.02055	77.61591
956	13.02054	77.61598
957	13.02053	77.61604
958	13.02053	77.61611
959	13.02053	77.61617
960	13.02053	77.61624
961	13.02052	77.61630
962	13.02051	77.61637
963	13.02051	77.61643
964	13.02051	77.61648
965	13.02050	77.61655
966	13.02049	77.61662
967	13.02049	77.61669
968	13.02049	77.61675
969	13.02048	77.61682
970	13.02047	77.61687
971	13.02046	77.61693
972	13.02044	77.61699
973	13.02043	77.61704
974	13.02041	77.61711
975	13.02040	77.61717
976	13.02040	77.61723
977	13.02041	77.61729
978	13.02041	77.61735
979	13.02046	77.61742
980	13.02052	77.61746
981	13.02059	77.61750
982	13.02066	77.61754
983	13.02072	77.61758
984	13.02078	77.61762
985	13.02084	77.61765
986	13.02090	77.61769
987	13.02097	77.61773
988	13.02103	77.61777
989	13.02109	77.61780
990	13.02115	77.61785
991	13.02120	77.61791
992	13.02121	77.61798
993	13.02121	77.61804
994	13.02122	77.61811
995	13.02124	77.61817
996	13.02125	77.61823
997	13.02126	77.61829
998	13.02126	77.61835
999	13.02127	77.61842
1000	13.02127	77.61850
1001	13.02128	77.61855
1002	13.02129	77.61862
1003	13.02129	77.61868
1004	13.02129	77.61875
1005	13.02129	77.61882
1006	13.02129	77.61890
1007	13.02129	77.61898
1008	13.02129	77.61906
1009	13.02136	77.61910
1010	13.02142	77.61914
1011	13.02149	77.61916
1012	13.02156	77.61918
1013	13.02161	77.61920
1014	13.02167	77.61922
1015	13.02173	77.61923
1016	13.02180	77.61925
1017	13.02186	77.61926
1018	13.02191	77.61928
1019	13.02198	77.61930
1020	13.02205	77.61931
1021	13.02208	77.61937
1022	13.02207	77.61943
1023	13.02205	77.61950
1024	13.02203	77.61959
1025	13.02202	77.61966
1026	13.02201	77.61972
1027	13.02200	77.61979
1028	13.02198	77.61985
1029	13.02196	77.61992
1030	13.02195	77.61999
1031	13.02193	77.62006
1032	13.02193	77.62013
1033	13.02193	77.62019
1034	13.02192	77.62025
1035	13.02192	77.62032
1036	13.02191	77.62038
1037	13.02190	77.62044
1038	13.02189	77.62051
1039	13.02188	77.62058
1040	13.02188	77.62064
1041	13.02187	77.62070
1042	13.02185	77.62077
1043	13.02183	77.62082
1044	13.02181	77.62090
1045	13.02181	77.62095
1046	13.02179	77.62103
1047	13.02178	77.62108
1048	13.02177	77.62115
1049	13.02176	77.62122
1050	13.02174	77.62128
1051	13.02172	77.62135
1052	13.02172	77.62141
1053	13.02171	77.62146
1054	13.02170	77.62153
1055	13.02169	77.62161
1056	13.02168	77.62168
1057	13.02168	77.62173
1058	13.02167	77.62180
1059	13.02165	77.62186
1060	13.02163	77.62193
1061	13.02162	77.62199
1062	13.02161	77.62206
1063	13.02161	77.62213
1064	13.02160	77.62219
1065	13.02158	77.62225
1066	13.02157	77.62231
1067	13.02157	77.62237
1068	13.02155	77.62244
1069	13.02154	77.62250
1070	13.02151	77.62256
1071	13.02150	77.62263
1072	13.02149	77.62270
1073	13.02148	77.62276
1074	13.02146	77.62283
1075	13.02146	77.62291
1076	13.02144	77.62297
1077	13.02142	77.62303
1078	13.02140	77.62309
1079	13.02137	77.62316
1080	13.02132	77.62322
