Rank	Latitude	Longitude
1	13.01163	77.62721
2	13.01168	77.62724
3	13.01175	77.62727
4	13.01181	77.62730
5	13.01187	77.62733
6	13.01194	77.62737
7	13.01201	77.62741
8	13.01207	77.62744
9	13.01214	77.62748
10	13.01220	77.62752
11	13.01227	77.62755
12	13.01233	77.62759
13	13.01240	77.62762
14	13.01247	77.62767
15	13.01253	77.62770
16	13.01260	77.62775
17	13.01266	77.62779
18	13.01272	77.62784
19	13.01278	77.62790
20	13.01284	77.62794
21	13.01289	77.62802
22	13.01294	77.62807
23	13.01299	77.62813
24	13.01305	77.62816
25	13.01312	77.62820
26	13.01317	77.62824
27	13.01324	77.62830
28	13.01330	77.62834
29	13.01336	77.62839
30	13.01343	77.62844
31	13.01348	77.62847
32	13.01354	77.62850
33	13.01360	77.62855
34	13.01367	77.62858
35	13.01373	77.62862
36	13.01379	77.62863
37	13.01384	77.62865
38	13.01391	77.62867
39	13.01397	77.62868
40	13.01404	77.62870
41	13.01411	77.62873
42	13.01417	77.62874
43	13.01422	77.62875
44	13.01427	77.62877
45	13.01435	77.62878
46	13.01441	77.62879
47	13.01447	77.62879
48	13.01452	77.62881
49	13.01458	77.62883
50	13.01465	77.62885
51	13.01471	77.62887
52	13.01477	77.62888
53	13.01484	77.62889
54	13.01491	77.62889
55	13.01497	77.62890
56	13.01503	77.62891
57	13.01510	77.62893
58	13.01516	77.62893
59	13.01523	77.62894
60	13.01536	77.62896
61	13.01541	77.62899
62	13.01549	77.62900
63	13.01556	77.62901
64	13.01561	77.62902
65	13.01567	77.62903
66	13.01572	77.62904
67	13.01578	77.62905
68	13.01584	77.62906
69	13.01592	77.62907
70	13.01599	77.62908
71	13.01608	77.62910
72	13.01613	77.62911
73	13.01621	77.62914
74	13.01628	77.62915
75	13.01634	77.62916
76	13.01639	77.62917
77	13.01646	77.62918
78	13.01652	77.62919
79	13.01660	77.62920
80	13.01667	77.62922
81	13.01674	77.62923
82	13.01681	77.62924
83	13.01687	77.62925
84	13.01692	77.62926
85	13.01698	77.62927
86	13.01703	77.62928
87	13.01710	77.62929
88	13.01717	77.62929
89	13.01723	77.62929
90	13.01730	77.62929
91	13.01737	77.62930
92	13.01742	77.62932
93	13.01749	77.62933
94	13.01754	77.62935
95	13.01761	77.62938
96	13.01770	77.62940
97	13.01777	77.62941
98	13.01783	77.62943
99	13.01790	77.62945
100	13.01796	77.62946
101	13.01802	77.62947
102	13.01810	77.62948
103	13.01816	77.62948
104	13.01821	77.62950
105	13.01827	77.62951
106	13.01833	77.62952
107	13.01841	77.62954
108	13.01847	77.62954
109	13.01854	77.62954
110	13.01860	77.62954
111	13.01866	77.62955
112	13.01872	77.62956
113	13.01879	77.62958
114	13.01886	77.62960
115	13.01892	77.62962
116	13.01897	77.62962
117	13.01903	77.62963
118	13.01909	77.62964
119	13.01914	77.62965
120	13.01921	77.62966
121	13.01927	77.62966
122	13.01934	77.62966
123	13.01941	77.62968
124	13.01946	77.62969
125	13.01951	77.62971
126	13.01957	77.62972
127	13.01963	77.62974
128	13.01968	77.62977
129	13.01967	77.62984
130	13.01966	77.62989
131	13.01966	77.62996
132	13.01965	77.63003
133	13.01964	77.63010
134	13.01964	77.63016
135	13.01963	77.63023
136	13.01962	77.63028
137	13.01962	77.63034
138	13.01962	77.63040
139	13.01962	77.63047
140	13.01962	77.63054
141	13.01961	77.63060
142	13.01961	77.63068
143	13.01961	77.63073
144	13.01961	77.63079
145	13.01961	77.63086
146	13.01961	77.63092
147	13.01961	77.63098
148	13.01967	77.63099
149	13.01973	77.63098
150	13.01979	77.63097
151	13.01984	77.63097
152	13.01990	77.63097
153	13.01996	77.63097
154	13.02003	77.63097
155	13.02010	77.63096
156	13.02017	77.63096
157	13.02023	77.63096
158	13.02030	77.63096
159	13.02035	77.63097
160	13.02041	77.63098
161	13.02047	77.63099
162	13.02054	77.63100
163	13.02059	77.63101
164	13.02066	77.63102
165	13.02072	77.63107
166	13.02077	77.63112
167	13.02082	77.63118
168	13.02085	77.63125
169	13.02089	77.63132
170	13.02092	77.63139
171	13.02095	77.63146
172	13.02097	77.63152
173	13.02102	77.63159
174	13.02107	77.63165
175	13.02112	77.63171
176	13.02117	77.63178
177	13.02123	77.63182
178	13.02129	77.63186
179	13.02136	77.63190
180	13.02143	77.63194
181	13.02150	77.63198
182	13.02157	77.63202
183	13.02163	77.63205
184	13.02170	77.63209
185	13.02178	77.63212
186	13.02185	77.63217
187	13.02190	77.63219
188	13.02196	77.63220
189	13.02201	77.63221
190	13.02207	77.63222
191	13.02214	77.63222
192	13.02222	77.63222
193	13.02227	77.63223
194	13.02233	77.63224
195	13.02239	77.63225
196	13.02245	77.63226
197	13.02253	77.63228
198	13.02258	77.63229
199	13.02264	77.63230
200	13.02270	77.63232
201	13.02276	77.63234
202	13.02282	77.63235
203	13.02289	77.63237
204	13.02295	77.63238
205	13.02301	77.63240
206	13.02309	77.63240
207	13.02315	77.63241
208	13.02321	77.63242
209	13.02328	77.63243
210	13.02334	77.63244
211	13.02340	77.63245
212	13.02346	77.63246
213	13.02351	77.63248
214	13.02359	77.63250
215	13.02365	77.63252
216	13.02370	77.63253
217	13.02375	77.63255
218	13.02381	77.63256
219	13.02388	77.63261
220	13.02394	77.63263
221	13.02406	77.63269
222	13.02412	77.63271
223	13.02420	77.63275
224	13.02428	77.63278
225	13.02436	77.63279
226	13.02441	77.63282
227	13.02447	77.63283
228	13.02453	77.63285
229	13.02459	77.63287
230	13.02464	77.63289
231	13.02469	77.63291
232	13.02475	77.63292
233	13.02482	77.63294
234	13.02487	77.63297
235	13.02494	77.63300
236	13.02501	77.63304
237	13.02508	77.63307
238	13.02514	77.63310
239	13.02520	77.63314
240	13.02526	77.63317
241	13.02533	77.63320
242	13.02538	77.63323
243	13.02545	77.63327
244	13.02553	77.63330
245	13.02558	77.63333
246	13.02566	77.63337
247	13.02573	77.63342
248	13.02580	77.63345
249	13.02585	77.63348
250	13.02590	77.63350
251	13.02597	77.63355
252	13.02604	77.63359
253	13.02611	77.63363
254	13.02618	77.63367
255	13.02625	77.63371
256	13.02632	77.63375
257	13.02638	77.63379
258	13.02644	77.63384
259	13.02649	77.63388
260	13.02657	77.63393
261	13.02662	77.63397
262	13.02667	77.63402
263	13.02672	77.63406
264	13.02680	77.63412
265	13.02685	77.63417
266	13.02691	77.63422
267	13.02697	77.63427
268	13.02703	77.63433
269	13.02709	77.63437
270	13.02716	77.63442
271	13.02723	77.63448
272	13.02730	77.63456
273	13.02730	77.63464
274	13.02729	77.63471
275	13.02728	77.63477
276	13.02725	77.63485
277	13.02723	77.63490
278	13.02721	77.63497
279	13.02720	77.63503
280	13.02718	77.63508
281	13.02717	77.63516
282	13.02714	77.63523
283	13.02712	77.63529
284	13.02711	77.63535
285	13.02709	77.63540
286	13.02708	77.63545
287	13.02705	77.63553
288	13.02703	77.63558
289	13.02701	77.63566
290	13.02700	77.63571
291	13.02698	77.63578
292	13.02697	77.63584
293	13.02695	77.63589
294	13.02694	77.63595
295	13.02693	77.63601
296	13.02690	77.63609
297	13.02687	77.63616
298	13.02683	77.63623
299	13.02679	77.63637
300	13.02678	77.63643
301	13.02676	77.63648
302	13.02674	77.63654
303	13.02671	77.63660
304	13.02668	77.63667
305	13.02664	77.63674
306	13.02659	77.63681
307	13.02655	77.63688
308	13.02651	77.63695
309	13.02650	77.63703
310	13.02649	77.63709
311	13.02648	77.63716
312	13.02647	77.63722
313	13.02646	77.63728
314	13.02645	77.63734
315	13.02645	77.63740
316	13.02644	77.63746
317	13.02644	77.63751
318	13.02644	77.63757
319	13.02644	77.63764
320	13.02644	77.63769
321	13.02644	77.63776
322	13.02645	77.63783
323	13.02645	77.63788
324	13.02647	77.63794
325	13.02649	77.63802
326	13.02651	77.63808
327	13.02652	77.63814
328	13.02656	77.63820
329	13.02657	77.63826
330	13.02660	77.63832
331	13.02662	77.63838
332	13.02662	77.63844
333	13.02669	77.63849
334	13.02675	77.63851
335	13.02680	77.63852
336	13.02686	77.63853
337	13.02696	77.63854
338	13.02701	77.63856
339	13.02708	77.63857
340	13.02714	77.63858
341	13.02721	77.63860
342	13.02727	77.63862
343	13.02733	77.63864
344	13.02740	77.63866
345	13.02747	77.63868
346	13.02753	77.63870
347	13.02758	77.63872
348	13.02766	77.63874
349	13.02773	77.63876
350	13.02779	77.63878
351	13.02784	77.63880
352	13.02791	77.63881
353	13.02796	77.63883
354	13.02803	77.63884
355	13.02809	77.63886
356	13.02817	77.63887
357	13.02823	77.63888
358	13.02829	77.63889
359	13.02835	77.63889
360	13.02841	77.63891
361	13.02847	77.63893
362	13.02853	77.63895
363	13.02860	77.63897
364	13.02866	77.63899
365	13.02873	77.63901
366	13.02879	77.63905
367	13.02884	77.63909
368	13.02889	77.63913
369	13.02895	77.63917
370	13.02902	77.63924
371	13.02908	77.63931
372	13.02914	77.63938
373	13.02920	77.63946
374	13.02926	77.63954
375	13.02931	77.63960
376	13.02935	77.63965
377	13.02938	77.63971
378	13.02942	77.63977
379	13.02946	77.63983
380	13.02950	77.63989
381	13.02954	77.63994
382	13.02960	77.64000
383	13.02967	77.64007
384	13.02973	77.64014
385	13.02979	77.64019
386	13.02986	77.64025
387	13.02992	77.64032
388	13.02996	77.64037
389	13.03004	77.64044
390	13.03010	77.64047
391	13.03016	77.64051
392	13.03022	77.64054
393	13.03028	77.64057
394	13.03034	77.64059
395	13.03040	77.64063
396	13.03045	77.64066
397	13.03051	77.64069
398	13.03056	77.64073
399	13.03063	77.64075
400	13.03071	77.64077
401	13.03076	77.64078
402	13.03082	77.64080
403	13.03087	77.64081
404	13.03094	77.64084
405	13.03100	77.64087
406	13.03105	77.64089
407	13.03111	77.64093
408	13.03116	77.64094
409	13.03122	77.64097
410	13.03128	77.64101
411	13.03134	77.64106
412	13.03139	77.64110
413	13.03145	77.64114
414	13.03151	77.64117
415	13.03158	77.64122
416	13.03164	77.64125
417	13.03169	77.64128
418	13.03174	77.64131
419	13.03180	77.64135
420	13.03188	77.64141
421	13.03194	77.64148
422	13.03202	77.64154
423	13.03208	77.64161
424	13.03216	77.64168
425	13.03223	77.64174
426	13.03228	77.64177
427	13.03234	77.64180
428	13.03240	77.64184
429	13.03246	77.64187
430	13.03252	77.64188
431	13.03257	77.64191
432	13.03263	77.64194
433	13.03268	77.64197
434	13.03274	77.64201
435	13.03280	77.64203
436	13.03287	77.64208
437	13.03293	77.64213
438	13.03298	77.64220
439	13.03296	77.64225
440	13.03295	77.64231
441	13.03292	77.64238
442	13.03290	77.64243
443	13.03289	77.64249
444	13.03287	77.64254
445	13.03286	77.64260
446	13.03285	77.64265
447	13.03283	77.64271
448	13.03282	77.64278
449	13.03281	77.64285
450	13.03280	77.64290
451	13.03279	77.64297
452	13.03279	77.64304
453	13.03278	77.64310
454	13.03278	77.64316
455	13.03278	77.64323
456	13.03278	77.64330
457	13.03277	77.64337
458	13.03277	77.64344
459	13.03276	77.64351
460	13.03275	77.64357
461	13.03275	77.64363
462	13.03275	77.64371
463	13.03275	77.64378
464	13.03275	77.64385
465	13.03275	77.64393
466	13.03275	77.64398
467	13.03274	77.64405
468	13.03274	77.64412
469	13.03275	77.64420
470	13.03275	77.64426
471	13.03275	77.64433
472	13.03275	77.64440
473	13.03275	77.64445
474	13.03281	77.64446
475	13.03288	77.64442
476	13.03294	77.64440
477	13.03302	77.64439
478	13.03308	77.64438
479	13.03314	77.64437
480	13.03321	77.64436
481	13.03327	77.64435
482	13.03333	77.64435
483	13.03339	77.64434
484	13.03346	77.64434
485	13.03353	77.64433
486	13.03359	77.64433
487	13.03366	77.64433
488	13.03373	77.64434
489	13.03379	77.64435
490	13.03387	77.64434
491	13.03394	77.64432
492	13.03400	77.64430
493	13.03408	77.64429
494	13.03414	77.64429
495	13.03422	77.64430
496	13.03430	77.64431
497	13.03438	77.64431
498	13.03446	77.64431
499	13.03452	77.64434
500	13.03451	77.64439
501	13.03450	77.64445
502	13.03450	77.64452
503	13.03450	77.64459
504	13.03450	77.64465
505	13.03452	77.64471
506	13.03454	77.64478
507	13.03455	77.64484
508	13.03455	77.64491
509	13.03455	77.64497
510	13.03454	77.64504
511	13.03453	77.64509
512	13.03452	77.64515
513	13.03451	77.64521
514	13.03450	77.64527
515	13.03449	77.64533
516	13.03449	77.64539
517	13.03449	77.64545
518	13.03449	77.64551
519	13.03449	77.64558
520	13.03449	77.64565
521	13.03450	77.64573
522	13.03450	77.64579
523	13.03449	77.64586
524	13.03448	77.64592
525	13.03448	77.64598
526	13.03449	77.64604
527	13.03456	77.64604
528	13.03461	77.64601
529	13.03466	77.64598
530	13.03472	77.64590
531	13.03475	77.64584
532	13.03478	77.64578
533	13.03482	77.64572
534	13.03488	77.64564
535	13.03493	77.64559
536	13.03499	77.64552
537	13.03505	77.64549
538	13.03512	77.64547
539	13.03517	77.64544
540	13.03523	77.64542
541	13.03531	77.64540
542	13.03538	77.64537
543	13.03544	77.64536
544	13.03551	77.64535
545	13.03558	77.64534
546	13.03563	77.64534
547	13.03570	77.64533
548	13.03578	77.64532
549	13.03584	77.64531
550	13.03593	77.64530
551	13.03600	77.64529
552	13.03607	77.64529
553	13.03616	77.64529
554	13.03624	77.64528
555	13.03631	77.64528
556	13.03638	77.64527
557	13.03646	77.64525
558	13.03653	77.64522
559	13.03660	77.64520
560	13.03665	77.64519
561	13.03671	77.64517
562	13.03678	77.64515
563	13.03685	77.64513
564	13.03692	77.64511
565	13.03698	77.64507
566	13.03704	77.64504
567	13.03709	77.64501
568	13.03715	77.64499
569	13.03720	77.64498
570	13.03727	77.64495
571	13.03734	77.64492
572	13.03740	77.64489
573	13.03745	77.64488
574	13.03753	77.64488
575	13.03761	77.64488
576	13.03758	77.64480
577	13.03756	77.64475
578	13.03754	77.64469
579	13.03753	77.64463
580	13.03754	77.64456
581	13.03754	77.64450
582	13.03755	77.64443
583	13.03756	77.64437
584	13.03757	77.64430
585	13.03758	77.64424
586	13.03759	77.64417
587	13.03759	77.64410
588	13.03760	77.64405
589	13.03761	77.64398
590	13.03761	77.64392
591	13.03761	77.64386
592	13.03761	77.64380
593	13.03761	77.64374
594	13.03761	77.64367
595	13.03761	77.64361
596	13.03761	77.64354
597	13.03763	77.64348
598	13.03765	77.64342
599	13.03771	77.64334
600	13.03775	77.64329
601	13.03781	77.64322
602	13.03788	77.64315
603	13.03794	77.64308
604	13.03798	77.64302
605	13.03801	77.64297
606	13.03804	77.64291
607	13.03810	77.64284
608	13.03812	77.64278
609	13.03815	77.64272
610	13.03818	77.64265
611	13.03824	77.64263
612	13.03830	77.64263
613	13.03837	77.64263
614	13.03843	77.64263
615	13.03850	77.64263
616	13.03855	77.64263
617	13.03862	77.64263
618	13.03869	77.64264
619	13.03875	77.64265
620	13.03885	77.64265
621	13.03892	77.64265
622	13.03900	77.64265
623	13.03905	77.64266
624	13.03911	77.64268
625	13.03916	77.64268
626	13.03921	77.64269
627	13.03928	77.64270
628	13.03935	77.64270
629	13.03942	77.64271
630	13.03950	77.64273
631	13.03957	77.64274
632	13.03964	77.64276
633	13.03970	77.64277
634	13.03977	77.64278
635	13.03984	77.64280
636	13.03990	77.64282
637	13.03998	77.64284
638	13.04005	77.64286
639	13.04010	77.64287
640	13.04017	77.64290
641	13.04024	77.64292
642	13.04031	77.64294
643	13.04037	77.64295
644	13.04044	77.64297
645	13.04050	77.64297
646	13.04058	77.64297
647	13.04066	77.64297
648	13.04074	77.64298
649	13.04079	77.64294
650	13.04085	77.64290
651	13.04092	77.64283
652	13.04096	77.64277
653	13.04101	77.64271
654	13.04105	77.64265
655	13.04110	77.64260
656	13.04116	77.64253
657	13.04119	77.64247
658	13.04122	77.64241
659	13.04126	77.64235
660	13.04129	77.64229
661	13.04132	77.64224
662	13.04134	77.64218
663	13.04136	77.64210
664	13.04135	77.64205
665	13.04134	77.64199
666	13.04132	77.64194
667	13.04130	77.64188
668	13.04128	77.64183
669	13.04124	77.64177
670	13.04124	77.64170
671	13.04126	77.64165
672	13.04131	77.64158
673	13.04136	77.64151
674	13.04140	77.64144
675	13.04144	77.64138
676	13.04147	77.64132
677	13.04150	77.64125
678	13.04153	77.64119
679	13.04156	77.64110
680	13.04159	77.64104
681	13.04164	77.64096
682	13.04168	77.64088
683	13.04170	77.64082
684	13.04174	77.64076
685	13.04177	77.64070
686	13.04180	77.64063
687	13.04182	77.64057
688	13.04184	77.64051
689	13.04186	77.64045
690	13.04187	77.64040
691	13.04188	77.64032
692	13.04188	77.64024
693	13.04190	77.64016
694	13.04190	77.64009
695	13.04191	77.64002
696	13.04192	77.63994
697	13.04193	77.63988
698	13.04193	77.63982
699	13.04193	77.63975
700	13.04193	77.63969
701	13.04194	77.63962
702	13.04195	77.63955
703	13.04197	77.63950
704	13.04198	77.63944
705	13.04198	77.63937
706	13.04198	77.63931
707	13.04198	77.63924
708	13.04198	77.63915
709	13.04197	77.63908
710	13.04196	77.63903
711	13.04195	77.63897
712	13.04194	77.63891
713	13.04193	77.63886
714	13.04191	77.63879
715	13.04190	77.63874
716	13.04188	77.63868
717	13.04185	77.63862
718	13.04181	77.63856
719	13.04179	77.63850
720	13.04176	77.63843
721	13.04172	77.63836
722	13.04167	77.63829
723	13.04164	77.63822
724	13.04159	77.63815
725	13.04155	77.63808
726	13.04153	77.63802
727	13.04151	77.63797
728	13.04146	77.63791
729	13.04139	77.63787
730	13.04133	77.63782
731	13.04126	77.63778
732	13.04120	77.63777
733	13.04115	77.63775
734	13.04109	77.63774
735	13.04101	77.63773
736	13.04095	77.63773
737	13.04088	77.63773
738	13.04082	77.63773
739	13.04076	77.63773
740	13.04070	77.63774
741	13.04063	77.63774
742	13.04057	77.63774
743	13.04051	77.63774
744	13.04045	77.63775
745	13.04039	77.63776
746	13.04031	77.63778
747	13.04026	77.63779
748	13.04019	77.63779
749	13.04013	77.63779
750	13.04006	77.63779
751	13.04000	77.63779
752	13.03995	77.63778
753	13.03990	77.63776
754	13.03984	77.63774
755	13.03978	77.63770
756	13.03973	77.63764
757	13.03970	77.63757
758	13.03968	77.63751
759	13.03965	77.63743
760	13.03961	77.63738
761	13.03955	77.63733
762	13.03948	77.63728
763	13.03943	77.63721
764	13.03941	77.63716
765	13.03941	77.63709
766	13.03943	77.63703
767	13.03946	77.63697
768	13.03954	77.63690
769	13.03960	77.63687
770	13.03965	77.63684
771	13.03971	77.63682
772	13.03977	77.63679
773	13.03980	77.63673
774	13.03983	77.63668
775	13.03986	77.63662
776	13.03992	77.63657
777	13.03998	77.63651
778	13.04006	77.63644
779	13.04012	77.63639
780	13.04018	77.63635
781	13.04023	77.63631
782	13.04029	77.63627
783	13.04035	77.63623
784	13.04041	77.63616
785	13.04046	77.63609
786	13.04053	77.63601
787	13.04058	77.63594
788	13.04064	77.63587
789	13.04068	77.63581
790	13.04072	77.63575
791	13.04076	77.63570
792	13.04079	77.63564
793	13.04083	77.63558
794	13.04085	77.63551
795	13.04087	77.63545
796	13.04089	77.63538
797	13.04091	77.63533
798	13.04093	77.63526
799	13.04096	77.63519
800	13.04097	77.63511
801	13.04099	77.63504
802	13.04101	77.63498
803	13.04102	77.63491
804	13.04103	77.63486
805	13.04104	77.63479
806	13.04104	77.63472
807	13.04104	77.63465
808	13.04104	77.63459
809	13.04104	77.63453
810	13.04103	77.63446
811	13.04103	77.63440
812	13.04102	77.63434
813	13.04099	77.63427
814	13.04097	77.63420
815	13.04092	77.63417
816	13.04086	77.63417
817	13.04079	77.63417
818	13.04073	77.63417
819	13.04067	77.63417
820	13.04062	77.63417
821	13.04055	77.63417
822	13.04049	77.63417
823	13.04049	77.63409
824	13.04052	77.63403
825	13.04054	77.63395
826	13.04055	77.63390
827	13.04057	77.63384
828	13.04058	77.63379
829	13.04061	77.63373
830	13.04064	77.63367
831	13.04067	77.63359
832	13.04071	77.63353
833	13.04074	77.63347
834	13.04080	77.63340
835	13.04086	77.63332
836	13.04093	77.63326
837	13.04099	77.63321
838	13.04105	77.63316
839	13.04110	77.63312
840	13.04117	77.63306
841	13.04123	77.63302
842	13.04130	77.63297
843	13.04136	77.63293
844	13.04142	77.63291
845	13.04147	77.63288
846	13.04154	77.63284
847	13.04159	77.63283
848	13.04166	77.63279
849	13.04172	77.63276
850	13.04176	77.63270
851	13.04176	77.63264
852	13.04174	77.63257
853	13.04169	77.63251
854	13.04163	77.63244
855	13.04156	77.63240
856	13.04150	77.63236
857	13.04144	77.63230
858	13.04138	77.63225
859	13.04132	77.63218
860	13.04127	77.63213
861	13.04122	77.63205
862	13.04119	77.63199
863	13.04118	77.63194
864	13.04119	77.63188
865	13.04120	77.63182
866	13.04120	77.63175
867	13.04120	77.63168
868	13.04119	77.63162
869	13.04119	77.63156
870	13.04118	77.63151
871	13.04117	77.63146
872	13.04115	77.63140
873	13.04113	77.63134
874	13.04109	77.63129
875	13.04108	77.63123
876	13.04105	77.63117
877	13.04102	77.63111
878	13.04099	77.63106
879	13.04094	77.63099
880	13.04089	77.63094
881	13.04085	77.63087
882	13.04083	77.63082
883	13.04082	77.63076
884	13.04081	77.63069
885	13.04082	77.63063
886	13.04085	77.63057
887	13.04089	77.63051
888	13.04095	77.63045
889	13.04099	77.63040
890	13.04105	77.63033
891	13.04108	77.63027
892	13.04107	77.63021
893	13.04102	77.63014
894	13.04097	77.63007
895	13.04094	77.63001
896	13.04092	77.62996
897	13.04092	77.62989
898	13.04093	77.62983
899	13.04095	77.62977
900	13.04098	77.62972
901	13.04105	77.62967
902	13.04113	77.62965
903	13.04122	77.62964
904	13.04127	77.62964
905	13.04133	77.62963
906	13.04139	77.62961
907	13.04146	77.62958
908	13.04153	77.62954
909	13.04158	77.62951
910	13.04163	77.62948
911	13.04170	77.62945
912	13.04176	77.62941
913	13.04184	77.62938
914	13.04189	77.62936
915	13.04197	77.62935
916	13.04203	77.62936
917	13.04210	77.62939
918	13.04216	77.62942
919	13.04223	77.62950
920	13.04227	77.62956
921	13.04233	77.62961
922	13.04239	77.62966
923	13.04245	77.62969
924	13.04253	77.62968
925	13.04258	77.62965
926	13.04264	77.62961
927	13.04269	77.62957
928	13.04274	77.62954
929	13.04279	77.62948
930	13.04282	77.62943
931	13.04288	77.62936
932	13.04293	77.62931
933	13.04300	77.62925
934	13.04305	77.62920
935	13.04311	77.62916
936	13.04317	77.62913
937	13.04322	77.62911
938	13.04327	77.62908
939	13.04332	77.62906
940	13.04340	77.62904
941	13.04348	77.62900
942	13.04354	77.62896
943	13.04361	77.62893
944	13.04368	77.62891
945	13.04373	77.62889
946	13.04381	77.62883
947	13.04388	77.62876
948	13.04395	77.62872
949	13.04401	77.62867
950	13.04406	77.62864
951	13.04411	77.62860
952	13.04409	77.62854
953	13.04403	77.62849
954	13.04397	77.62842
955	13.04392	77.62836
956	13.04386	77.62831
957	13.04379	77.62825
958	13.04372	77.62818
959	13.04367	77.62811
960	13.04360	77.62805
961	13.04354	77.62801
962	13.04348	77.62795
963	13.04341	77.62789
964	13.04336	77.62785
965	13.04330	77.62780
966	13.04325	77.62776
967	13.04319	77.62771
968	13.04312	77.62765
969	13.04307	77.62761
970	13.04301	77.62757
971	13.04295	77.62751
972	13.04288	77.62745
973	13.04283	77.62741
974	13.04276	77.62734
975	13.04269	77.62729
976	13.04264	77.62724
977	13.04258	77.62719
978	13.04252	77.62715
979	13.04245	77.62711
980	13.04239	77.62706
981	13.04233	77.62702
982	13.04226	77.62698
983	13.04220	77.62695
984	13.04215	77.62692
985	13.04209	77.62689
986	13.04203	77.62686
987	13.04196	77.62682
988	13.04190	77.62677
989	13.04184	77.62674
990	13.04177	77.62669
991	13.04170	77.62664
992	13.04164	77.62660
993	13.04158	77.62654
994	13.04150	77.62650
995	13.04143	77.62647
996	13.04138	77.62645
997	13.04130	77.62642
998	13.04124	77.62639
999	13.04118	77.62636
1000	13.04112	77.62632
1001	13.04104	77.62629
1002	13.04099	77.62626
1003	13.04092	77.62622
1004	13.04086	77.62619
1005	13.04079	77.62616
1006	13.04074	77.62614
1007	13.04067	77.62612
1008	13.04062	77.62609
1009	13.04055	77.62606
1010	13.04049	77.62604
1011	13.04043	77.62601
1012	13.04037	77.62598
1013	13.04032	77.62596
1014	13.04025	77.62591
1015	13.04018	77.62588
1016	13.04011	77.62586
1017	13.04006	77.62585
1018	13.03998	77.62582
1019	13.03992	77.62580
1020	13.03985	77.62576
1021	13.03980	77.62574
1022	13.03974	77.62571
1023	13.03969	77.62568
1024	13.03963	77.62566
1025	13.03957	77.62565
1026	13.03951	77.62563
1027	13.03945	77.62561
1028	13.03940	77.62560
1029	13.03934	77.62559
1030	13.03928	77.62558
1031	13.03922	77.62557
1032	13.03915	77.62556
1033	13.03908	77.62553
1034	13.03902	77.62552
1035	13.03894	77.62550
1036	13.03889	77.62548
1037	13.03884	77.62546
1038	13.03878	77.62545
1039	13.03872	77.62542
1040	13.03866	77.62538
1041	13.03859	77.62535
1042	13.03852	77.62532
1043	13.03845	77.62528
1044	13.03839	77.62523
1045	13.03832	77.62519
1046	13.03826	77.62516
1047	13.03820	77.62512
1048	13.03813	77.62508
1049	13.03806	77.62504
1050	13.03799	77.62501
1051	13.03794	77.62499
1052	13.03786	77.62494
1053	13.03779	77.62490
1054	13.03771	77.62486
1055	13.03763	77.62483
1056	13.03758	77.62481
1057	13.03753	77.62480
1058	13.03747	77.62479
1059	13.03742	77.62478
1060	13.03737	77.62476
1061	13.03729	77.62474
1062	13.03723	77.62471
1063	13.03717	77.62468
1064	13.03712	77.62466
1065	13.03707	77.62463
1066	13.03700	77.62461
1067	13.03699	77.62455
1068	13.03699	77.62448
1069	13.03699	77.62441
1070	13.03699	77.62435
1071	13.03698	77.62428
1072	13.03697	77.62423
1073	13.03697	77.62417
1074	13.03697	77.62412
1075	13.03697	77.62405
1076	13.03697	77.62399
1077	13.03697	77.62392
1078	13.03697	77.62386
1079	13.03697	77.62380
1080	13.03697	77.62373
1081	13.03696	77.62367
1082	13.03702	77.62364
1083	13.03711	77.62363
1084	13.03716	77.62355
1085	13.03717	77.62348
1086	13.03717	77.62342
1087	13.03717	77.62336
1088	13.03717	77.62329
1089	13.03719	77.62323
1090	13.03719	77.62316
1091	13.03721	77.62310
1092	13.03723	77.62303
1093	13.03725	77.62297
1094	13.03732	77.62294
1095	13.03738	77.62294
1096	13.03744	77.62294
1097	13.03751	77.62295
1098	13.03757	77.62296
1099	13.03763	77.62296
1100	13.03769	77.62296
1101	13.03774	77.62298
1102	13.03780	77.62298
1103	13.03783	77.62290
1104	13.03785	77.62284
1105	13.03788	77.62277
1106	13.03788	77.62270
1107	13.03788	77.62264
1108	13.03783	77.62259
1109	13.03778	77.62258
1110	13.03772	77.62257
1111	13.03767	77.62255
1112	13.03760	77.62252
1113	13.03753	77.62249
1114	13.03747	77.62247
1115	13.03741	77.62245
1116	13.03735	77.62244
1117	13.03729	77.62244
1118	13.03722	77.62244
1119	13.03717	77.62244
1120	13.03711	77.62242
1121	13.03705	77.62242
1122	13.03700	77.62241
1123	13.03694	77.62240
1124	13.03685	77.62238
1125	13.03680	77.62237
1126	13.03674	77.62236
1127	13.03668	77.62235
1128	13.03661	77.62233
1129	13.03655	77.62231
1130	13.03649	77.62230
1131	13.03643	77.62229
1132	13.03638	77.62228
1133	13.03632	77.62226
1134	13.03627	77.62224
1135	13.03620	77.62221
1136	13.03616	77.62215
1137	13.03616	77.62208
1138	13.03617	77.62200
1139	13.03618	77.62195
1140	13.03618	77.62187
1141	13.03619	77.62180
1142	13.03620	77.62175
1143	13.03620	77.62168
1144	13.03621	77.62161
1145	13.03621	77.62154
1146	13.03622	77.62148
1147	13.03623	77.62141
1148	13.03623	77.62135
1149	13.03624	77.62127
1150	13.03626	77.62121
1151	13.03626	77.62115
1152	13.03626	77.62108
1153	13.03627	77.62102
1154	13.03628	77.62095
1155	13.03621	77.62093
1156	13.03615	77.62093
1157	13.03609	77.62093
1158	13.03602	77.62093
1159	13.03596	77.62093
1160	13.03589	77.62093
1161	13.03582	77.62093
1162	13.03575	77.62092
1163	13.03569	77.62092
1164	13.03562	77.62091
1165	13.03555	77.62091
1166	13.03547	77.62091
1167	13.03541	77.62091
1168	13.03534	77.62091
1169	13.03527	77.62090
1170	13.03520	77.62090
1171	13.03515	77.62090
1172	13.03508	77.62090
1173	13.03501	77.62091
1174	13.03496	77.62091
1175	13.03490	77.62093
1176	13.03483	77.62093
1177	13.03476	77.62093
1178	13.03470	77.62093
1179	13.03465	77.62093
1180	13.03458	77.62093
1181	13.03452	77.62093
1182	13.03447	77.62093
1183	13.03439	77.62093
1184	13.03433	77.62091
1185	13.03426	77.62090
1186	13.03420	77.62090
1187	13.03413	77.62089
1188	13.03407	77.62088
1189	13.03401	77.62087
1190	13.03395	77.62087
1191	13.03388	77.62085
1192	13.03383	77.62083
1193	13.03376	77.62080
1194	13.03369	77.62076
1195	13.03364	77.62074
1196	13.03357	77.62071
1197	13.03351	77.62069
1198	13.03344	77.62066
1199	13.03338	77.62064
1200	13.03333	77.62063
1201	13.03326	77.62059
1202	13.03319	77.62054
1203	13.03315	77.62060
1204	13.03314	77.62066
1205	13.03310	77.62073
1206	13.03309	77.62079
1207	13.03309	77.62085
1208	13.03309	77.62091
1209	13.03312	77.62098
1210	13.03316	77.62105
1211	13.03319	77.62111
1212	13.03323	77.62118
1213	13.03326	77.62124
1214	13.03330	77.62130
1215	13.03337	77.62137
1216	13.03343	77.62141
1217	13.03348	77.62144
1218	13.03354	77.62148
1219	13.03360	77.62155
1220	13.03366	77.62159
1221	13.03371	77.62162
1222	13.03377	77.62166
1223	13.03382	77.62171
1224	13.03387	77.62175
1225	13.03393	77.62179
1226	13.03398	77.62183
1227	13.03403	77.62187
1228	13.03410	77.62193
1229	13.03408	77.62200
1230	13.03404	77.62206
1231	13.03398	77.62207
1232	13.03393	77.62202
1233	13.03388	77.62196
1234	13.03383	77.62195
1235	13.03376	77.62192
1236	13.03373	77.62199
1237	13.03370	77.62206
1238	13.03368	77.62213
1239	13.03366	77.62219
1240	13.03363	77.62226
1241	13.03361	77.62232
1242	13.03359	77.62240
1243	13.03357	77.62247
1244	13.03355	77.62254
1245	13.03352	77.62262
1246	13.03349	77.62269
1247	13.03348	77.62274
1248	13.03346	77.62280
1249	13.03344	77.62287
1250	13.03342	77.62293
1251	13.03340	77.62299
1252	13.03339	77.62304
1253	13.03338	77.62311
1254	13.03344	77.62317
1255	13.03343	77.62322
1256	13.03341	77.62328
1257	13.03340	77.62334
1258	13.03338	77.62339
1259	13.03336	77.62345
1260	13.03334	77.62350
1261	13.03333	77.62355
1262	13.03331	77.62361
1263	13.03330	77.62367
1264	13.03328	77.62373
1265	13.03325	77.62379
1266	13.03324	77.62384
1267	13.03322	77.62390
1268	13.03316	77.62389
1269	13.03310	77.62387
1270	13.03305	77.62385
1271	13.03300	77.62383
1272	13.03295	77.62381
1273	13.03288	77.62378
1274	13.03281	77.62374
1275	13.03274	77.62371
1276	13.03267	77.62368
1277	13.03262	77.62367
1278	13.03256	77.62365
1279	13.03250	77.62363
1280	13.03245	77.62361
1281	13.03239	77.62360
1282	13.03234	77.62358
1283	13.03228	77.62355
1284	13.03222	77.62352
1285	13.03215	77.62348
1286	13.03209	77.62345
1287	13.03203	77.62342
1288	13.03196	77.62339
1289	13.03191	77.62338
1290	13.03185	77.62336
1291	13.03177	77.62333
1292	13.03172	77.62331
1293	13.03166	77.62330
1294	13.03160	77.62328
1295	13.03154	77.62325
1296	13.03147	77.62323
1297	13.03142	77.62320
1298	13.03134	77.62317
1299	13.03128	77.62315
1300	13.03120	77.62313
1301	13.03112	77.62310
1302	13.03105	77.62308
1303	13.03097	77.62306
1304	13.03090	77.62304
1305	13.03084	77.62302
1306	13.03078	77.62300
1307	13.03072	77.62296
1308	13.03066	77.62294
1309	13.03060	77.62290
1310	13.03054	77.62285
1311	13.03046	77.62281
1312	13.03041	77.62280
1313	13.03033	77.62278
1314	13.03027	77.62276
1315	13.03020	77.62273
1316	13.03014	77.62271
1317	13.03008	77.62269
1318	13.03002	77.62266
1319	13.02996	77.62265
1320	13.02991	77.62263
1321	13.02984	77.62260
1322	13.02979	77.62258
1323	13.02972	77.62256
1324	13.02965	77.62253
1325	13.02959	77.62250
1326	13.02953	77.62247
1327	13.02947	77.62244
1328	13.02940	77.62241
1329	13.02934	77.62238
1330	13.02929	77.62236
1331	13.02922	77.62233
1332	13.02916	77.62230
1333	13.02910	77.62226
1334	13.02904	77.62221
1335	13.02898	77.62216
1336	13.02891	77.62212
1337	13.02884	77.62210
1338	13.02879	77.62208
1339	13.02873	77.62206
1340	13.02867	77.62203
1341	13.02859	77.62201
1342	13.02852	77.62198
1343	13.02846	77.62196
1344	13.02840	77.62193
1345	13.02834	77.62191
1346	13.02829	77.62190
1347	13.02823	77.62188
1348	13.02818	77.62186
1349	13.02812	77.62184
1350	13.02807	77.62184
1351	13.02800	77.62183
1352	13.02792	77.62183
1353	13.02787	77.62183
1354	13.02779	77.62182
1355	13.02773	77.62181
1356	13.02767	77.62181
1357	13.02760	77.62181
1358	13.02754	77.62180
1359	13.02748	77.62179
1360	13.02741	77.62179
1361	13.02735	77.62178
1362	13.02729	77.62177
1363	13.02722	77.62177
1364	13.02716	77.62177
1365	13.02710	77.62177
1366	13.02703	77.62176
1367	13.02698	77.62175
1368	13.02692	77.62174
1369	13.02685	77.62174
1370	13.02679	77.62173
1371	13.02673	77.62173
1372	13.02667	77.62172
1373	13.02661	77.62171
1374	13.02656	77.62171
1375	13.02650	77.62169
1376	13.02644	77.62168
1377	13.02638	77.62167
1378	13.02630	77.62164
1379	13.02625	77.62162
1380	13.02618	77.62160
1381	13.02611	77.62157
1382	13.02604	77.62154
1383	13.02599	77.62152
1384	13.02594	77.62151
1385	13.02588	77.62148
1386	13.02581	77.62146
1387	13.02576	77.62145
1388	13.02570	77.62143
1389	13.02564	77.62141
1390	13.02556	77.62138
1391	13.02550	77.62137
1392	13.02545	77.62135
1393	13.02539	77.62132
1394	13.02531	77.62129
1395	13.02526	77.62127
1396	13.02520	77.62125
1397	13.02515	77.62123
1398	13.02510	77.62122
1399	13.02505	77.62120
1400	13.02498	77.62118
1401	13.02493	77.62116
1402	13.02487	77.62113
1403	13.02481	77.62120
1404	13.02479	77.62127
1405	13.02477	77.62133
1406	13.02473	77.62140
1407	13.02470	77.62146
1408	13.02466	77.62153
1409	13.02463	77.62160
1410	13.02458	77.62166
1411	13.02454	77.62171
1412	13.02450	77.62177
1413	13.02447	77.62182
1414	13.02441	77.62189
1415	13.02438	77.62194
1416	13.02433	77.62200
1417	13.02430	77.62206
1418	13.02426	77.62212
1419	13.02421	77.62220
1420	13.02418	77.62226
1421	13.02415	77.62232
1422	13.02408	77.62238
1423	13.02405	77.62244
1424	13.02399	77.62250
1425	13.02394	77.62255
1426	13.02388	77.62260
1427	13.02380	77.62265
1428	13.02374	77.62270
1429	13.02369	77.62274
1430	13.02362	77.62280
1431	13.02356	77.62285
1432	13.02348	77.62289
1433	13.02340	77.62293
1434	13.02334	77.62296
1435	13.02327	77.62301
1436	13.02320	77.62306
1437	13.02314	77.62311
1438	13.02308	77.62315
1439	13.02301	77.62321
1440	13.02294	77.62325
1441	13.02286	77.62330
1442	13.02279	77.62333
1443	13.02272	77.62337
1444	13.02266	77.62341
1445	13.02261	77.62344
1446	13.02255	77.62346
1447	13.02249	77.62350
1448	13.02244	77.62352
1449	13.02236	77.62356
1450	13.02229	77.62359
1451	13.02222	77.62363
1452	13.02216	77.62366
1453	13.02211	77.62369
1454	13.02203	77.62374
1455	13.02197	77.62376
1456	13.02191	77.62380
1457	13.02184	77.62382
1458	13.02178	77.62383
1459	13.02172	77.62387
1460	13.02167	77.62389
1461	13.02160	77.62392
1462	13.02154	77.62395
1463	13.02146	77.62399
1464	13.02139	77.62403
1465	13.02134	77.62405
1466	13.02127	77.62408
1467	13.02122	77.62410
1468	13.02117	77.62412
1469	13.02109	77.62414
1470	13.02103	77.62416
1471	13.02097	77.62418
1472	13.02092	77.62419
1473	13.02085	77.62423
1474	13.02079	77.62424
1475	13.02073	77.62426
1476	13.02067	77.62427
1477	13.02061	77.62429
1478	13.02056	77.62432
1479	13.02049	77.62433
1480	13.02043	77.62435
1481	13.02037	77.62436
1482	13.02029	77.62437
1483	13.02022	77.62438
1484	13.02016	77.62440
1485	13.02010	77.62440
1486	13.02003	77.62441
1487	13.01997	77.62442
1488	13.01991	77.62442
1489	13.01983	77.62442
1490	13.01976	77.62442
1491	13.01971	77.62441
1492	13.01965	77.62442
1493	13.01960	77.62444
1494	13.01952	77.62446
1495	13.01946	77.62448
1496	13.01941	77.62449
1497	13.01934	77.62451
1498	13.01928	77.62452
1499	13.01922	77.62453
1500	13.01915	77.62454
1501	13.01909	77.62454
1502	13.01902	77.62456
1503	13.01895	77.62456
1504	13.01888	77.62457
1505	13.01880	77.62457
1506	13.01873	77.62457
1507	13.01864	77.62457
1508	13.01857	77.62457
1509	13.01850	77.62457
1510	13.01842	77.62457
1511	13.01835	77.62457
1512	13.01829	77.62457
1513	13.01821	77.62457
1514	13.01814	77.62457
1515	13.01807	77.62457
1516	13.01800	77.62457
1517	13.01795	77.62457
1518	13.01788	77.62455
1519	13.01782	77.62455
1520	13.01774	77.62454
1521	13.01767	77.62454
1522	13.01761	77.62453
1523	13.01756	77.62453
1524	13.01749	77.62451
1525	13.01742	77.62451
1526	13.01737	77.62450
1527	13.01729	77.62449
1528	13.01722	77.62448
1529	13.01716	77.62447
1530	13.01708	77.62447
1531	13.01702	77.62447
1532	13.01697	77.62447
1533	13.01690	77.62447
1534	13.01683	77.62446
1535	13.01677	77.62445
1536	13.01671	77.62443
1537	13.01665	77.62443
1538	13.01657	77.62442
1539	13.01651	77.62441
1540	13.01645	77.62440
1541	13.01638	77.62440
1542	13.01631	77.62438
1543	13.01626	77.62436
1544	13.01619	77.62434
1545	13.01611	77.62432
1546	13.01605	77.62431
1547	13.01600	77.62429
1548	13.01594	77.62427
1549	13.01588	77.62426
1550	13.01580	77.62423
1551	13.01575	77.62421
1552	13.01567	77.62418
1553	13.01562	77.62416
1554	13.01557	77.62414
1555	13.01551	77.62412
1556	13.01544	77.62409
1557	13.01538	77.62407
1558	13.01533	77.62406
1559	13.01527	77.62404
1560	13.01520	77.62403
1561	13.01515	77.62401
1562	13.01508	77.62397
1563	13.01503	77.62394
1564	13.01496	77.62390
1565	13.01489	77.62387
1566	13.01483	77.62385
1567	13.01478	77.62382
1568	13.01473	77.62379
1569	13.01466	77.62376
1570	13.01459	77.62372
1571	13.01451	77.62370
1572	13.01446	77.62368
1573	13.01439	77.62366
1574	13.01433	77.62364
1575	13.01427	77.62362
1576	13.01422	77.62359
1577	13.01415	77.62356
1578	13.01410	77.62353
1579	13.01405	77.62351
1580	13.01398	77.62348
1581	13.01390	77.62344
1582	13.01385	77.62341
1583	13.01379	77.62339
1584	13.01373	77.62336
1585	13.01366	77.62334
1586	13.01361	77.62332
1587	13.01355	77.62330
1588	13.01349	77.62328
1589	13.01342	77.62325
1590	13.01337	77.62322
1591	13.01329	77.62319
1592	13.01323	77.62316
1593	13.01319	77.62322
1594	13.01316	77.62327
1595	13.01314	77.62333
1596	13.01312	77.62340
1597	13.01310	77.62346
1598	13.01308	77.62353
1599	13.01304	77.62360
1600	13.01301	77.62368
1601	13.01299	77.62373
1602	13.01297	77.62381
1603	13.01294	77.62386
1604	13.01292	77.62393
1605	13.01290	77.62401
1606	13.01288	77.62408
1607	13.01286	77.62414
1608	13.01284	77.62422
1609	13.01282	77.62427
1610	13.01281	77.62433
1611	13.01279	77.62438
1612	13.01277	77.62444
1613	13.01275	77.62449
1614	13.01274	77.62455
1615	13.01272	77.62461
1616	13.01271	77.62466
1617	13.01269	77.62471
1618	13.01267	77.62478
1619	13.01265	77.62484
1620	13.01263	77.62491
1621	13.01261	77.62498
1622	13.01260	77.62503
1623	13.01258	77.62510
1624	13.01257	77.62515
1625	13.01255	77.62521
1626	13.01252	77.62528
1627	13.01248	77.62535
1628	13.01243	77.62541
1629	13.01239	77.62547
1630	13.01235	77.62554
1631	13.01232	77.62560
1632	13.01229	77.62567
1633	13.01224	77.62572
1634	13.01220	77.62580
1635	13.01217	77.62586
1636	13.01211	77.62593
1637	13.01208	77.62599
1638	13.01204	77.62606
1639	13.01201	77.62611
1640	13.01196	77.62616
1641	13.01189	77.62614
1642	13.01181	77.62610
1643	13.01176	77.62607
1644	13.01169	77.62603
1645	13.01162	77.62603
1646	13.01159	77.62610
1647	13.01155	77.62617
1648	13.01150	77.62624
1649	13.01147	77.62631
1650	13.01143	77.62639
1651	13.01139	77.62646
1652	13.01136	77.62653
1653	13.01133	77.62659
1654	13.01131	77.62664
1655	13.01129	77.62670
1656	13.01126	77.62676
1657	13.01122	77.62683
1658	13.01119	77.62689
1659	13.01121	77.62695
1660	13.01126	77.62699
1661	13.01134	77.62705
1662	13.01140	77.62708
1663	13.01146	77.62711
1664	13.01153	77.62715
