Rank	Latitude	Longitude
1	13.01107	77.66337
2	13.01103	77.66330
3	13.01099	77.66324
4	13.01094	77.66317
5	13.01090	77.66310
6	13.01086	77.66303
7	13.01083	77.66296
8	13.01078	77.66290
9	13.01074	77.66285
10	13.01070	77.66278
11	13.01067	77.66271
12	13.01064	77.66264
13	13.01061	77.66258
14	13.01059	77.66253
15	13.01057	77.66248
16	13.01056	77.66242
17	13.01054	77.66235
18	13.01052	77.66229
19	13.01050	77.66223
20	13.01047	77.66216
21	13.01045	77.66209
22	13.01041	77.66201
23	13.01039	77.66195
24	13.01036	77.66190
25	13.01034	77.66184
26	13.01029	77.66178
27	13.01025	77.66171
28	13.01021	77.66163
29	13.01020	77.66158
30	13.01018	77.66152
31	13.01016	77.66146
32	13.01015	77.66140
33	13.01013	77.66134
34	13.01012	77.66128
35	13.01010	77.66123
36	13.01005	77.66116
37	13.01002	77.66110
38	13.00998	77.66103
39	13.00994	77.66096
40	13.00991	77.66089
41	13.00988	77.66082
42	13.00986	77.66076
43	13.00984	77.66068
44	13.00983	77.66062
45	13.00981	77.66056
46	13.00980	77.66050
47	13.00978	77.66045
48	13.00974	77.66038
49	13.00972	77.66032
50	13.00968	77.66025
51	13.00965	77.66020
52	13.00961	77.66013
53	13.00958	77.66006
54	13.00954	77.65998
55	13.00951	77.65991
56	13.00949	77.65985
57	13.00945	77.65978
58	13.00940	77.65971
59	13.00936	77.65963
60	13.00933	77.65956
61	13.00929	77.65949
62	13.00926	77.65942
63	13.00922	77.65936
64	13.00919	77.65931
65	13.00915	77.65924
66	13.00911	77.65917
67	13.00906	77.65910
68	13.00902	77.65904
69	13.00898	77.65899
70	13.00894	77.65893
71	13.00889	77.65888
72	13.00885	77.65882
73	13.00880	77.65876
74	13.00875	77.65870
75	13.00870	77.65863
76	13.00865	77.65856
77	13.00860	77.65850
78	13.00854	77.65844
79	13.00850	77.65838
80	13.00844	77.65831
81	13.00841	77.65825
82	13.00836	77.65819
83	13.00832	77.65813
84	13.00827	77.65807
85	13.00822	77.65800
86	13.00819	77.65794
87	13.00813	77.65786
88	13.00809	77.65780
89	13.00805	77.65774
90	13.00800	77.65767
91	13.00794	77.65760
92	13.00789	77.65754
93	13.00783	77.65746
94	13.00777	77.65740
95	13.00772	77.65734
96	13.00766	77.65727
97	13.00761	77.65722
98	13.00754	77.65717
99	13.00749	77.65711
100	13.00744	77.65705
101	13.00740	77.65699
102	13.00736	77.65692
103	13.00731	77.65687
104	13.00726	77.65682
105	13.00721	77.65676
106	13.00715	77.65670
107	13.00710	77.65665
108	13.00705	77.65659
109	13.00699	77.65654
110	13.00693	77.65649
111	13.00688	77.65644
112	13.00681	77.65640
113	13.00676	77.65634
114	13.00670	77.65628
115	13.00663	77.65622
116	13.00658	77.65617
117	13.00652	77.65612
118	13.00647	77.65606
119	13.00640	77.65601
120	13.00636	77.65596
121	13.00630	77.65589
122	13.00625	77.65583
123	13.00619	77.65577
124	13.00612	77.65573
125	13.00605	77.65567
126	13.00600	77.65562
127	13.00595	77.65557
128	13.00589	77.65552
129	13.00584	77.65548
130	13.00578	77.65543
131	13.00572	77.65538
132	13.00568	77.65532
133	13.00561	77.65527
134	13.00555	77.65523
135	13.00549	77.65518
136	13.00544	77.65514
137	13.00538	77.65508
138	13.00532	77.65501
139	13.00526	77.65494
140	13.00522	77.65488
141	13.00518	77.65482
142	13.00512	77.65477
143	13.00507	77.65471
144	13.00501	77.65468
145	13.00495	77.65463
146	13.00489	77.65458
147	13.00485	77.65452
148	13.00479	77.65447
149	13.00474	77.65442
150	13.00469	77.65437
151	13.00464	77.65431
152	13.00459	77.65426
153	13.00455	77.65419
154	13.00449	77.65413
155	13.00445	77.65408
156	13.00444	77.65401
157	13.00445	77.65394
158	13.00446	77.65387
159	13.00447	77.65381
160	13.00448	77.65374
161	13.00449	77.65366
162	13.00450	77.65359
163	13.00452	77.65352
164	13.00453	77.65346
165	13.00454	77.65339
166	13.00456	77.65332
167	13.00458	77.65326
168	13.00459	77.65318
169	13.00460	77.65313
170	13.00462	77.65306
171	13.00464	77.65300
172	13.00466	77.65294
173	13.00466	77.65288
174	13.00467	77.65281
175	13.00467	77.65273
176	13.00469	77.65267
177	13.00470	77.65260
178	13.00470	77.65253
179	13.00470	77.65246
180	13.00471	77.65240
181	13.00477	77.65238
182	13.00484	77.65241
183	13.00489	77.65244
184	13.00495	77.65247
185	13.00500	77.65250
186	13.00507	77.65252
187	13.00513	77.65255
188	13.00519	77.65257
189	13.00526	77.65260
190	13.00532	77.65263
191	13.00537	77.65265
192	13.00539	77.65258
193	13.00540	77.65251
194	13.00541	77.65244
195	13.00543	77.65238
196	13.00545	77.65231
197	13.00546	77.65225
198	13.00548	77.65219
199	13.00550	77.65213
200	13.00551	77.65206
201	13.00554	77.65200
202	13.00557	77.65194
203	13.00560	77.65188
204	13.00564	77.65181
205	13.00566	77.65176
206	13.00570	77.65170
207	13.00572	77.65164
208	13.00575	77.65157
209	13.00580	77.65150
210	13.00583	77.65144
211	13.00587	77.65139
212	13.00590	77.65134
213	13.00593	77.65127
214	13.00595	77.65121
215	13.00598	77.65115
216	13.00600	77.65109
217	13.00603	77.65103
218	13.00607	77.65097
219	13.00609	77.65091
220	13.00612	77.65085
221	13.00614	77.65079
222	13.00614	77.65073
223	13.00615	77.65066
224	13.00617	77.65060
225	13.00617	77.65053
226	13.00617	77.65046
227	13.00618	77.65040
228	13.00618	77.65033
229	13.00618	77.65027
230	13.00619	77.65021
231	13.00619	77.65014
232	13.00619	77.65009
233	13.00620	77.65003
234	13.00621	77.64997
235	13.00621	77.64989
236	13.00621	77.64983
237	13.00621	77.64977
238	13.00621	77.64971
239	13.00621	77.64965
240	13.00623	77.64958
241	13.00623	77.64952
242	13.00624	77.64946
243	13.00624	77.64940
244	13.00624	77.64934
245	13.00624	77.64927
246	13.00625	77.64921
247	13.00625	77.64914
248	13.00619	77.64909
249	13.00619	77.64904
250	13.00622	77.64897
251	13.00624	77.64890
252	13.00625	77.64885
253	13.00627	77.64878
254	13.00629	77.64872
255	13.00631	77.64867
256	13.00632	77.64862
257	13.00635	77.64853
258	13.00637	77.64847
259	13.00638	77.64841
260	13.00640	77.64834
261	13.00642	77.64829
262	13.00644	77.64823
263	13.00650	77.64815
264	13.00655	77.64810
265	13.00661	77.64802
266	13.00665	77.64797
267	13.00670	77.64789
268	13.00664	77.64783
269	13.00657	77.64779
270	13.00651	77.64773
271	13.00645	77.64768
272	13.00638	77.64764
273	13.00632	77.64759
274	13.00626	77.64754
275	13.00620	77.64750
276	13.00615	77.64744
277	13.00611	77.64737
278	13.00607	77.64731
279	13.00602	77.64726
280	13.00596	77.64722
281	13.00590	77.64717
282	13.00584	77.64712
283	13.00578	77.64707
284	13.00572	77.64703
285	13.00567	77.64700
286	13.00560	77.64696
287	13.00554	77.64693
288	13.00547	77.64688
289	13.00540	77.64685
290	13.00533	77.64680
291	13.00527	77.64678
292	13.00520	77.64674
293	13.00514	77.64672
294	13.00508	77.64670
295	13.00504	77.64663
296	13.00505	77.64656
297	13.00506	77.64650
298	13.00506	77.64643
299	13.00507	77.64636
300	13.00508	77.64629
301	13.00509	77.64621
302	13.00509	77.64615
303	13.00509	77.64610
304	13.00509	77.64604
305	13.00508	77.64598
306	13.00508	77.64593
307	13.00507	77.64585
308	13.00506	77.64580
309	13.00505	77.64574
310	13.00504	77.64566
311	13.00504	77.64561
312	13.00501	77.64553
313	13.00500	77.64547
314	13.00500	77.64541
315	13.00500	77.64534
316	13.00499	77.64528
317	13.00498	77.64522
318	13.00498	77.64514
319	13.00497	77.64507
320	13.00495	77.64501
321	13.00495	77.64494
322	13.00495	77.64486
323	13.00494	77.64478
324	13.00494	77.64472
325	13.00493	77.64464
326	13.00492	77.64456
327	13.00492	77.64449
328	13.00492	77.64443
329	13.00492	77.64435
330	13.00491	77.64429
331	13.00491	77.64422
332	13.00491	77.64415
333	13.00490	77.64409
334	13.00489	77.64403
335	13.00489	77.64397
336	13.00488	77.64390
337	13.00487	77.64384
338	13.00487	77.64378
339	13.00486	77.64372
340	13.00485	77.64367
341	13.00483	77.64361
342	13.00483	77.64355
343	13.00481	77.64349
344	13.00479	77.64344
345	13.00479	77.64338
346	13.00479	77.64332
347	13.00479	77.64325
348	13.00479	77.64318
349	13.00479	77.64312
350	13.00479	77.64305
351	13.00479	77.64299
352	13.00479	77.64292
353	13.00478	77.64286
354	13.00478	77.64279
355	13.00477	77.64273
356	13.00477	77.64267
357	13.00476	77.64261
358	13.00475	77.64255
359	13.00475	77.64246
360	13.00474	77.64240
361	13.00474	77.64233
362	13.00474	77.64227
363	13.00474	77.64221
364	13.00474	77.64216
365	13.00473	77.64210
366	13.00473	77.64205
367	13.00471	77.64200
368	13.00471	77.64193
369	13.00470	77.64186
370	13.00467	77.64179
371	13.00464	77.64173
372	13.00461	77.64167
373	13.00460	77.64162
374	13.00458	77.64155
375	13.00457	77.64149
376	13.00454	77.64142
377	13.00453	77.64136
378	13.00451	77.64129
379	13.00450	77.64123
380	13.00448	77.64115
381	13.00447	77.64110
382	13.00446	77.64102
383	13.00445	77.64097
384	13.00441	77.64090
385	13.00438	77.64082
386	13.00436	77.64075
387	13.00434	77.64069
388	13.00434	77.64063
389	13.00432	77.64055
390	13.00429	77.64047
391	13.00427	77.64039
392	13.00426	77.64034
393	13.00424	77.64029
394	13.00421	77.64022
395	13.00417	77.64015
396	13.00413	77.64009
397	13.00410	77.64002
398	13.00409	77.63996
399	13.00406	77.63990
400	13.00406	77.63983
401	13.00406	77.63978
402	13.00407	77.63971
403	13.00407	77.63965
404	13.00408	77.63958
405	13.00408	77.63949
406	13.00408	77.63942
407	13.00408	77.63935
408	13.00407	77.63929
409	13.00407	77.63922
410	13.00406	77.63915
411	13.00406	77.63908
412	13.00404	77.63900
413	13.00403	77.63893
414	13.00401	77.63888
415	13.00399	77.63881
416	13.00410	77.63903
417	13.00413	77.63910
418	13.00417	77.63917
419	13.00419	77.63922
420	13.00423	77.63929
421	13.00426	77.63936
422	13.00430	77.63943
423	13.00434	77.63950
424	13.00438	77.63957
425	13.00442	77.63965
426	13.00447	77.63971
427	13.00450	77.63978
428	13.00454	77.63985
429	13.00458	77.63992
430	13.00463	77.63998
431	13.00468	77.64005
432	13.00473	77.64011
433	13.00478	77.64018
434	13.00481	77.64025
435	13.00485	77.64032
436	13.00490	77.64038
437	13.00494	77.64045
438	13.00499	77.64051
439	13.00503	77.64057
440	13.00509	77.64064
441	13.00513	77.64069
442	13.00518	77.64075
443	13.00523	77.64081
444	13.00528	77.64087
445	13.00534	77.64093
446	13.00540	77.64097
447	13.00546	77.64103
448	13.00550	77.64109
449	13.00555	77.64116
450	13.00561	77.64123
451	13.00565	77.64128
452	13.00571	77.64135
453	13.00576	77.64141
454	13.00581	77.64147
455	13.00586	77.64153
456	13.00591	77.64159
457	13.00595	77.64164
458	13.00600	77.64171
459	13.00605	77.64176
460	13.00610	77.64183
461	13.00614	77.64189
462	13.00619	77.64194
463	13.00622	77.64201
464	13.00625	77.64209
465	13.00630	77.64215
466	13.00635	77.64221
467	13.00640	77.64228
468	13.00645	77.64234
469	13.00649	77.64240
470	13.00652	77.64245
471	13.00657	77.64252
472	13.00661	77.64258
473	13.00665	77.64266
474	13.00669	77.64273
475	13.00672	77.64281
476	13.00676	77.64286
477	13.00681	77.64293
478	13.00686	77.64294
479	13.00692	77.64295
480	13.00698	77.64296
481	13.00704	77.64297
482	13.00712	77.64297
483	13.00719	77.64299
484	13.00724	77.64299
485	13.00731	77.64299
486	13.00737	77.64299
487	13.00743	77.64300
488	13.00749	77.64300
489	13.00755	77.64300
490	13.00761	77.64301
491	13.00767	77.64301
492	13.00773	77.64301
493	13.00779	77.64302
494	13.00785	77.64302
495	13.00791	77.64303
496	13.00798	77.64303
497	13.00804	77.64303
498	13.00810	77.64303
499	13.00816	77.64303
500	13.00823	77.64303
501	13.00830	77.64303
502	13.00838	77.64303
503	13.00845	77.64303
504	13.00851	77.64303
505	13.00856	77.64304
506	13.00863	77.64305
507	13.00868	77.64306
508	13.00875	77.64306
509	13.00883	77.64305
510	13.00889	77.64306
511	13.00894	77.64307
512	13.00902	77.64309
513	13.00909	77.64311
514	13.00914	77.64312
515	13.00920	77.64315
516	13.00926	77.64316
517	13.00932	77.64316
518	13.00938	77.64316
519	13.00944	77.64316
520	13.00950	77.64317
521	13.00956	77.64317
522	13.00963	77.64317
523	13.00969	77.64317
524	13.00975	77.64316
525	13.00981	77.64315
526	13.00989	77.64313
527	13.00996	77.64313
528	13.01002	77.64313
529	13.01007	77.64312
530	13.01014	77.64311
531	13.01019	77.64309
532	13.01025	77.64308
533	13.01031	77.64307
534	13.01036	77.64306
535	13.01042	77.64306
536	13.01044	77.64299
537	13.01042	77.64293
538	13.01038	77.64286
539	13.01036	77.64279
540	13.01034	77.64272
541	13.01033	77.64266
542	13.01030	77.64259
543	13.01028	77.64252
544	13.01027	77.64245
545	13.01026	77.64239
546	13.01025	77.64233
547	13.01024	77.64227
548	13.01023	77.64219
549	13.01021	77.64214
550	13.01019	77.64207
551	13.01019	77.64200
552	13.01018	77.64194
553	13.01017	77.64186
554	13.01016	77.64181
555	13.01014	77.64175
556	13.01013	77.64168
557	13.01013	77.64161
558	13.01013	77.64155
559	13.01012	77.64148
560	13.01009	77.64142
561	13.01008	77.64135
562	13.01007	77.64128
563	13.01008	77.64122
564	13.01009	77.64117
565	13.01010	77.64111
566	13.01012	77.64103
567	13.01012	77.64096
568	13.01012	77.64089
569	13.01013	77.64083
570	13.01013	77.64076
571	13.01013	77.64070
572	13.01019	77.64068
573	13.01025	77.64068
574	13.01032	77.64068
575	13.01038	77.64068
576	13.01044	77.64067
577	13.01050	77.64067
578	13.01057	77.64066
579	13.01065	77.64064
580	13.01070	77.64064
581	13.01077	77.64063
582	13.01083	77.64063
583	13.01088	77.64063
584	13.01095	77.64063
585	13.01100	77.64063
586	13.01106	77.64063
587	13.01113	77.64063
588	13.01120	77.64062
589	13.01126	77.64062
590	13.01132	77.64062
591	13.01138	77.64061
592	13.01144	77.64060
593	13.01149	77.64059
594	13.01154	77.64058
595	13.01161	77.64057
596	13.01167	77.64055
597	13.01173	77.64055
598	13.01179	77.64054
599	13.01185	77.64053
600	13.01190	77.64052
601	13.01196	77.64052
602	13.01203	77.64051
603	13.01209	77.64050
604	13.01215	77.64049
605	13.01220	77.64047
606	13.01225	77.64046
607	13.01231	77.64045
608	13.01238	77.64044
609	13.01244	77.64044
610	13.01249	77.64042
611	13.01255	77.64042
612	13.01260	77.64042
613	13.01267	77.64042
614	13.01274	77.64042
615	13.01282	77.64042
616	13.01289	77.64042
617	13.01296	77.64043
618	13.01303	77.64044
619	13.01309	77.64044
620	13.01316	77.64044
621	13.01321	77.64044
622	13.01328	77.64044
623	13.01335	77.64045
624	13.01340	77.64046
625	13.01346	77.64047
626	13.01351	77.64048
627	13.01358	77.64049
628	13.01366	77.64050
629	13.01372	77.64050
630	13.01379	77.64050
631	13.01384	77.64050
632	13.01390	77.64050
633	13.01397	77.64050
634	13.01403	77.64050
635	13.01409	77.64050
636	13.01416	77.64050
637	13.01421	77.64051
638	13.01427	77.64051
639	13.01432	77.64052
640	13.01438	77.64052
641	13.01444	77.64051
642	13.01451	77.64051
643	13.01457	77.64050
644	13.01463	77.64049
645	13.01470	77.64048
646	13.01476	77.64047
647	13.01481	77.64046
648	13.01489	77.64046
649	13.01494	77.64045
650	13.01500	77.64045
651	13.01507	77.64045
652	13.01513	77.64045
653	13.01518	77.64046
654	13.01525	77.64047
655	13.01532	77.64047
656	13.01538	77.64048
657	13.01543	77.64048
658	13.01550	77.64048
659	13.01556	77.64048
660	13.01563	77.64048
661	13.01569	77.64049
662	13.01575	77.64049
663	13.01582	77.64049
664	13.01588	77.64049
665	13.01594	77.64049
666	13.01601	77.64049
667	13.01609	77.64049
668	13.01615	77.64049
669	13.01622	77.64049
670	13.01628	77.64049
671	13.01635	77.64049
672	13.01641	77.64049
673	13.01648	77.64050
674	13.01653	77.64050
675	13.01661	77.64051
676	13.01668	77.64052
677	13.01673	77.64052
678	13.01679	77.64053
679	13.01685	77.64053
680	13.01692	77.64053
681	13.01698	77.64054
682	13.01704	77.64054
683	13.01711	77.64054
684	13.01717	77.64054
685	13.01722	77.64055
686	13.01729	77.64055
687	13.01735	77.64055
688	13.01743	77.64055
689	13.01750	77.64055
690	13.01756	77.64055
691	13.01763	77.64056
692	13.01770	77.64056
693	13.01775	77.64057
694	13.01782	77.64058
695	13.01789	77.64058
696	13.01795	77.64058
697	13.01803	77.64057
698	13.01810	77.64057
699	13.01816	77.64055
700	13.01822	77.64054
701	13.01827	77.64054
702	13.01834	77.64054
703	13.01839	77.64054
704	13.01844	77.64054
705	13.01850	77.64055
706	13.01856	77.64056
707	13.01862	77.64057
708	13.01870	77.64058
709	13.01875	77.64059
710	13.01881	77.64060
711	13.01887	77.64060
712	13.01892	77.64061
713	13.01899	77.64061
714	13.01904	77.64061
715	13.01911	77.64061
716	13.01917	77.64062
717	13.01924	77.64062
718	13.01931	77.64062
719	13.01937	77.64063
720	13.01943	77.64064
721	13.01949	77.64064
722	13.01956	77.64064
723	13.01962	77.64064
724	13.01968	77.64065
725	13.01974	77.64065
726	13.01981	77.64066
727	13.01988	77.64066
728	13.01995	77.64066
729	13.02002	77.64066
730	13.02007	77.64067
731	13.02015	77.64068
732	13.02022	77.64068
733	13.02029	77.64068
734	13.02035	77.64068
735	13.02042	77.64068
736	13.02047	77.64068
737	13.02053	77.64069
738	13.02059	77.64069
739	13.02057	77.64075
740	13.02055	77.64081
741	13.02052	77.64089
742	13.02049	77.64095
743	13.02047	77.64101
744	13.02046	77.64107
745	13.02045	77.64113
746	13.02053	77.64118
747	13.02058	77.64119
748	13.02064	77.64120
749	13.02070	77.64120
750	13.02077	77.64120
751	13.02083	77.64121
752	13.02088	77.64121
753	13.02095	77.64121
754	13.02100	77.64121
755	13.02105	77.64121
756	13.02111	77.64121
757	13.02117	77.64122
758	13.02123	77.64123
759	13.02128	77.64124
760	13.02136	77.64125
761	13.02141	77.64126
762	13.02147	77.64127
763	13.02154	77.64127
764	13.02161	77.64128
765	13.02169	77.64130
766	13.02177	77.64131
767	13.02183	77.64131
768	13.02190	77.64133
769	13.02196	77.64133
770	13.02203	77.64133
771	13.02210	77.64133
772	13.02216	77.64134
773	13.02222	77.64136
774	13.02229	77.64137
775	13.02235	77.64138
776	13.02242	77.64138
777	13.02248	77.64139
778	13.02254	77.64140
779	13.02260	77.64141
780	13.02266	77.64141
781	13.02272	77.64141
782	13.02279	77.64141
783	13.02284	77.64143
784	13.02290	77.64144
785	13.02296	77.64145
786	13.02302	77.64145
787	13.02308	77.64145
788	13.02315	77.64145
789	13.02321	77.64145
790	13.02328	77.64145
791	13.02334	77.64145
792	13.02340	77.64142
793	13.02343	77.64135
794	13.02346	77.64128
795	13.02349	77.64121
796	13.02351	77.64113
797	13.02353	77.64108
798	13.02357	77.64101
799	13.02362	77.64098
800	13.02368	77.64099
801	13.02373	77.64101
802	13.02380	77.64101
803	13.02387	77.64101
804	13.02393	77.64101
805	13.02399	77.64101
806	13.02405	77.64102
807	13.02411	77.64102
808	13.02418	77.64102
809	13.02424	77.64102
810	13.02431	77.64102
811	13.02431	77.64107
812	13.02429	77.64112
813	13.02426	77.64118
814	13.02422	77.64124
815	13.02418	77.64131
816	13.02415	77.64139
817	13.02411	77.64145
818	13.02408	77.64152
819	13.02404	77.64158
820	13.02402	77.64164
821	13.02400	77.64171
822	13.02397	77.64177
823	13.02395	77.64186
824	13.02393	77.64192
825	13.02392	77.64198
826	13.02390	77.64205
827	13.02388	77.64212
828	13.02386	77.64219
829	13.02384	77.64226
830	13.02381	77.64234
831	13.02378	77.64242
832	13.02376	77.64249
833	13.02374	77.64256
834	13.02373	77.64262
835	13.02371	77.64268
836	13.02369	77.64273
837	13.02368	77.64279
838	13.02366	77.64286
839	13.02364	77.64292
840	13.02362	77.64299
841	13.02359	77.64305
842	13.02356	77.64311
843	13.02354	77.64317
844	13.02351	77.64326
845	13.02348	77.64332
846	13.02345	77.64339
847	13.02342	77.64345
848	13.02341	77.64350
849	13.02339	77.64356
850	13.02336	77.64364
851	13.02333	77.64369
852	13.02331	77.64376
853	13.02328	77.64383
854	13.02326	77.64390
855	13.02324	77.64396
856	13.02321	77.64403
857	13.02320	77.64409
858	13.02318	77.64414
859	13.02315	77.64421
860	13.02313	77.64428
861	13.02311	77.64434
862	13.02309	77.64441
863	13.02307	77.64447
864	13.02305	77.64453
865	13.02303	77.64459
866	13.02301	77.64467
867	13.02299	77.64474
868	13.02296	77.64481
869	13.02292	77.64488
870	13.02291	77.64494
871	13.02288	77.64501
872	13.02285	77.64507
873	13.02283	77.64512
874	13.02280	77.64519
875	13.02277	77.64525
876	13.02274	77.64531
877	13.02271	77.64537
878	13.02268	77.64544
879	13.02266	77.64551
880	13.02264	77.64556
881	13.02262	77.64563
882	13.02259	77.64569
883	13.02256	77.64576
884	13.02253	77.64584
885	13.02251	77.64589
886	13.02249	77.64597
887	13.02245	77.64606
888	13.02241	77.64613
889	13.02239	77.64618
890	13.02235	77.64625
891	13.02231	77.64633
892	13.02228	77.64639
893	13.02225	77.64646
894	13.02222	77.64652
895	13.02219	77.64658
896	13.02213	77.64666
897	13.02210	77.64672
898	13.02207	77.64679
899	13.02204	77.64688
900	13.02200	77.64694
901	13.02197	77.64700
902	13.02195	77.64706
903	13.02191	77.64714
904	13.02187	77.64722
905	13.02185	77.64727
906	13.02182	77.64733
907	13.02178	77.64741
908	13.02175	77.64748
909	13.02171	77.64755
910	13.02169	77.64760
911	13.02165	77.64767
912	13.02163	77.64773
913	13.02160	77.64779
914	13.02156	77.64786
915	13.02153	77.64793
916	13.02149	77.64801
917	13.02145	77.64809
918	13.02141	77.64817
919	13.02137	77.64826
920	13.02132	77.64836
921	13.02128	77.64844
922	13.02126	77.64852
923	13.02125	77.64858
924	13.02123	77.64865
925	13.02120	77.64870
926	13.02119	77.64876
927	13.02117	77.64884
928	13.02115	77.64889
929	13.02113	77.64896
930	13.02111	77.64901
931	13.02109	77.64907
932	13.02106	77.64914
933	13.02103	77.64919
934	13.02099	77.64927
935	13.02095	77.64935
936	13.02092	77.64942
937	13.02089	77.64948
938	13.02083	77.64955
939	13.02077	77.64962
940	13.02075	77.64968
941	13.02072	77.64974
942	13.02069	77.64980
943	13.02065	77.64988
944	13.02063	77.64995
945	13.02059	77.65002
946	13.02056	77.65007
947	13.02052	77.65015
948	13.02049	77.65020
949	13.02045	77.65027
950	13.02040	77.65035
951	13.02038	77.65041
952	13.02035	77.65050
953	13.02033	77.65058
954	13.02030	77.65065
955	13.02029	77.65071
956	13.02027	77.65078
957	13.02024	77.65083
958	13.02022	77.65089
959	13.02019	77.65094
960	13.02016	77.65100
961	13.02012	77.65109
962	13.02009	77.65114
963	13.02007	77.65122
964	13.02005	77.65127
965	13.02003	77.65134
966	13.02001	77.65140
967	13.01997	77.65147
968	13.01995	77.65154
969	13.01992	77.65161
970	13.01989	77.65168
971	13.01987	77.65174
972	13.01984	77.65179
973	13.01982	77.65187
974	13.01980	77.65192
975	13.01978	77.65198
976	13.01976	77.65204
977	13.01974	77.65210
978	13.01972	77.65216
979	13.01971	77.65221
980	13.01968	77.65230
981	13.01965	77.65236
982	13.01962	77.65243
983	13.01957	77.65250
984	13.01955	77.65256
985	13.01951	77.65263
986	13.01947	77.65271
987	13.01945	77.65276
988	13.01942	77.65283
989	13.01940	77.65289
990	13.01937	77.65295
991	13.01934	77.65302
992	13.01931	77.65309
993	13.01929	77.65315
994	13.01925	77.65322
995	13.01921	77.65330
996	13.01917	77.65338
997	13.01913	77.65346
998	13.01911	77.65351
999	13.01906	77.65358
1000	13.01903	77.65365
1001	13.01900	77.65370
1002	13.01895	77.65379
1003	13.01892	77.65386
1004	13.01888	77.65393
1005	13.01884	77.65401
1006	13.01881	77.65409
1007	13.01876	77.65416
1008	13.01872	77.65425
1009	13.01867	77.65433
1010	13.01865	77.65440
1011	13.01862	77.65446
1012	13.01859	77.65452
1013	13.01856	77.65459
1014	13.01852	77.65468
1015	13.01849	77.65474
1016	13.01845	77.65483
1017	13.01842	77.65489
1018	13.01838	77.65497
1019	13.01835	77.65505
1020	13.01832	77.65512
1021	13.01830	77.65517
1022	13.01827	77.65524
1023	13.01825	77.65532
1024	13.01824	77.65538
1025	13.01822	77.65544
1026	13.01820	77.65552
1027	13.01817	77.65561
1028	13.01814	77.65570
1029	13.01812	77.65579
1030	13.01810	77.65585
1031	13.01807	77.65593
1032	13.01806	77.65598
1033	13.01804	77.65605
1034	13.01803	77.65610
1035	13.01801	77.65616
1036	13.01799	77.65624
1037	13.01796	77.65630
1038	13.01793	77.65636
1039	13.01790	77.65642
1040	13.01787	77.65648
1041	13.01784	77.65656
1042	13.01780	77.65663
1043	13.01777	77.65668
1044	13.01773	77.65674
1045	13.01771	77.65680
1046	13.01767	77.65686
1047	13.01764	77.65692
1048	13.01761	77.65699
1049	13.01757	77.65708
1050	13.01754	77.65713
1051	13.01750	77.65722
1052	13.01747	77.65728
1053	13.01745	77.65734
1054	13.01741	77.65741
1055	13.01739	77.65747
1056	13.01735	77.65754
1057	13.01733	77.65761
1058	13.01731	77.65766
1059	13.01729	77.65772
1060	13.01727	77.65779
1061	13.01725	77.65785
1062	13.01723	77.65791
1063	13.01722	77.65796
1064	13.01720	77.65802
1065	13.01716	77.65808
1066	13.01712	77.65815
1067	13.01710	77.65822
1068	13.01707	77.65829
1069	13.01705	77.65836
1070	13.01701	77.65844
1071	13.01697	77.65849
1072	13.01693	77.65854
1073	13.01690	77.65860
1074	13.01686	77.65866
1075	13.01681	77.65874
1076	13.01676	77.65882
1077	13.01673	77.65889
1078	13.01670	77.65896
1079	13.01665	77.65903
1080	13.01663	77.65909
1081	13.01659	77.65916
1082	13.01656	77.65922
1083	13.01652	77.65929
1084	13.01650	77.65935
1085	13.01647	77.65942
1086	13.01644	77.65949
1087	13.01640	77.65957
1088	13.01636	77.65965
1089	13.01634	77.65971
1090	13.01626	77.65987
1091	13.01623	77.65994
1092	13.01620	77.66000
1093	13.01618	77.66007
1094	13.01615	77.66015
1095	13.01613	77.66022
1096	13.01611	77.66028
1097	13.01609	77.66034
1098	13.01607	77.66040
1099	13.01605	77.66047
1100	13.01602	77.66053
1101	13.01601	77.66058
1102	13.01599	77.66064
1103	13.01595	77.66071
1104	13.01593	77.66077
1105	13.01589	77.66086
1106	13.01587	77.66092
1107	13.01584	77.66097
1108	13.01581	77.66104
1109	13.01580	77.66111
1110	13.01578	77.66118
1111	13.01576	77.66124
1112	13.01574	77.66131
1113	13.01570	77.66138
1114	13.01568	77.66145
1115	13.01565	77.66150
1116	13.01563	77.66156
1117	13.01561	77.66162
1118	13.01558	77.66169
1119	13.01557	77.66175
1120	13.01553	77.66182
1121	13.01549	77.66190
1122	13.01546	77.66196
1123	13.01541	77.66203
1124	13.01537	77.66209
1125	13.01533	77.66214
1126	13.01530	77.66222
1127	13.01526	77.66228
1128	13.01523	77.66235
1129	13.01520	77.66241
1130	13.01516	77.66249
1131	13.01513	77.66255
1132	13.01511	77.66260
1133	13.01507	77.66267
1134	13.01502	77.66274
1135	13.01496	77.66281
1136	13.01488	77.66287
1137	13.01483	77.66292
1138	13.01477	77.66296
1139	13.01471	77.66300
1140	13.01465	77.66302
1141	13.01458	77.66305
1142	13.01449	77.66308
1143	13.01444	77.66310
1144	13.01439	77.66311
1145	13.01431	77.66312
1146	13.01422	77.66312
1147	13.01417	77.66313
1148	13.01412	77.66314
1149	13.01403	77.66315
1150	13.01395	77.66316
1151	13.01390	77.66316
1152	13.01383	77.66317
1153	13.01378	77.66318
1154	13.01372	77.66318
1155	13.01367	77.66320
1156	13.01360	77.66321
1157	13.01353	77.66323
1158	13.01345	77.66325
1159	13.01339	77.66326
1160	13.01332	77.66327
1161	13.01326	77.66328
1162	13.01320	77.66329
1163	13.01315	77.66330
1164	13.01309	77.66331
1165	13.01303	77.66332
1166	13.01298	77.66332
1167	13.01292	77.66334
1168	13.01287	77.66334
1169	13.01282	77.66335
1170	13.01274	77.66336
1171	13.01267	77.66337
1172	13.01259	77.66338
1173	13.01252	77.66338
1174	13.01247	77.66339
1175	13.01240	77.66340
1176	13.01233	77.66340
1177	13.01225	77.66340
1178	13.01216	77.66340
1179	13.01208	77.66340
1180	13.01200	77.66339
1181	13.01194	77.66338
1182	13.01187	77.66335
1183	13.01181	77.66334
1184	13.01176	77.66334
1185	13.01170	77.66334
1186	13.01164	77.66334
1187	13.01157	77.66335
1188	13.01148	77.66336
1189	13.01140	77.66336
1190	13.01132	77.66337
1191	13.01124	77.66337
1192	13.01116	77.66337
