Rank	Latitude	Longitude
1	12.96577	77.65987
2	12.96582	77.65987
3	12.96588	77.65983
4	12.96595	77.65979
5	12.96601	77.65976
6	12.96607	77.65973
7	12.96613	77.65969
8	12.96620	77.65965
9	12.96627	77.65960
10	12.96634	77.65955
11	12.96639	77.65951
12	12.96646	77.65946
13	12.96651	77.65941
14	12.96658	77.65937
15	12.96665	77.65931
16	12.96671	77.65925
17	12.96677	77.65923
18	12.96685	77.65917
19	12.96691	77.65913
20	12.96698	77.65907
21	12.96703	77.65904
22	12.96708	77.65900
23	12.96714	77.65895
24	12.96720	77.65891
25	12.96726	77.65886
26	12.96732	77.65882
27	12.96738	77.65878
28	12.96745	77.65873
29	12.96750	77.65870
30	12.96756	77.65867
31	12.96762	77.65864
32	12.96768	77.65861
33	12.96773	77.65858
34	12.96779	77.65863
35	12.96785	77.65865
36	12.96792	77.65868
37	12.96799	77.65871
38	12.96806	77.65872
39	12.96812	77.65874
40	12.96817	77.65876
41	12.96822	77.65878
42	12.96830	77.65880
43	12.96837	77.65881
44	12.96844	77.65882
45	12.96851	77.65882
46	12.96856	77.65882
47	12.96863	77.65884
48	12.96870	77.65884
49	12.96876	77.65885
50	12.96882	77.65885
51	12.96888	77.65886
52	12.96896	77.65888
53	12.96901	77.65889
54	12.96908	77.65892
55	12.96915	77.65893
56	12.96922	77.65894
57	12.96929	77.65896
58	12.96936	77.65899
59	12.96941	77.65900
60	12.96946	77.65901
61	12.96953	77.65903
62	12.96959	77.65908
63	12.96958	77.65914
64	12.96959	77.65920
65	12.96960	77.65929
66	12.96961	77.65936
67	12.96963	77.65942
68	12.96966	77.65949
69	12.96970	77.65955
70	12.96975	77.65961
71	12.96978	77.65968
72	12.96982	77.65975
73	12.96987	77.65983
74	12.96991	77.65988
75	12.96998	77.65989
76	12.97003	77.65987
77	12.97008	77.65985
78	12.97011	77.65991
79	12.97011	77.65997
80	12.97011	77.66004
81	12.97011	77.66012
82	12.97011	77.66019
83	12.97011	77.66028
84	12.97011	77.66036
85	12.97011	77.66042
86	12.97011	77.66051
87	12.97011	77.66058
88	12.97011	77.66063
89	12.97011	77.66070
90	12.97012	77.66076
91	12.97013	77.66084
92	12.97014	77.66090
93	12.97015	77.66097
94	12.97015	77.66105
95	12.97015	77.66114
96	12.97015	77.66121
97	12.97015	77.66127
98	12.97016	77.66132
99	12.97016	77.66139
100	12.97016	77.66146
101	12.97016	77.66154
102	12.97016	77.66162
103	12.97016	77.66168
104	12.97017	77.66174
105	12.97018	77.66180
106	12.97019	77.66188
107	12.97019	77.66195
108	12.97020	77.66201
109	12.97021	77.66207
110	12.97021	77.66215
111	12.97021	77.66222
112	12.97021	77.66227
113	12.97022	77.66233
114	12.97023	77.66239
115	12.97024	77.66245
116	12.97026	77.66251
117	12.97028	77.66258
118	12.97032	77.66265
119	12.97034	77.66270
120	12.97042	77.66275
121	12.97049	77.66272
122	12.97057	77.66269
123	12.97057	77.66277
124	12.97054	77.66282
125	12.97051	77.66288
126	12.97048	77.66293
127	12.97044	77.66299
128	12.97042	77.66305
129	12.97040	77.66311
130	12.97038	77.66317
131	12.97036	77.66323
132	12.97035	77.66330
133	12.97033	77.66338
134	12.97032	77.66344
135	12.97031	77.66352
136	12.97029	77.66357
137	12.97027	77.66364
138	12.97026	77.66369
139	12.97024	77.66377
140	12.97022	77.66383
141	12.97020	77.66389
142	12.97019	77.66395
143	12.97017	77.66401
144	12.97016	77.66409
145	12.97016	77.66414
146	12.97015	77.66421
147	12.97015	77.66427
148	12.97015	77.66432
149	12.97016	77.66439
150	12.97017	77.66445
151	12.97018	77.66453
152	12.97018	77.66460
153	12.97019	77.66468
154	12.97020	77.66474
155	12.97021	77.66482
156	12.97023	77.66488
157	12.97024	77.66494
158	12.97025	77.66500
159	12.97026	77.66506
160	12.97026	77.66512
161	12.97027	77.66517
162	12.97028	77.66523
163	12.97029	77.66530
164	12.97031	77.66535
165	12.97032	77.66541
166	12.97033	77.66547
167	12.97034	77.66553
168	12.97035	77.66558
169	12.97036	77.66564
170	12.97036	77.66571
171	12.97036	77.66577
172	12.97036	77.66586
173	12.97036	77.66592
174	12.97036	77.66599
175	12.97036	77.66607
176	12.97036	77.66614
177	12.97037	77.66622
178	12.97036	77.66630
179	12.97034	77.66637
180	12.97032	77.66645
181	12.97030	77.66652
182	12.97027	77.66661
183	12.97024	77.66669
184	12.97022	77.66677
185	12.97020	77.66684
186	12.97018	77.66690
187	12.97013	77.66697
188	12.97012	77.66704
189	12.97011	77.66710
190	12.97008	77.66716
191	12.97007	77.66725
192	12.97009	77.66731
193	12.97015	77.66734
194	12.97020	77.66739
195	12.97025	77.66744
196	12.97031	77.66749
197	12.97036	77.66753
198	12.97042	77.66757
199	12.97047	77.66762
200	12.97053	77.66766
201	12.97059	77.66770
202	12.97064	77.66772
203	12.97071	77.66773
204	12.97077	77.66774
205	12.97082	77.66774
206	12.97089	77.66774
207	12.97094	77.66774
208	12.97100	77.66775
209	12.97106	77.66776
210	12.97111	77.66780
211	12.97114	77.66785
212	12.97117	77.66792
213	12.97120	77.66797
214	12.97123	77.66803
215	12.97126	77.66808
216	12.97131	77.66811
217	12.97137	77.66811
218	12.97143	77.66809
219	12.97147	77.66804
220	12.97153	77.66799
221	12.97159	77.66794
222	12.97166	77.66789
223	12.97171	77.66788
224	12.97177	77.66788
225	12.97182	77.66788
226	12.97188	77.66789
227	12.97193	77.66790
228	12.97199	77.66791
229	12.97205	77.66792
230	12.97211	77.66792
231	12.97217	77.66792
232	12.97223	77.66792
233	12.97229	77.66793
234	12.97235	77.66795
235	12.97241	77.66797
236	12.97247	77.66799
237	12.97253	77.66801
238	12.97259	77.66803
239	12.97265	77.66805
240	12.97271	77.66807
241	12.97276	77.66807
242	12.97282	77.66808
243	12.97288	77.66808
244	12.97294	77.66807
245	12.97300	77.66806
246	12.97305	77.66802
247	12.97307	77.66797
248	12.97309	77.66791
249	12.97310	77.66785
250	12.97316	77.66780
251	12.97322	77.66776
252	12.97327	77.66775
253	12.97332	77.66775
254	12.97339	77.66775
255	12.97344	77.66775
256	12.97350	77.66774
257	12.97356	77.66774
258	12.97362	77.66773
259	12.97368	77.66772
260	12.97374	77.66772
261	12.97380	77.66771
262	12.97386	77.66770
263	12.97392	77.66770
264	12.97398	77.66768
265	12.97401	77.66774
266	12.97403	77.66780
267	12.97405	77.66786
268	12.97409	77.66792
269	12.97411	77.66798
270	12.97414	77.66804
271	12.97415	77.66810
272	12.97415	77.66816
273	12.97416	77.66822
274	12.97416	77.66828
275	12.97416	77.66834
276	12.97416	77.66840
277	12.97415	77.66846
278	12.97415	77.66852
279	12.97414	77.66857
280	12.97413	77.66863
281	12.97413	77.66868
282	12.97412	77.66873
283	12.97411	77.66879
284	12.97411	77.66886
285	12.97411	77.66892
286	12.97411	77.66897
287	12.97411	77.66902
288	12.97410	77.66908
289	12.97410	77.66914
290	12.97409	77.66920
291	12.97409	77.66925
292	12.97408	77.66930
293	12.97407	77.66937
294	12.97406	77.66942
295	12.97406	77.66948
296	12.97406	77.66953
297	12.97405	77.66959
298	12.97404	77.66964
299	12.97403	77.66970
300	12.97402	77.66977
301	12.97401	77.66983
302	12.97400	77.66988
303	12.97398	77.66994
304	12.97396	77.66999
305	12.97395	77.67005
306	12.97394	77.67011
307	12.97393	77.67017
308	12.97391	77.67023
309	12.97395	77.67028
310	12.97401	77.67030
311	12.97408	77.67032
312	12.97415	77.67035
313	12.97421	77.67037
314	12.97427	77.67039
315	12.97433	77.67041
316	12.97439	77.67044
317	12.97446	77.67047
318	12.97452	77.67050
319	12.97458	77.67053
320	12.97465	77.67055
321	12.97470	77.67056
322	12.97476	77.67058
323	12.97482	77.67060
324	12.97491	77.67063
325	12.97498	77.67065
326	12.97506	77.67068
327	12.97511	77.67070
328	12.97517	77.67071
329	12.97522	77.67074
330	12.97528	77.67077
331	12.97535	77.67080
332	12.97541	77.67084
333	12.97547	77.67085
334	12.97554	77.67087
335	12.97560	77.67089
336	12.97567	77.67092
337	12.97572	77.67094
338	12.97578	77.67096
339	12.97583	77.67100
340	12.97589	77.67103
341	12.97595	77.67106
342	12.97601	77.67109
343	12.97608	77.67112
344	12.97613	77.67115
345	12.97618	77.67118
346	12.97623	77.67122
347	12.97630	77.67121
348	12.97637	77.67114
349	12.97642	77.67108
350	12.97649	77.67103
351	12.97657	77.67096
352	12.97663	77.67094
353	12.97670	77.67092
354	12.97675	77.67091
355	12.97681	77.67089
356	12.97687	77.67088
357	12.97693	77.67088
358	12.97699	77.67087
359	12.97705	77.67086
360	12.97711	77.67086
361	12.97718	77.67086
362	12.97724	77.67086
363	12.97733	77.67087
364	12.97740	77.67087
365	12.97747	77.67089
366	12.97754	77.67092
367	12.97760	77.67093
368	12.97767	77.67096
369	12.97772	77.67097
370	12.97778	77.67098
371	12.97783	77.67100
372	12.97791	77.67102
373	12.97797	77.67105
374	12.97804	77.67109
375	12.97810	77.67113
376	12.97817	77.67119
377	12.97821	77.67125
378	12.97828	77.67125
379	12.97835	77.67122
380	12.97842	77.67119
381	12.97848	77.67116
382	12.97853	77.67113
383	12.97861	77.67110
384	12.97867	77.67107
385	12.97874	77.67101
386	12.97882	77.67095
387	12.97888	77.67091
388	12.97893	77.67085
389	12.97898	77.67080
390	12.97904	77.67073
391	12.97908	77.67067
392	12.97911	77.67060
393	12.97913	77.67053
394	12.97919	77.67044
395	12.97921	77.67036
396	12.97922	77.67029
397	12.97923	77.67023
398	12.97924	77.67016
399	12.97925	77.67010
400	12.97930	77.67009
401	12.97937	77.67009
402	12.97943	77.67009
403	12.97950	77.67009
404	12.97955	77.67010
405	12.97962	77.67010
406	12.97969	77.67011
407	12.97978	77.67012
408	12.97983	77.67013
409	12.97990	77.67014
410	12.97995	77.67015
411	12.98003	77.67016
412	12.98010	77.67017
413	12.98017	77.67018
414	12.98024	77.67018
415	12.98030	77.67018
416	12.98037	77.67018
417	12.98042	77.67018
418	12.98049	77.67018
419	12.98057	77.67016
420	12.98064	77.67015
421	12.98072	77.67013
422	12.98074	77.67005
423	12.98074	77.66999
424	12.98074	77.66992
425	12.98073	77.66986
426	12.98072	77.66981
427	12.98072	77.66974
428	12.98073	77.66967
429	12.98073	77.66960
430	12.98074	77.66954
431	12.98075	77.66947
432	12.98081	77.66943
433	12.98088	77.66941
434	12.98093	77.66938
435	12.98094	77.66930
436	12.98095	77.66925
437	12.98096	77.66919
438	12.98096	77.66913
439	12.98096	77.66907
440	12.98096	77.66902
441	12.98096	77.66896
442	12.98096	77.66890
443	12.98096	77.66885
444	12.98096	77.66878
445	12.98096	77.66871
446	12.98096	77.66864
447	12.98095	77.66857
448	12.98094	77.66851
449	12.98094	77.66845
450	12.98094	77.66839
451	12.98094	77.66834
452	12.98094	77.66828
453	12.98094	77.66822
454	12.98094	77.66816
455	12.98094	77.66809
456	12.98095	77.66804
457	12.98095	77.66798
458	12.98096	77.66791
459	12.98096	77.66784
460	12.98096	77.66777
461	12.98096	77.66771
462	12.98096	77.66764
463	12.98096	77.66757
464	12.98096	77.66750
465	12.98096	77.66743
466	12.98096	77.66737
467	12.98091	77.66734
468	12.98084	77.66734
469	12.98079	77.66731
470	12.98078	77.66723
471	12.98078	77.66717
472	12.98077	77.66711
473	12.98077	77.66705
474	12.98076	77.66699
475	12.98075	77.66693
476	12.98075	77.66687
477	12.98080	77.66682
478	12.98086	77.66679
479	12.98092	77.66676
480	12.98097	77.66672
481	12.98103	77.66668
482	12.98109	77.66665
483	12.98114	77.66661
484	12.98121	77.66654
485	12.98123	77.66647
486	12.98125	77.66641
487	12.98125	77.66634
488	12.98127	77.66628
489	12.98128	77.66623
490	12.98128	77.66616
491	12.98127	77.66610
492	12.98126	77.66604
493	12.98126	77.66598
494	12.98125	77.66592
495	12.98124	77.66587
496	12.98122	77.66581
497	12.98118	77.66574
498	12.98114	77.66569
499	12.98119	77.66560
500	12.98122	77.66555
501	12.98128	77.66548
502	12.98132	77.66542
503	12.98135	77.66536
504	12.98138	77.66530
505	12.98146	77.66531
506	12.98151	77.66533
507	12.98157	77.66533
508	12.98164	77.66534
509	12.98172	77.66534
510	12.98180	77.66535
511	12.98186	77.66535
512	12.98192	77.66535
513	12.98199	77.66536
514	12.98204	77.66536
515	12.98211	77.66534
516	12.98218	77.66532
517	12.98224	77.66529
518	12.98227	77.66523
519	12.98230	77.66517
520	12.98231	77.66511
521	12.98232	77.66504
522	12.98232	77.66498
523	12.98233	77.66491
524	12.98232	77.66484
525	12.98232	77.66478
526	12.98230	77.66472
527	12.98228	77.66464
528	12.98226	77.66459
529	12.98222	77.66453
530	12.98217	77.66448
531	12.98211	77.66445
532	12.98206	77.66440
533	12.98200	77.66435
534	12.98195	77.66429
535	12.98193	77.66424
536	12.98191	77.66418
537	12.98189	77.66413
538	12.98187	77.66406
539	12.98186	77.66401
540	12.98184	77.66394
541	12.98183	77.66388
542	12.98182	77.66381
543	12.98182	77.66375
544	12.98181	77.66367
545	12.98181	77.66360
546	12.98181	77.66354
547	12.98180	77.66347
548	12.98179	77.66342
549	12.98179	77.66336
550	12.98179	77.66329
551	12.98179	77.66322
552	12.98179	77.66316
553	12.98179	77.66310
554	12.98178	77.66304
555	12.98178	77.66297
556	12.98178	77.66291
557	12.98179	77.66285
558	12.98181	77.66278
559	12.98183	77.66272
560	12.98187	77.66266
561	12.98191	77.66259
562	12.98194	77.66254
563	12.98199	77.66248
564	12.98205	77.66241
565	12.98211	77.66237
566	12.98216	77.66233
567	12.98221	77.66229
568	12.98226	77.66224
569	12.98232	77.66220
570	12.98237	77.66217
571	12.98243	77.66212
572	12.98250	77.66205
573	12.98255	77.66198
574	12.98259	77.66192
575	12.98262	77.66186
576	12.98264	77.66180
577	12.98266	77.66174
578	12.98267	77.66167
579	12.98268	77.66161
580	12.98268	77.66154
581	12.98268	77.66147
582	12.98268	77.66140
583	12.98267	77.66134
584	12.98266	77.66127
585	12.98265	77.66121
586	12.98261	77.66114
587	12.98257	77.66106
588	12.98253	77.66100
589	12.98249	77.66093
590	12.98245	77.66086
591	12.98241	77.66080
592	12.98237	77.66074
593	12.98233	77.66067
594	12.98229	77.66060
595	12.98225	77.66054
596	12.98222	77.66049
597	12.98219	77.66042
598	12.98215	77.66036
599	12.98211	77.66028
600	12.98208	77.66023
601	12.98204	77.66016
602	12.98199	77.66009
603	12.98195	77.66004
604	12.98191	77.65998
605	12.98186	77.65993
606	12.98181	77.65986
607	12.98174	77.65981
608	12.98167	77.65976
609	12.98161	77.65975
610	12.98153	77.65972
611	12.98146	77.65970
612	12.98140	77.65969
613	12.98134	77.65969
614	12.98127	77.65968
615	12.98122	77.65968
616	12.98114	77.65967
617	12.98109	77.65967
618	12.98103	77.65964
619	12.98097	77.65964
620	12.98091	77.65963
621	12.98084	77.65962
622	12.98079	77.65962
623	12.98071	77.65960
624	12.98064	77.65960
625	12.98057	77.65958
626	12.98051	77.65957
627	12.98042	77.65955
628	12.98036	77.65953
629	12.98030	77.65952
630	12.98025	77.65950
631	12.98019	77.65949
632	12.98013	77.65946
633	12.98008	77.65943
634	12.98002	77.65939
635	12.97998	77.65933
636	12.97993	77.65927
637	12.97990	77.65920
638	12.97988	77.65915
639	12.97984	77.65908
640	12.97982	77.65903
641	12.97979	77.65895
642	12.97978	77.65890
643	12.97976	77.65884
644	12.97974	77.65877
645	12.97972	77.65869
646	12.97970	77.65864
647	12.97968	77.65859
648	12.97964	77.65851
649	12.97963	77.65845
650	12.97960	77.65838
651	12.97959	77.65832
652	12.97957	77.65827
653	12.97955	77.65821
654	12.97953	77.65816
655	12.97952	77.65809
656	12.97950	77.65803
657	12.97948	77.65798
658	12.97947	77.65792
659	12.97943	77.65786
660	12.97942	77.65780
661	12.97938	77.65772
662	12.97935	77.65766
663	12.97932	77.65761
664	12.97930	77.65755
665	12.97929	77.65748
666	12.97927	77.65742
667	12.97924	77.65735
668	12.97923	77.65729
669	12.97921	77.65724
670	12.97920	77.65718
671	12.97919	77.65712
672	12.97917	77.65706
673	12.97914	77.65699
674	12.97911	77.65694
675	12.97908	77.65686
676	12.97904	77.65678
677	12.97901	77.65671
678	12.97898	77.65666
679	12.97895	77.65660
680	12.97892	77.65653
681	12.97889	77.65645
682	12.97884	77.65638
683	12.97880	77.65631
684	12.97877	77.65624
685	12.97873	77.65617
686	12.97871	77.65611
687	12.97868	77.65604
688	12.97865	77.65599
689	12.97861	77.65591
690	12.97860	77.65585
691	12.97857	77.65578
692	12.97856	77.65571
693	12.97853	77.65565
694	12.97850	77.65558
695	12.97848	77.65553
696	12.97846	77.65548
697	12.97843	77.65541
698	12.97840	77.65535
699	12.97838	77.65529
700	12.97837	77.65524
701	12.97834	77.65518
702	12.97833	77.65513
703	12.97831	77.65507
704	12.97828	77.65501
705	12.97826	77.65495
706	12.97826	77.65490
707	12.97822	77.65483
708	12.97819	77.65476
709	12.97815	77.65470
710	12.97811	77.65465
711	12.97806	77.65458
712	12.97801	77.65452
713	12.97797	77.65446
714	12.97793	77.65440
715	12.97789	77.65433
716	12.97784	77.65426
717	12.97784	77.65419
718	12.97784	77.65412
719	12.97783	77.65405
720	12.97780	77.65398
721	12.97778	77.65393
722	12.97774	77.65386
723	12.97772	77.65379
724	12.97779	77.65371
725	12.97787	77.65365
726	12.97792	77.65361
727	12.97800	77.65354
728	12.97806	77.65349
729	12.97811	77.65345
730	12.97818	77.65340
731	12.97825	77.65333
732	12.97830	77.65330
733	12.97838	77.65323
734	12.97843	77.65318
735	12.97851	77.65312
736	12.97856	77.65307
737	12.97861	77.65301
738	12.97866	77.65295
739	12.97870	77.65289
740	12.97873	77.65284
741	12.97880	77.65277
742	12.97886	77.65272
743	12.97891	77.65268
744	12.97897	77.65263
745	12.97902	77.65259
746	12.97907	77.65255
747	12.97912	77.65250
748	12.97918	77.65246
749	12.97925	77.65240
750	12.97931	77.65235
751	12.97937	77.65230
752	12.97943	77.65225
753	12.97951	77.65219
754	12.97958	77.65212
755	12.97964	77.65207
756	12.97970	77.65203
757	12.97975	77.65198
758	12.97981	77.65193
759	12.97987	77.65189
760	12.97994	77.65182
761	12.97999	77.65178
762	12.98005	77.65173
763	12.98013	77.65167
764	12.98019	77.65163
765	12.98024	77.65159
766	12.98031	77.65154
767	12.98037	77.65150
768	12.98043	77.65147
769	12.98049	77.65144
770	12.98058	77.65138
771	12.98064	77.65135
772	12.98070	77.65133
773	12.98076	77.65129
774	12.98084	77.65124
775	12.98090	77.65122
776	12.98096	77.65118
777	12.98102	77.65115
778	12.98107	77.65110
779	12.98112	77.65105
780	12.98117	77.65102
781	12.98124	77.65097
782	12.98130	77.65095
783	12.98136	77.65091
784	12.98142	77.65088
785	12.98148	77.65086
786	12.98154	77.65083
787	12.98161	77.65080
788	12.98166	77.65075
789	12.98172	77.65073
790	12.98180	77.65068
791	12.98186	77.65064
792	12.98192	77.65060
793	12.98198	77.65057
794	12.98205	77.65052
795	12.98211	77.65049
796	12.98219	77.65043
797	12.98224	77.65039
798	12.98230	77.65035
799	12.98236	77.65031
800	12.98242	77.65028
801	12.98247	77.65023
802	12.98253	77.65021
803	12.98259	77.65017
804	12.98264	77.65013
805	12.98272	77.65007
806	12.98278	77.65004
807	12.98284	77.65000
808	12.98290	77.64997
809	12.98295	77.64993
810	12.98302	77.64990
811	12.98310	77.64985
812	12.98315	77.64983
813	12.98322	77.64979
814	12.98327	77.64976
815	12.98333	77.64973
816	12.98339	77.64969
817	12.98345	77.64966
818	12.98351	77.64963
819	12.98358	77.64958
820	12.98364	77.64955
821	12.98372	77.64949
822	12.98377	77.64945
823	12.98384	77.64942
824	12.98390	77.64939
825	12.98398	77.64935
826	12.98404	77.64933
827	12.98410	77.64931
828	12.98415	77.64928
829	12.98421	77.64927
830	12.98429	77.64924
831	12.98434	77.64923
832	12.98439	77.64922
833	12.98446	77.64920
834	12.98452	77.64918
835	12.98459	77.64915
836	12.98466	77.64914
837	12.98474	77.64913
838	12.98479	77.64912
839	12.98486	77.64911
840	12.98492	77.64910
841	12.98499	77.64909
842	12.98507	77.64907
843	12.98514	77.64906
844	12.98522	77.64905
845	12.98531	77.64905
846	12.98537	77.64905
847	12.98545	77.64905
848	12.98544	77.64900
849	12.98543	77.64895
850	12.98541	77.64890
851	12.98539	77.64882
852	12.98538	77.64877
853	12.98537	77.64871
854	12.98535	77.64865
855	12.98533	77.64860
856	12.98532	77.64854
857	12.98530	77.64849
858	12.98527	77.64843
859	12.98523	77.64836
860	12.98522	77.64830
861	12.98520	77.64824
862	12.98518	77.64819
863	12.98516	77.64812
864	12.98514	77.64805
865	12.98511	77.64798
866	12.98508	77.64791
867	12.98505	77.64784
868	12.98503	77.64778
869	12.98501	77.64772
870	12.98499	77.64766
871	12.98497	77.64759
872	12.98495	77.64752
873	12.98493	77.64746
874	12.98491	77.64741
875	12.98489	77.64736
876	12.98488	77.64730
877	12.98485	77.64725
878	12.98483	77.64717
879	12.98480	77.64710
880	12.98478	77.64704
881	12.98476	77.64699
882	12.98474	77.64692
883	12.98472	77.64685
884	12.98470	77.64678
885	12.98469	77.64671
886	12.98467	77.64666
887	12.98464	77.64659
888	12.98460	77.64651
889	12.98458	77.64646
890	12.98456	77.64640
891	12.98454	77.64635
892	12.98452	77.64629
893	12.98451	77.64623
894	12.98449	77.64617
895	12.98442	77.64616
896	12.98436	77.64617
897	12.98429	77.64618
898	12.98422	77.64620
899	12.98417	77.64621
900	12.98411	77.64623
901	12.98404	77.64624
902	12.98399	77.64625
903	12.98392	77.64627
904	12.98387	77.64629
905	12.98380	77.64631
906	12.98373	77.64633
907	12.98367	77.64635
908	12.98360	77.64637
909	12.98354	77.64638
910	12.98349	77.64640
911	12.98342	77.64641
912	12.98336	77.64643
913	12.98329	77.64645
914	12.98322	77.64646
915	12.98316	77.64648
916	12.98310	77.64649
917	12.98303	77.64651
918	12.98295	77.64652
919	12.98290	77.64652
920	12.98285	77.64653
921	12.98277	77.64655
922	12.98270	77.64656
923	12.98263	77.64658
924	12.98257	77.64659
925	12.98250	77.64661
926	12.98245	77.64662
927	12.98238	77.64663
928	12.98231	77.64664
929	12.98225	77.64665
930	12.98218	77.64666
931	12.98212	77.64667
932	12.98206	77.64670
933	12.98199	77.64672
934	12.98194	77.64674
935	12.98187	77.64675
936	12.98181	77.64677
937	12.98176	77.64678
938	12.98167	77.64679
939	12.98159	77.64682
940	12.98151	77.64684
941	12.98144	77.64685
942	12.98137	77.64686
943	12.98131	77.64687
944	12.98124	77.64688
945	12.98119	77.64689
946	12.98112	77.64690
947	12.98106	77.64691
948	12.98098	77.64692
949	12.98089	77.64694
950	12.98082	77.64694
951	12.98075	77.64695
952	12.98069	77.64697
953	12.98064	77.64699
954	12.98057	77.64700
955	12.98051	77.64702
956	12.98044	77.64704
957	12.98036	77.64707
958	12.98029	77.64708
959	12.98023	77.64710
960	12.98017	77.64710
961	12.98010	77.64711
962	12.98004	77.64714
963	12.97996	77.64715
964	12.97990	77.64717
965	12.97984	77.64717
966	12.97978	77.64718
967	12.97971	77.64719
968	12.97963	77.64721
969	12.97957	77.64722
970	12.97951	77.64723
971	12.97945	77.64725
972	12.97939	77.64726
973	12.97932	77.64728
974	12.97924	77.64730
975	12.97918	77.64732
976	12.97911	77.64734
977	12.97904	77.64736
978	12.97895	77.64738
979	12.97887	77.64740
980	12.97880	77.64743
981	12.97874	77.64744
982	12.97867	77.64745
983	12.97860	77.64746
984	12.97854	77.64747
985	12.97848	77.64748
986	12.97842	77.64749
987	12.97835	77.64750
988	12.97829	77.64751
989	12.97823	77.64752
990	12.97817	77.64753
991	12.97811	77.64755
992	12.97805	77.64756
993	12.97799	77.64758
994	12.97793	77.64759
995	12.97788	77.64760
996	12.97781	77.64761
997	12.97774	77.64762
998	12.97768	77.64764
999	12.97763	77.64765
1000	12.97757	77.64766
1001	12.97750	77.64768
1002	12.97743	77.64770
1003	12.97734	77.64773
1004	12.97729	77.64775
1005	12.97722	77.64775
1006	12.97716	77.64775
1007	12.97709	77.64775
1008	12.97702	77.64774
1009	12.97695	77.64774
1010	12.97687	77.64774
1011	12.97681	77.64774
1012	12.97675	77.64774
1013	12.97668	77.64774
1014	12.97659	77.64774
1015	12.97652	77.64775
1016	12.97646	77.64775
1017	12.97637	77.64775
1018	12.97631	77.64775
1019	12.97626	77.64775
1020	12.97621	77.64775
1021	12.97615	77.64775
1022	12.97607	77.64775
1023	12.97601	77.64775
1024	12.97596	77.64775
1025	12.97591	77.64776
1026	12.97585	77.64776
1027	12.97580	77.64776
1028	12.97574	77.64776
1029	12.97566	77.64776
1030	12.97560	77.64777
1031	12.97555	77.64778
1032	12.97550	77.64778
1033	12.97544	77.64779
1034	12.97538	77.64780
1035	12.97530	77.64781
1036	12.97522	77.64782
1037	12.97515	77.64783
1038	12.97506	77.64783
1039	12.97499	77.64784
1040	12.97492	77.64785
1041	12.97486	77.64784
1042	12.97481	77.64784
1043	12.97474	77.64785
1044	12.97466	77.64786
1045	12.97459	77.64788
1046	12.97452	77.64788
1047	12.97444	77.64789
1048	12.97437	77.64791
1049	12.97429	77.64792
1050	12.97424	77.64793
1051	12.97419	77.64794
1052	12.97412	77.64795
1053	12.97406	77.64796
1054	12.97400	77.64796
1055	12.97394	77.64796
1056	12.97386	77.64797
1057	12.97380	77.64797
1058	12.97374	77.64797
1059	12.97366	77.64797
1060	12.97358	77.64797
1061	12.97352	77.64798
1062	12.97346	77.64798
1063	12.97340	77.64798
1064	12.97333	77.64798
1065	12.97323	77.64798
1066	12.97318	77.64798
1067	12.97311	77.64798
1068	12.97306	77.64798
1069	12.97301	77.64798
1070	12.97293	77.64798
1071	12.97287	77.64799
1072	12.97281	77.64799
1073	12.97273	77.64799
1074	12.97268	77.64799
1075	12.97262	77.64800
1076	12.97254	77.64801
1077	12.97248	77.64803
1078	12.97241	77.64803
1079	12.97235	77.64804
1080	12.97229	77.64804
1081	12.97221	77.64804
1082	12.97215	77.64804
1083	12.97210	77.64804
1084	12.97203	77.64804
1085	12.97195	77.64805
1086	12.97188	77.64805
1087	12.97181	77.64806
1088	12.97173	77.64806
1089	12.97168	77.64807
1090	12.97162	77.64808
1091	12.97157	77.64809
1092	12.97150	77.64810
1093	12.97141	77.64811
1094	12.97136	77.64812
1095	12.97130	77.64812
1096	12.97123	77.64813
1097	12.97114	77.64813
1098	12.97107	77.64814
1099	12.97099	77.64815
1100	12.97094	77.64815
1101	12.97085	77.64817
1102	12.97079	77.64817
1103	12.97073	77.64818
1104	12.97067	77.64819
1105	12.97060	77.64819
1106	12.97053	77.64819
1107	12.97045	77.64821
1108	12.97040	77.64821
1109	12.97034	77.64822
1110	12.97027	77.64824
1111	12.97020	77.64824
1112	12.97013	77.64826
1113	12.97007	77.64826
1114	12.97000	77.64828
1115	12.96994	77.64830
1116	12.96987	77.64832
1117	12.96981	77.64834
1118	12.96976	77.64835
1119	12.96969	77.64837
1120	12.96963	77.64838
1121	12.96958	77.64839
1122	12.96952	77.64841
1123	12.96947	77.64842
1124	12.96940	77.64843
1125	12.96931	77.64844
1126	12.96926	77.64847
1127	12.96918	77.64848
1128	12.96911	77.64850
1129	12.96905	77.64852
1130	12.96898	77.64852
1131	12.96892	77.64853
1132	12.96886	77.64854
1133	12.96880	77.64855
1134	12.96874	77.64857
1135	12.96868	77.64859
1136	12.96859	77.64861
1137	12.96852	77.64863
1138	12.96845	77.64865
1139	12.96840	77.64866
1140	12.96834	77.64867
1141	12.96825	77.64869
1142	12.96817	77.64870
1143	12.96810	77.64871
1144	12.96802	77.64873
1145	12.96795	77.64874
1146	12.96788	77.64876
1147	12.96782	77.64877
1148	12.96776	77.64880
1149	12.96768	77.64882
1150	12.96762	77.64883
1151	12.96757	77.64884
1152	12.96750	77.64887
1153	12.96747	77.64892
1154	12.96745	77.64899
1155	12.96744	77.64905
1156	12.96742	77.64912
1157	12.96741	77.64918
1158	12.96739	77.64924
1159	12.96738	77.64931
1160	12.96736	77.64938
1161	12.96735	77.64944
1162	12.96734	77.64953
1163	12.96732	77.64959
1164	12.96732	77.64965
1165	12.96731	77.64971
1166	12.96730	77.64979
1167	12.96730	77.64985
1168	12.96728	77.64992
1169	12.96728	77.64998
1170	12.96727	77.65003
1171	12.96726	77.65008
1172	12.96726	77.65015
1173	12.96725	77.65022
1174	12.96725	77.65027
1175	12.96723	77.65034
1176	12.96723	77.65040
1177	12.96722	77.65045
1178	12.96720	77.65052
1179	12.96720	77.65057
1180	12.96719	77.65064
1181	12.96718	77.65070
1182	12.96717	77.65077
1183	12.96716	77.65083
1184	12.96715	77.65092
1185	12.96714	77.65098
1186	12.96712	77.65104
1187	12.96711	77.65110
1188	12.96710	77.65116
1189	12.96708	77.65123
1190	12.96707	77.65129
1191	12.96706	77.65135
1192	12.96705	77.65142
1193	12.96704	77.65151
1194	12.96703	77.65157
1195	12.96701	77.65163
1196	12.96699	77.65170
1197	12.96697	77.65177
1198	12.96695	77.65183
1199	12.96694	77.65190
1200	12.96692	77.65196
1201	12.96690	77.65203
1202	12.96688	77.65210
1203	12.96687	77.65217
1204	12.96685	77.65222
1205	12.96683	77.65228
1206	12.96681	77.65235
1207	12.96680	77.65241
1208	12.96678	77.65249
1209	12.96676	77.65255
1210	12.96675	77.65262
1211	12.96674	77.65269
1212	12.96672	77.65276
1213	12.96670	77.65283
1214	12.96668	77.65290
1215	12.96666	77.65298
1216	12.96664	77.65305
1217	12.96663	77.65313
1218	12.96662	77.65319
1219	12.96662	77.65326
1220	12.96661	77.65332
1221	12.96660	77.65338
1222	12.96659	77.65344
1223	12.96659	77.65350
1224	12.96657	77.65357
1225	12.96655	77.65365
1226	12.96654	77.65372
1227	12.96653	77.65379
1228	12.96653	77.65386
1229	12.96651	77.65392
1230	12.96650	77.65399
1231	12.96649	77.65407
1232	12.96648	77.65414
1233	12.96648	77.65422
1234	12.96647	77.65428
1235	12.96647	77.65435
1236	12.96646	77.65442
1237	12.96646	77.65447
1238	12.96645	77.65455
1239	12.96644	77.65461
1240	12.96643	77.65468
1241	12.96642	77.65473
1242	12.96642	77.65479
1243	12.96640	77.65489
1244	12.96640	77.65495
1245	12.96639	77.65502
1246	12.96639	77.65510
1247	12.96637	77.65516
1248	12.96637	77.65523
1249	12.96637	77.65530
1250	12.96635	77.65537
1251	12.96634	77.65543
1252	12.96633	77.65550
1253	12.96632	77.65556
1254	12.96632	77.65565
1255	12.96632	77.65573
1256	12.96632	77.65580
1257	12.96632	77.65587
1258	12.96632	77.65595
1259	12.96631	77.65601
1260	12.96630	77.65608
1261	12.96629	77.65615
1262	12.96628	77.65622
1263	12.96627	77.65629
1264	12.96626	77.65637
1265	12.96625	77.65642
1266	12.96624	77.65650
1267	12.96623	77.65656
1268	12.96622	77.65662
1269	12.96621	77.65668
1270	12.96620	77.65675
1271	12.96619	77.65681
1272	12.96619	77.65688
1273	12.96617	77.65696
1274	12.96616	77.65704
1275	12.96615	77.65711
1276	12.96614	77.65718
1277	12.96614	77.65724
1278	12.96613	77.65731
1279	12.96612	77.65739
1280	12.96612	77.65747
1281	12.96611	77.65753
1282	12.96611	77.65758
1283	12.96610	77.65766
1284	12.96609	77.65772
1285	12.96607	77.65779
1286	12.96605	77.65786
1287	12.96604	77.65792
1288	12.96603	77.65798
1289	12.96602	77.65805
1290	12.96600	77.65813
1291	12.96598	77.65820
1292	12.96597	77.65826
1293	12.96596	77.65834
1294	12.96594	77.65839
1295	12.96593	77.65845
1296	12.96592	77.65851
1297	12.96591	77.65859
1298	12.96591	77.65865
1299	12.96590	77.65870
1300	12.96589	77.65875
1301	12.96588	77.65881
1302	12.96587	77.65889
1303	12.96586	77.65894
1304	12.96585	77.65901
1305	12.96584	77.65908
1306	12.96583	77.65915
1307	12.96583	77.65921
1308	12.96582	77.65928
1309	12.96581	77.65935
1310	12.96580	77.65943
1311	12.96579	77.65949
1312	12.96578	77.65956
1313	12.96578	77.65963
1314	12.96578	77.65970
1315	12.96577	77.65976
1316	12.96577	77.65982
