Rank	Latitude	Longitude
1	12.99925	77.60881
2	12.99918	77.60875
3	12.99911	77.60869
4	12.99906	77.60866
5	12.99903	77.60860
6	12.99907	77.60853
7	12.99910	77.60846
8	12.99912	77.60839
9	12.99915	77.60833
10	12.99916	77.60828
11	12.99917	77.60822
12	12.99919	77.60817
13	12.99921	77.60812
14	12.99922	77.60806
15	12.99924	77.60801
16	12.99927	77.60793
17	12.99928	77.60787
18	12.99930	77.60780
19	12.99931	77.60775
20	12.99934	77.60767
21	12.99936	77.60761
22	12.99938	77.60755
23	12.99939	77.60749
24	12.99941	77.60743
25	12.99942	77.60738
26	12.99944	77.60730
27	12.99946	77.60725
28	12.99947	77.60719
29	12.99949	77.60713
30	12.99951	77.60707
31	12.99953	77.60701
32	12.99954	77.60695
33	12.99956	77.60689
34	12.99958	77.60682
35	12.99959	77.60676
36	12.99952	77.60675
37	12.99946	77.60674
38	12.99939	77.60672
39	12.99933	77.60671
40	12.99927	77.60669
41	12.99918	77.60667
42	12.99911	77.60666
43	12.99902	77.60666
44	12.99895	77.60665
45	12.99888	77.60665
46	12.99881	77.60664
47	12.99874	77.60664
48	12.99866	77.60662
49	12.99860	77.60661
50	12.99855	77.60661
51	12.99849	77.60659
52	12.99840	77.60657
53	12.99835	77.60655
54	12.99829	77.60654
55	12.99823	77.60653
56	12.99818	77.60652
57	12.99813	77.60651
58	12.99805	77.60650
59	12.99799	77.60648
60	12.99792	77.60646
61	12.99786	77.60643
62	12.99783	77.60638
63	12.99781	77.60631
64	12.99780	77.60625
65	12.99779	77.60618
66	12.99779	77.60612
67	12.99780	77.60604
68	12.99780	77.60598
69	12.99781	77.60592
70	12.99781	77.60586
71	12.99781	77.60579
72	12.99781	77.60572
73	12.99781	77.60565
74	12.99781	77.60559
75	12.99782	77.60554
76	12.99783	77.60548
77	12.99784	77.60542
78	12.99784	77.60535
79	12.99784	77.60528
80	12.99785	77.60521
81	12.99785	77.60514
82	12.99784	77.60507
83	12.99787	77.60501
84	12.99795	77.60497
85	12.99801	77.60493
86	12.99808	77.60490
87	12.99814	77.60487
88	12.99821	77.60484
89	12.99829	77.60482
90	12.99834	77.60480
91	12.99839	77.60478
92	12.99846	77.60476
93	12.99852	77.60474
94	12.99857	77.60473
95	12.99862	77.60469
96	12.99865	77.60464
97	12.99869	77.60458
98	12.99872	77.60450
99	12.99876	77.60443
100	12.99879	77.60434
101	12.99881	77.60428
102	12.99883	77.60420
103	12.99886	77.60414
104	12.99887	77.60408
105	12.99889	77.60403
106	12.99892	77.60395
107	12.99896	77.60388
108	12.99900	77.60381
109	12.99902	77.60376
110	12.99906	77.60370
111	12.99909	77.60362
112	12.99911	77.60357
113	12.99913	77.60351
114	12.99916	77.60346
115	12.99917	77.60340
116	12.99919	77.60335
117	12.99921	77.60329
118	12.99926	77.60321
119	12.99927	77.60315
120	12.99929	77.60309
121	12.99930	77.60304
122	12.99933	77.60297
123	12.99935	77.60289
124	12.99937	77.60284
125	12.99941	77.60277
126	12.99943	77.60271
127	12.99946	77.60266
128	12.99949	77.60261
129	12.99953	77.60254
130	12.99956	77.60248
131	12.99960	77.60242
132	12.99963	77.60235
133	12.99966	77.60230
134	12.99969	77.60224
135	12.99971	77.60218
136	12.99974	77.60211
137	12.99977	77.60203
138	12.99980	77.60198
139	12.99986	77.60193
140	12.99992	77.60191
141	12.99997	77.60189
142	13.00003	77.60187
143	13.00011	77.60183
144	13.00018	77.60180
145	13.00027	77.60175
146	13.00033	77.60173
147	13.00038	77.60171
148	13.00044	77.60169
149	13.00049	77.60168
150	13.00055	77.60165
151	13.00057	77.60159
152	13.00065	77.60156
153	13.00071	77.60156
154	13.00077	77.60154
155	13.00084	77.60153
156	13.00089	77.60152
157	13.00096	77.60152
158	13.00102	77.60151
159	13.00108	77.60151
160	13.00114	77.60149
161	13.00120	77.60149
162	13.00126	77.60149
163	13.00133	77.60149
164	13.00138	77.60147
165	13.00144	77.60147
166	13.00146	77.60153
167	13.00147	77.60159
168	13.00147	77.60165
169	13.00147	77.60170
170	13.00147	77.60177
171	13.00147	77.60183
172	13.00148	77.60188
173	13.00149	77.60195
174	13.00149	77.60201
175	13.00149	77.60207
176	13.00149	77.60214
177	13.00149	77.60219
178	13.00149	77.60227
179	13.00149	77.60232
180	13.00150	77.60238
181	13.00151	77.60244
182	13.00158	77.60250
183	13.00165	77.60257
184	13.00170	77.60261
185	13.00176	77.60266
186	13.00181	77.60270
187	13.00188	77.60275
188	13.00194	77.60279
189	13.00200	77.60283
190	13.00206	77.60288
191	13.00213	77.60293
192	13.00220	77.60297
193	13.00225	77.60300
194	13.00231	77.60304
195	13.00237	77.60308
196	13.00242	77.60312
197	13.00247	77.60316
198	13.00252	77.60319
199	13.00258	77.60324
200	13.00263	77.60327
201	13.00268	77.60332
202	13.00274	77.60335
203	13.00279	77.60340
204	13.00285	77.60343
205	13.00290	77.60346
206	13.00297	77.60349
207	13.00305	77.60354
208	13.00312	77.60358
209	13.00318	77.60361
210	13.00323	77.60365
211	13.00330	77.60369
212	13.00336	77.60372
213	13.00341	77.60375
214	13.00347	77.60378
215	13.00353	77.60381
216	13.00359	77.60384
217	13.00366	77.60382
218	13.00373	77.60380
219	13.00378	77.60379
220	13.00385	77.60378
221	13.00391	77.60377
222	13.00396	77.60376
223	13.00402	77.60375
224	13.00407	77.60374
225	13.00412	77.60372
226	13.00418	77.60371
227	13.00423	77.60373
228	13.00429	77.60376
229	13.00435	77.60378
230	13.00441	77.60380
231	13.00447	77.60382
232	13.00452	77.60385
233	13.00459	77.60387
234	13.00465	77.60390
235	13.00472	77.60394
236	13.00478	77.60398
237	13.00484	77.60402
238	13.00491	77.60406
239	13.00497	77.60409
240	13.00502	77.60413
241	13.00508	77.60416
242	13.00514	77.60419
243	13.00521	77.60422
244	13.00527	77.60426
245	13.00532	77.60427
246	13.00539	77.60429
247	13.00545	77.60431
248	13.00552	77.60433
249	13.00559	77.60435
250	13.00565	77.60437
251	13.00571	77.60440
252	13.00578	77.60443
253	13.00583	77.60446
254	13.00589	77.60450
255	13.00595	77.60454
256	13.00601	77.60456
257	13.00606	77.60458
258	13.00612	77.60460
259	13.00619	77.60466
260	13.00618	77.60472
261	13.00613	77.60478
262	13.00609	77.60484
263	13.00604	77.60490
264	13.00599	77.60496
265	13.00600	77.60502
266	13.00607	77.60503
267	13.00614	77.60505
268	13.00620	77.60508
269	13.00626	77.60509
270	13.00633	77.60511
271	13.00640	77.60514
272	13.00647	77.60518
273	13.00652	77.60520
274	13.00659	77.60521
275	13.00668	77.60521
276	13.00676	77.60519
277	13.00682	77.60516
278	13.00687	77.60512
279	13.00694	77.60505
280	13.00701	77.60497
281	13.00704	77.60492
282	13.00709	77.60484
283	13.00713	77.60477
284	13.00715	77.60471
285	13.00720	77.60465
286	13.00723	77.60459
287	13.00726	77.60453
288	13.00731	77.60446
289	13.00735	77.60438
290	13.00739	77.60430
291	13.00742	77.60424
292	13.00745	77.60419
293	13.00748	77.60413
294	13.00753	77.60405
295	13.00756	77.60398
296	13.00759	77.60392
297	13.00762	77.60386
298	13.00764	77.60381
299	13.00769	77.60373
300	13.00772	77.60366
301	13.00776	77.60357
302	13.00779	77.60350
303	13.00783	77.60342
304	13.00786	77.60335
305	13.00788	77.60329
306	13.00792	77.60323
307	13.00794	77.60316
308	13.00796	77.60311
309	13.00800	77.60303
310	13.00804	77.60296
311	13.00806	77.60290
312	13.00810	77.60284
313	13.00813	77.60276
314	13.00817	77.60269
315	13.00820	77.60264
316	13.00825	77.60253
317	13.00827	77.60247
318	13.00830	77.60242
319	13.00833	77.60236
320	13.00836	77.60230
321	13.00839	77.60223
322	13.00841	77.60217
323	13.00844	77.60212
324	13.00846	77.60206
325	13.00850	77.60199
326	13.00853	77.60192
327	13.00855	77.60186
328	13.00861	77.60190
329	13.00867	77.60194
330	13.00873	77.60196
331	13.00880	77.60198
332	13.00885	77.60200
333	13.00890	77.60202
334	13.00895	77.60203
335	13.00901	77.60204
336	13.00907	77.60204
337	13.00913	77.60205
338	13.00919	77.60206
339	13.00924	77.60208
340	13.00931	77.60209
341	13.00936	77.60210
342	13.00942	77.60212
343	13.00948	77.60214
344	13.00955	77.60215
345	13.00961	77.60216
346	13.00966	77.60217
347	13.00972	77.60217
348	13.00978	77.60218
349	13.00984	77.60218
350	13.00990	77.60219
351	13.00996	77.60219
352	13.01002	77.60219
353	13.01007	77.60222
354	13.01012	77.60224
355	13.01018	77.60225
356	13.01026	77.60226
357	13.01033	77.60229
358	13.01040	77.60230
359	13.01045	77.60231
360	13.01051	77.60232
361	13.01059	77.60234
362	13.01064	77.60236
363	13.01072	77.60236
364	13.01078	77.60237
365	13.01086	77.60238
366	13.01093	77.60239
367	13.01098	77.60240
368	13.01103	77.60242
369	13.01109	77.60244
370	13.01114	77.60245
371	13.01120	77.60246
372	13.01126	77.60247
373	13.01132	77.60249
374	13.01137	77.60251
375	13.01144	77.60253
376	13.01149	77.60255
377	13.01157	77.60258
378	13.01163	77.60259
379	13.01168	77.60260
380	13.01174	77.60261
381	13.01180	77.60262
382	13.01186	77.60263
383	13.01193	77.60265
384	13.01199	77.60266
385	13.01207	77.60268
386	13.01213	77.60270
387	13.01220	77.60272
388	13.01225	77.60273
389	13.01233	77.60275
390	13.01238	77.60276
391	13.01244	77.60277
392	13.01252	77.60279
393	13.01259	77.60280
394	13.01265	77.60280
395	13.01271	77.60281
396	13.01276	77.60282
397	13.01281	77.60283
398	13.01288	77.60286
399	13.01294	77.60288
400	13.01299	77.60288
401	13.01305	77.60289
402	13.01311	77.60289
403	13.01317	77.60290
404	13.01323	77.60290
405	13.01329	77.60290
406	13.01329	77.60296
407	13.01326	77.60301
408	13.01323	77.60307
409	13.01320	77.60314
410	13.01317	77.60319
411	13.01314	77.60326
412	13.01309	77.60334
413	13.01308	77.60340
414	13.01306	77.60346
415	13.01303	77.60352
416	13.01296	77.60360
417	13.01291	77.60363
418	13.01284	77.60365
419	13.01277	77.60368
420	13.01271	77.60371
421	13.01265	77.60374
422	13.01258	77.60378
423	13.01255	77.60384
424	13.01252	77.60391
425	13.01249	77.60396
426	13.01247	77.60402
427	13.01244	77.60408
428	13.01241	77.60414
429	13.01239	77.60422
430	13.01237	77.60428
431	13.01236	77.60435
432	13.01236	77.60441
433	13.01234	77.60447
434	13.01233	77.60454
435	13.01232	77.60460
436	13.01232	77.60466
437	13.01231	77.60472
438	13.01231	77.60479
439	13.01231	77.60485
440	13.01232	77.60490
441	13.01233	77.60496
442	13.01232	77.60502
443	13.01228	77.60509
444	13.01225	77.60516
445	13.01219	77.60525
446	13.01215	77.60531
447	13.01211	77.60536
448	13.01208	77.60541
449	13.01203	77.60549
450	13.01198	77.60557
451	13.01197	77.60563
452	13.01194	77.60569
453	13.01192	77.60576
454	13.01191	77.60583
455	13.01189	77.60588
456	13.01188	77.60594
457	13.01186	77.60600
458	13.01184	77.60606
459	13.01182	77.60612
460	13.01181	77.60619
461	13.01178	77.60624
462	13.01175	77.60630
463	13.01173	77.60636
464	13.01170	77.60642
465	13.01167	77.60648
466	13.01165	77.60654
467	13.01162	77.60660
468	13.01160	77.60666
469	13.01158	77.60673
470	13.01156	77.60679
471	13.01153	77.60684
472	13.01151	77.60689
473	13.01147	77.60695
474	13.01146	77.60702
475	13.01143	77.60708
476	13.01141	77.60714
477	13.01139	77.60719
478	13.01139	77.60726
479	13.01139	77.60733
480	13.01139	77.60740
481	13.01137	77.60745
482	13.01135	77.60752
483	13.01134	77.60758
484	13.01133	77.60764
485	13.01133	77.60771
486	13.01133	77.60777
487	13.01133	77.60784
488	13.01131	77.60791
489	13.01131	77.60798
490	13.01131	77.60804
491	13.01129	77.60811
492	13.01127	77.60818
493	13.01125	77.60824
494	13.01123	77.60830
495	13.01122	77.60836
496	13.01121	77.60843
497	13.01120	77.60849
498	13.01117	77.60856
499	13.01116	77.60863
500	13.01116	77.60869
501	13.01115	77.60876
502	13.01115	77.60882
503	13.01114	77.60888
504	13.01112	77.60895
505	13.01111	77.60902
506	13.01110	77.60908
507	13.01109	77.60915
508	13.01108	77.60921
509	13.01107	77.60926
510	13.01107	77.60932
511	13.01105	77.60938
512	13.01100	77.60942
513	13.01093	77.60945
514	13.01087	77.60947
515	13.01081	77.60950
516	13.01075	77.60952
517	13.01069	77.60955
518	13.01063	77.60958
519	13.01056	77.60960
520	13.01050	77.60962
521	13.01044	77.60965
522	13.01039	77.60968
523	13.01033	77.60970
524	13.01026	77.60974
525	13.01021	77.60976
526	13.01015	77.60979
527	13.01009	77.60982
528	13.01002	77.60984
529	13.00995	77.60988
530	13.00989	77.60990
531	13.00983	77.60993
532	13.00976	77.60997
533	13.00970	77.60998
534	13.00964	77.61002
535	13.00958	77.61004
536	13.00952	77.61007
537	13.00947	77.61011
538	13.00941	77.61015
539	13.00935	77.61019
540	13.00928	77.61023
541	13.00922	77.61026
542	13.00915	77.61033
543	13.00909	77.61039
544	13.00903	77.61046
545	13.00899	77.61051
546	13.00895	77.61056
547	13.00893	77.61063
548	13.00893	77.61068
549	13.00891	77.61075
550	13.00890	77.61080
551	13.00889	77.61085
552	13.00889	77.61092
553	13.00888	77.61097
554	13.00887	77.61103
555	13.00887	77.61110
556	13.00886	77.61116
557	13.00885	77.61122
558	13.00884	77.61129
559	13.00883	77.61134
560	13.00882	77.61141
561	13.00881	77.61146
562	13.00880	77.61152
563	13.00880	77.61159
564	13.00879	77.61165
565	13.00878	77.61172
566	13.00876	77.61178
567	13.00874	77.61185
568	13.00873	77.61191
569	13.00872	77.61198
570	13.00871	77.61205
571	13.00870	77.61211
572	13.00870	77.61217
573	13.00868	77.61224
574	13.00867	77.61229
575	13.00866	77.61235
576	13.00864	77.61242
577	13.00863	77.61247
578	13.00863	77.61254
579	13.00861	77.61260
580	13.00860	77.61267
581	13.00859	77.61272
582	13.00858	77.61278
583	13.00856	77.61285
584	13.00854	77.61291
585	13.00854	77.61298
586	13.00853	77.61305
587	13.00852	77.61311
588	13.00851	77.61317
589	13.00845	77.61318
590	13.00840	77.61313
591	13.00835	77.61310
592	13.00829	77.61307
593	13.00824	77.61303
594	13.00818	77.61301
595	13.00811	77.61297
596	13.00804	77.61292
597	13.00797	77.61290
598	13.00792	77.61288
599	13.00786	77.61285
600	13.00781	77.61284
601	13.00773	77.61282
602	13.00766	77.61277
603	13.00757	77.61273
604	13.00750	77.61272
605	13.00745	77.61270
606	13.00738	77.61267
607	13.00732	77.61266
608	13.00727	77.61264
609	13.00720	77.61262
610	13.00713	77.61260
611	13.00708	77.61258
612	13.00701	77.61256
613	13.00695	77.61253
614	13.00687	77.61251
615	13.00681	77.61249
616	13.00674	77.61247
617	13.00667	77.61246
618	13.00659	77.61245
619	13.00652	77.61244
620	13.00646	77.61243
621	13.00639	77.61242
622	13.00632	77.61241
623	13.00626	77.61240
624	13.00620	77.61239
625	13.00614	77.61238
626	13.00607	77.61237
627	13.00601	77.61237
628	13.00594	77.61237
629	13.00588	77.61236
630	13.00581	77.61236
631	13.00574	77.61236
632	13.00568	77.61236
633	13.00562	77.61236
634	13.00556	77.61235
635	13.00548	77.61234
636	13.00542	77.61234
637	13.00536	77.61233
638	13.00529	77.61233
639	13.00523	77.61233
640	13.00515	77.61232
641	13.00506	77.61232
642	13.00498	77.61232
643	13.00489	77.61232
644	13.00482	77.61232
645	13.00474	77.61230
646	13.00467	77.61230
647	13.00460	77.61229
648	13.00451	77.61228
649	13.00443	77.61228
650	13.00437	77.61227
651	13.00429	77.61226
652	13.00422	77.61224
653	13.00416	77.61223
654	13.00410	77.61223
655	13.00404	77.61221
656	13.00399	77.61221
657	13.00391	77.61220
658	13.00385	77.61219
659	13.00376	77.61217
660	13.00368	77.61217
661	13.00360	77.61217
662	13.00352	77.61217
663	13.00345	77.61217
664	13.00338	77.61217
665	13.00332	77.61217
666	13.00323	77.61216
667	13.00315	77.61215
668	13.00307	77.61214
669	13.00301	77.61214
670	13.00294	77.61213
671	13.00287	77.61213
672	13.00281	77.61213
673	13.00273	77.61212
674	13.00268	77.61212
675	13.00262	77.61212
676	13.00255	77.61211
677	13.00249	77.61211
678	13.00242	77.61211
679	13.00233	77.61210
680	13.00225	77.61210
681	13.00216	77.61209
682	13.00210	77.61208
683	13.00202	77.61207
684	13.00196	77.61206
685	13.00188	77.61206
686	13.00180	77.61205
687	13.00172	77.61205
688	13.00166	77.61205
689	13.00163	77.61200
690	13.00159	77.61195
691	13.00155	77.61187
692	13.00153	77.61181
693	13.00151	77.61174
694	13.00148	77.61168
695	13.00147	77.61161
696	13.00146	77.61156
697	13.00143	77.61150
698	13.00141	77.61145
699	13.00138	77.61139
700	13.00135	77.61133
701	13.00131	77.61127
702	13.00127	77.61121
703	13.00123	77.61115
704	13.00119	77.61110
705	13.00115	77.61103
706	13.00109	77.61096
707	13.00106	77.61091
708	13.00101	77.61085
709	13.00098	77.61080
710	13.00093	77.61072
711	13.00090	77.61066
712	13.00086	77.61060
713	13.00084	77.61055
714	13.00082	77.61049
715	13.00077	77.61042
716	13.00073	77.61036
717	13.00070	77.61030
718	13.00065	77.61025
719	13.00061	77.61019
720	13.00054	77.61011
721	13.00050	77.61005
722	13.00044	77.60998
723	13.00038	77.60991
724	13.00031	77.60984
725	13.00024	77.60979
726	13.00019	77.60974
727	13.00012	77.60968
728	13.00006	77.60963
729	13.00000	77.60957
730	12.99994	77.60951
731	12.99988	77.60946
732	12.99981	77.60938
733	12.99973	77.60931
734	12.99968	77.60923
735	12.99962	77.60917
736	12.99957	77.60911
737	12.99952	77.60905
738	12.99945	77.60900
739	12.99938	77.60892
740	12.99933	77.60888
