Rank	Latitude	Longitude
1	12.99762	77.60973
2	12.99764	77.60968
3	12.99768	77.60962
4	12.99771	77.60954
5	12.99774	77.60946
6	12.99775	77.60941
7	12.99777	77.60935
8	12.99779	77.60927
9	12.99781	77.60922
10	12.99783	77.60917
11	12.99784	77.60911
12	12.99787	77.60904
13	12.99788	77.60898
14	12.99790	77.60891
15	12.99792	77.60885
16	12.99794	77.60877
17	12.99796	77.60871
18	12.99798	77.60865
19	12.99799	77.60859
20	12.99801	77.60854
21	12.99803	77.60848
22	12.99805	77.60840
23	12.99806	77.60835
24	12.99807	77.60830
25	12.99809	77.60823
26	12.99811	77.60817
27	12.99813	77.60811
28	12.99814	77.60805
29	12.99816	77.60800
30	12.99818	77.60792
31	12.99819	77.60787
32	12.99812	77.60785
33	12.99806	77.60785
34	12.99799	77.60782
35	12.99794	77.60781
36	12.99787	77.60779
37	12.99778	77.60778
38	12.99771	77.60776
39	12.99763	77.60776
40	12.99755	77.60775
41	12.99748	77.60775
42	12.99741	77.60774
43	12.99734	77.60774
44	12.99726	77.60773
45	12.99720	77.60772
46	12.99715	77.60771
47	12.99709	77.60770
48	12.99700	77.60767
49	12.99695	77.60766
50	12.99689	77.60765
51	12.99684	77.60764
52	12.99678	77.60763
53	12.99673	77.60761
54	12.99665	77.60760
55	12.99659	77.60758
56	12.99653	77.60756
57	12.99646	77.60753
58	12.99643	77.60748
59	12.99641	77.60742
60	12.99641	77.60735
61	12.99639	77.60729
62	12.99639	77.60722
63	12.99640	77.60714
64	12.99641	77.60708
65	12.99641	77.60702
66	12.99641	77.60696
67	12.99641	77.60690
68	12.99641	77.60682
69	12.99642	77.60675
70	12.99642	77.60670
71	12.99643	77.60664
72	12.99643	77.60658
73	12.99644	77.60652
74	12.99644	77.60646
75	12.99644	77.60638
76	12.99645	77.60632
77	12.99645	77.60625
78	12.99644	77.60618
79	12.99647	77.60611
80	12.99655	77.60607
81	12.99662	77.60604
82	12.99668	77.60600
83	12.99674	77.60597
84	12.99681	77.60595
85	12.99689	77.60592
86	12.99694	77.60590
87	12.99699	77.60589
88	12.99706	77.60586
89	12.99712	77.60584
90	12.99717	77.60583
91	12.99723	77.60580
92	12.99725	77.60574
93	12.99729	77.60568
94	12.99733	77.60560
95	12.99736	77.60553
96	12.99739	77.60545
97	12.99741	77.60538
98	12.99744	77.60530
99	12.99746	77.60524
100	12.99747	77.60518
101	12.99749	77.60513
102	12.99752	77.60506
103	12.99756	77.60499
104	12.99760	77.60492
105	12.99762	77.60486
106	12.99766	77.60480
107	12.99769	77.60472
108	12.99772	77.60467
109	12.99774	77.60462
110	12.99776	77.60456
111	12.99777	77.60450
112	12.99779	77.60445
113	12.99782	77.60439
114	12.99786	77.60431
115	12.99787	77.60425
116	12.99789	77.60420
117	12.99790	77.60414
118	12.99793	77.60407
119	12.99795	77.60399
120	12.99797	77.60394
121	12.99801	77.60387
122	12.99803	77.60382
123	12.99806	77.60376
124	12.99809	77.60371
125	12.99813	77.60364
126	12.99816	77.60359
127	12.99820	77.60352
128	12.99824	77.60346
129	12.99826	77.60340
130	12.99829	77.60334
131	12.99831	77.60328
132	12.99834	77.60321
133	12.99837	77.60313
134	12.99840	77.60308
135	12.99846	77.60303
136	12.99852	77.60302
137	12.99857	77.60300
138	12.99863	77.60297
139	12.99871	77.60294
140	12.99879	77.60290
141	12.99887	77.60285
142	12.99893	77.60283
143	12.99899	77.60281
144	12.99904	77.60280
145	12.99910	77.60278
146	12.99915	77.60275
147	12.99917	77.60269
148	12.99925	77.60266
149	12.99931	77.60266
150	12.99937	77.60265
151	12.99944	77.60264
152	12.99950	77.60263
153	12.99956	77.60262
154	12.99962	77.60261
155	12.99968	77.60261
156	12.99974	77.60259
157	12.99981	77.60259
158	12.99986	77.60259
159	12.99993	77.60259
160	12.99999	77.60258
161	13.00004	77.60257
162	13.00009	77.60252
163	13.00011	77.60244
164	13.00011	77.60238
165	13.00011	77.60231
166	13.00012	77.60225
167	13.00012	77.60219
168	13.00012	77.60212
169	13.00011	77.60204
170	13.00011	77.60197
171	13.00010	77.60191
172	13.00009	77.60185
173	13.00007	77.60179
174	13.00005	77.60174
175	13.00003	77.60166
176	13.00001	77.60158
177	12.99998	77.60152
178	12.99997	77.60144
179	12.99995	77.60138
180	12.99993	77.60132
181	12.99993	77.60126
182	12.99992	77.60119
183	12.99991	77.60112
184	12.99990	77.60105
185	12.99989	77.60099
186	12.99987	77.60091
187	12.99987	77.60084
188	12.99986	77.60078
189	12.99984	77.60071
190	12.99984	77.60065
191	12.99984	77.60059
192	12.99991	77.60055
193	12.99997	77.60051
194	13.00003	77.60046
195	13.00009	77.60041
196	13.00014	77.60036
197	13.00021	77.60030
198	13.00026	77.60025
199	13.00033	77.60020
200	13.00039	77.60014
201	13.00044	77.60008
202	13.00047	77.60001
203	13.00051	77.59994
204	13.00054	77.59988
205	13.00058	77.59981
206	13.00061	77.59975
207	13.00064	77.59969
208	13.00068	77.59963
209	13.00073	77.59957
210	13.00078	77.59951
211	13.00083	77.59944
212	13.00087	77.59938
213	13.00092	77.59933
214	13.00097	77.59927
215	13.00101	77.59920
216	13.00105	77.59915
217	13.00110	77.59908
218	13.00113	77.59901
219	13.00117	77.59894
220	13.00121	77.59887
221	13.00124	77.59879
222	13.00127	77.59874
223	13.00130	77.59867
224	13.00133	77.59862
225	13.00137	77.59855
226	13.00141	77.59847
227	13.00144	77.59839
228	13.00147	77.59832
229	13.00150	77.59825
230	13.00153	77.59818
231	13.00155	77.59812
232	13.00159	77.59805
233	13.00162	77.59799
234	13.00166	77.59793
235	13.00171	77.59786
236	13.00176	77.59780
237	13.00180	77.59773
238	13.00184	77.59766
239	13.00187	77.59758
240	13.00192	77.59750
241	13.00195	77.59743
242	13.00198	77.59736
243	13.00201	77.59730
244	13.00204	77.59725
245	13.00208	77.59718
246	13.00212	77.59712
247	13.00215	77.59707
248	13.00219	77.59700
249	13.00221	77.59694
250	13.00226	77.59688
251	13.00231	77.59681
252	13.00235	77.59675
253	13.00239	77.59669
254	13.00245	77.59662
255	13.00251	77.59656
256	13.00257	77.59651
257	13.00263	77.59645
258	13.00269	77.59640
259	13.00275	77.59634
260	13.00280	77.59628
261	13.00286	77.59623
262	13.00287	77.59618
263	13.00290	77.59610
264	13.00293	77.59605
265	13.00298	77.59598
266	13.00303	77.59592
267	13.00310	77.59587
268	13.00315	77.59581
269	13.00320	77.59575
270	13.00325	77.59567
271	13.00330	77.59561
272	13.00335	77.59554
273	13.00339	77.59547
274	13.00344	77.59540
275	13.00347	77.59533
276	13.00353	77.59527
277	13.00358	77.59520
278	13.00364	77.59512
279	13.00369	77.59506
280	13.00374	77.59500
281	13.00380	77.59495
282	13.00385	77.59489
283	13.00390	77.59483
284	13.00395	77.59477
285	13.00399	77.59471
286	13.00404	77.59465
287	13.00408	77.59459
288	13.00413	77.59452
289	13.00418	77.59445
290	13.00421	77.59440
291	13.00425	77.59434
292	13.00420	77.59432
293	13.00413	77.59433
294	13.00408	77.59435
295	13.00401	77.59437
296	13.00395	77.59439
297	13.00390	77.59440
298	13.00382	77.59443
299	13.00375	77.59444
300	13.00370	77.59446
301	13.00362	77.59449
302	13.00354	77.59451
303	13.00349	77.59452
304	13.00341	77.59453
305	13.00333	77.59456
306	13.00326	77.59458
307	13.00320	77.59459
308	13.00314	77.59462
309	13.00307	77.59465
310	13.00299	77.59469
311	13.00292	77.59470
312	13.00286	77.59472
313	13.00280	77.59474
314	13.00274	77.59476
315	13.00268	77.59478
316	13.00262	77.59479
317	13.00256	77.59481
318	13.00250	77.59483
319	13.00245	77.59484
320	13.00238	77.59486
321	13.00230	77.59488
322	13.00223	77.59490
323	13.00217	77.59492
324	13.00211	77.59493
325	13.00206	77.59495
326	13.00199	77.59498
327	13.00193	77.59500
328	13.00187	77.59502
329	13.00181	77.59503
330	13.00176	77.59505
331	13.00169	77.59507
332	13.00163	77.59509
333	13.00158	77.59510
334	13.00150	77.59514
335	13.00143	77.59516
336	13.00138	77.59518
337	13.00131	77.59522
338	13.00126	77.59524
339	13.00121	77.59527
340	13.00116	77.59530
341	13.00110	77.59532
342	13.00105	77.59534
343	13.00098	77.59536
344	13.00091	77.59538
345	13.00085	77.59539
346	13.00077	77.59542
347	13.00072	77.59543
348	13.00066	77.59545
349	13.00058	77.59547
350	13.00052	77.59548
351	13.00046	77.59549
352	13.00039	77.59550
353	13.00033	77.59551
354	13.00026	77.59552
355	13.00020	77.59553
356	13.00015	77.59555
357	13.00009	77.59557
358	13.00004	77.59559
359	12.99998	77.59560
360	12.99993	77.59562
361	12.99987	77.59564
362	12.99980	77.59565
363	12.99975	77.59566
364	12.99969	77.59567
365	12.99964	77.59568
366	12.99958	77.59569
367	12.99953	77.59571
368	12.99946	77.59573
369	12.99940	77.59575
370	12.99931	77.59578
371	12.99923	77.59580
372	12.99916	77.59582
373	12.99908	77.59586
374	12.99902	77.59589
375	12.99894	77.59593
376	12.99888	77.59594
377	12.99881	77.59597
378	12.99874	77.59599
379	12.99867	77.59600
380	12.99861	77.59601
381	12.99854	77.59601
382	12.99847	77.59603
383	12.99842	77.59604
384	12.99835	77.59605
385	12.99828	77.59606
386	12.99823	77.59608
387	12.99816	77.59610
388	12.99810	77.59612
389	12.99805	77.59613
390	12.99797	77.59615
391	12.99790	77.59617
392	12.99783	77.59619
393	12.99778	77.59620
394	12.99773	77.59623
395	12.99767	77.59624
396	12.99762	77.59625
397	12.99754	77.59628
398	12.99748	77.59630
399	12.99743	77.59631
400	12.99736	77.59633
401	12.99731	77.59634
402	12.99724	77.59637
403	12.99719	77.59638
404	12.99714	77.59640
405	12.99708	77.59642
406	12.99703	77.59643
407	12.99695	77.59646
408	12.99688	77.59648
409	12.99683	77.59650
410	12.99677	77.59652
411	12.99668	77.59655
412	12.99663	77.59656
413	12.99656	77.59659
414	12.99650	77.59660
415	12.99645	77.59662
416	12.99639	77.59663
417	12.99632	77.59665
418	12.99624	77.59667
419	12.99618	77.59669
420	12.99612	77.59670
421	12.99606	77.59671
422	12.99600	77.59672
423	12.99595	77.59674
424	12.99588	77.59676
425	12.99583	77.59677
426	12.99576	77.59680
427	12.99569	77.59683
428	12.99563	77.59684
429	12.99557	77.59684
430	12.99552	77.59685
431	12.99544	77.59686
432	12.99539	77.59687
433	12.99533	77.59688
434	12.99527	77.59689
435	12.99521	77.59689
436	12.99515	77.59690
437	12.99510	77.59690
438	12.99503	77.59691
439	12.99495	77.59691
440	12.99489	77.59692
441	12.99483	77.59692
442	12.99475	77.59692
443	12.99468	77.59692
444	12.99462	77.59692
445	12.99455	77.59693
446	12.99450	77.59694
447	12.99443	77.59695
448	12.99436	77.59697
449	12.99431	77.59698
450	12.99426	77.59699
451	12.99420	77.59699
452	12.99413	77.59700
453	12.99408	77.59701
454	12.99400	77.59702
455	12.99394	77.59703
456	12.99389	77.59704
457	12.99380	77.59705
458	12.99373	77.59706
459	12.99366	77.59706
460	12.99361	77.59707
461	12.99356	77.59708
462	12.99350	77.59708
463	12.99345	77.59706
464	12.99348	77.59700
465	12.99350	77.59694
466	12.99354	77.59686
467	12.99356	77.59680
468	12.99359	77.59674
469	12.99362	77.59668
470	12.99365	77.59662
471	12.99367	77.59657
472	12.99370	77.59648
473	12.99371	77.59642
474	12.99375	77.59634
475	12.99377	77.59628
476	12.99379	77.59621
477	12.99381	77.59616
478	12.99382	77.59610
479	12.99386	77.59604
480	12.99388	77.59598
481	12.99390	77.59592
482	12.99392	77.59586
483	12.99393	77.59580
484	12.99395	77.59573
485	12.99397	77.59568
486	12.99400	77.59561
487	12.99401	77.59556
488	12.99403	77.59549
489	12.99404	77.59542
490	12.99406	77.59535
491	12.99409	77.59528
492	12.99410	77.59523
493	12.99411	77.59517
494	12.99412	77.59510
495	12.99412	77.59502
496	12.99413	77.59495
497	12.99413	77.59486
498	12.99413	77.59478
499	12.99413	77.59469
500	12.99412	77.59463
501	12.99412	77.59456
502	12.99412	77.59449
503	12.99412	77.59440
504	12.99411	77.59433
505	12.99411	77.59427
506	12.99411	77.59419
507	12.99410	77.59411
508	12.99410	77.59405
509	12.99410	77.59397
510	12.99410	77.59389
511	12.99409	77.59382
512	12.99409	77.59375
513	12.99408	77.59369
514	12.99407	77.59363
515	12.99407	77.59356
516	12.99407	77.59351
517	12.99407	77.59345
518	12.99407	77.59339
519	12.99407	77.59331
520	12.99406	77.59326
521	12.99406	77.59319
522	12.99405	77.59313
523	12.99405	77.59308
524	12.99403	77.59300
525	12.99402	77.59294
526	12.99394	77.59291
527	12.99389	77.59291
528	12.99386	77.59298
529	12.99385	77.59305
530	12.99384	77.59311
531	12.99382	77.59316
532	12.99382	77.59322
533	12.99380	77.59328
534	12.99378	77.59335
535	12.99376	77.59341
536	12.99374	77.59348
537	12.99372	77.59354
538	12.99370	77.59360
539	12.99367	77.59366
540	12.99365	77.59373
541	12.99362	77.59380
542	12.99360	77.59386
543	12.99358	77.59392
544	12.99356	77.59397
545	12.99355	77.59402
546	12.99354	77.59410
547	12.99353	77.59415
548	12.99350	77.59422
549	12.99348	77.59428
550	12.99345	77.59435
551	12.99343	77.59441
552	12.99341	77.59447
553	12.99339	77.59453
554	12.99335	77.59459
555	12.99332	77.59465
556	12.99330	77.59471
557	12.99326	77.59478
558	12.99324	77.59484
559	12.99321	77.59490
560	12.99318	77.59497
561	12.99315	77.59504
562	12.99312	77.59510
563	12.99309	77.59517
564	12.99305	77.59523
565	12.99303	77.59528
566	12.99299	77.59536
567	12.99296	77.59542
568	12.99292	77.59549
569	12.99289	77.59555
570	12.99286	77.59561
571	12.99283	77.59566
572	12.99280	77.59572
573	12.99275	77.59579
574	12.99271	77.59585
575	12.99268	77.59591
576	12.99265	77.59596
577	12.99262	77.59603
578	12.99258	77.59609
579	12.99255	77.59614
580	12.99252	77.59620
581	12.99248	77.59628
582	12.99245	77.59633
583	12.99242	77.59639
584	12.99239	77.59645
585	12.99235	77.59654
586	12.99232	77.59660
587	12.99227	77.59666
588	12.99224	77.59673
589	12.99221	77.59678
590	12.99215	77.59685
591	12.99209	77.59693
592	12.99202	77.59698
593	12.99197	77.59702
594	12.99189	77.59708
595	12.99182	77.59715
596	12.99174	77.59721
597	12.99169	77.59726
598	12.99164	77.59731
599	12.99159	77.59735
600	12.99152	77.59740
601	12.99145	77.59746
602	12.99139	77.59751
603	12.99134	77.59756
604	12.99129	77.59760
605	12.99123	77.59764
606	12.99118	77.59769
607	12.99112	77.59772
608	12.99104	77.59778
609	12.99099	77.59782
610	12.99091	77.59786
611	12.99084	77.59790
612	12.99079	77.59794
613	12.99073	77.59798
614	12.99068	77.59801
615	12.99062	77.59806
616	12.99056	77.59810
617	12.99050	77.59814
618	12.99045	77.59818
619	12.99037	77.59824
620	12.99030	77.59830
621	12.99024	77.59835
622	12.99020	77.59841
623	12.99013	77.59847
624	12.99008	77.59850
625	12.99002	77.59855
626	12.98997	77.59860
627	12.98992	77.59866
628	12.98989	77.59873
629	12.98987	77.59880
630	12.98984	77.59885
631	12.98982	77.59891
632	12.98980	77.59897
633	12.98978	77.59904
634	12.98976	77.59910
635	12.98973	77.59917
636	12.98971	77.59922
637	12.98968	77.59928
638	12.98966	77.59934
639	12.98963	77.59939
640	12.98960	77.59947
641	12.98957	77.59954
642	12.98955	77.59961
643	12.98953	77.59967
644	12.98951	77.59974
645	12.98949	77.59979
646	12.98947	77.59985
647	12.98946	77.59991
648	12.98943	77.59999
649	12.98941	77.60004
650	12.98938	77.60012
651	12.98936	77.60018
652	12.98932	77.60025
653	12.98929	77.60031
654	12.98927	77.60036
655	12.98923	77.60043
656	12.98921	77.60049
657	12.98919	77.60055
658	12.98917	77.60062
659	12.98910	77.60063
660	12.98902	77.60062
661	12.98897	77.60060
662	12.98890	77.60059
663	12.98885	77.60058
664	12.98877	77.60056
665	12.98870	77.60054
666	12.98864	77.60052
667	12.98859	77.60050
668	12.98852	77.60048
669	12.98845	77.60046
670	12.98837	77.60044
671	12.98830	77.60042
672	12.98825	77.60040
673	12.98818	77.60037
674	12.98812	77.60034
675	12.98807	77.60032
676	12.98800	77.60029
677	12.98795	77.60028
678	12.98789	77.60026
679	12.98784	77.60024
680	12.98778	77.60021
681	12.98772	77.60020
682	12.98767	77.60018
683	12.98761	77.60014
684	12.98756	77.60012
685	12.98750	77.60010
686	12.98744	77.60006
687	12.98739	77.60004
688	12.98731	77.60002
689	12.98724	77.59998
690	12.98716	77.59993
691	12.98709	77.59991
692	12.98704	77.59988
693	12.98698	77.59986
694	12.98693	77.59984
695	12.98687	77.59982
696	12.98679	77.59978
697	12.98673	77.59977
698	12.98666	77.59975
699	12.98658	77.59973
700	12.98652	77.59971
701	12.98647	77.59970
702	12.98641	77.59968
703	12.98635	77.59965
704	12.98629	77.59962
705	12.98624	77.59959
706	12.98618	77.59956
707	12.98611	77.59953
708	12.98605	77.59949
709	12.98599	77.59947
710	12.98592	77.59945
711	12.98587	77.59944
712	12.98581	77.59942
713	12.98574	77.59940
714	12.98567	77.59939
715	12.98560	77.59937
716	12.98554	77.59935
717	12.98548	77.59933
718	12.98542	77.59931
719	12.98537	77.59929
720	12.98530	77.59926
721	12.98525	77.59924
722	12.98519	77.59921
723	12.98514	77.59918
724	12.98508	77.59915
725	12.98502	77.59912
726	12.98495	77.59910
727	12.98489	77.59908
728	12.98484	77.59906
729	12.98478	77.59905
730	12.98472	77.59903
731	12.98465	77.59901
732	12.98459	77.59899
733	12.98453	77.59897
734	12.98447	77.59895
735	12.98441	77.59894
736	12.98435	77.59892
737	12.98428	77.59889
738	12.98423	77.59887
739	12.98416	77.59884
740	12.98410	77.59881
741	12.98404	77.59877
742	12.98397	77.59874
743	12.98391	77.59871
744	12.98385	77.59868
745	12.98377	77.59865
746	12.98372	77.59862
747	12.98365	77.59858
748	12.98358	77.59855
749	12.98353	77.59852
750	12.98347	77.59850
751	12.98342	77.59847
752	12.98336	77.59844
753	12.98330	77.59842
754	12.98324	77.59840
755	12.98318	77.59837
756	12.98312	77.59834
757	12.98306	77.59831
758	12.98300	77.59828
759	12.98294	77.59833
760	12.98290	77.59838
761	12.98285	77.59844
762	12.98280	77.59851
763	12.98276	77.59857
764	12.98272	77.59864
765	12.98267	77.59869
766	12.98264	77.59877
767	12.98262	77.59883
768	12.98261	77.59889
769	12.98259	77.59894
770	12.98259	77.59900
771	12.98259	77.59907
772	12.98260	77.59913
773	12.98260	77.59919
774	12.98261	77.59924
775	12.98262	77.59929
776	12.98263	77.59936
777	12.98264	77.59941
778	12.98265	77.59948
779	12.98266	77.59954
780	12.98269	77.59961
781	12.98271	77.59967
782	12.98272	77.59973
783	12.98272	77.59978
784	12.98274	77.59987
785	12.98274	77.59993
786	12.98275	77.59998
787	12.98276	77.60004
788	12.98277	77.60009
789	12.98278	77.60016
790	12.98280	77.60022
791	12.98281	77.60029
792	12.98282	77.60035
793	12.98282	77.60042
794	12.98283	77.60047
795	12.98284	77.60052
796	12.98285	77.60058
797	12.98287	77.60064
798	12.98288	77.60071
799	12.98290	77.60077
800	12.98291	77.60084
801	12.98292	77.60090
802	12.98294	77.60096
803	12.98296	77.60104
804	12.98297	77.60110
805	12.98298	77.60115
806	12.98300	77.60120
807	12.98301	77.60127
808	12.98302	77.60134
809	12.98303	77.60143
810	12.98303	77.60148
811	12.98304	77.60154
812	12.98305	77.60160
813	12.98306	77.60166
814	12.98306	77.60174
815	12.98307	77.60179
816	12.98308	77.60185
817	12.98309	77.60190
818	12.98310	77.60196
819	12.98311	77.60202
820	12.98313	77.60209
821	12.98314	77.60215
822	12.98315	77.60221
823	12.98315	77.60226
824	12.98316	77.60232
825	12.98317	77.60237
826	12.98318	77.60244
827	12.98319	77.60251
828	12.98319	77.60257
829	12.98320	77.60264
830	12.98321	77.60270
831	12.98324	77.60278
832	12.98331	77.60283
833	12.98336	77.60285
834	12.98342	77.60287
835	12.98348	77.60287
836	12.98355	77.60288
837	12.98361	77.60288
838	12.98367	77.60289
839	12.98375	77.60289
840	12.98382	77.60289
841	12.98387	77.60290
842	12.98393	77.60290
843	12.98399	77.60291
844	12.98405	77.60291
845	12.98412	77.60291
846	12.98418	77.60291
847	12.98424	77.60291
848	12.98430	77.60292
849	12.98436	77.60292
850	12.98442	77.60293
851	12.98450	77.60294
852	12.98457	77.60294
853	12.98464	77.60295
854	12.98473	77.60295
855	12.98482	77.60295
856	12.98490	77.60295
857	12.98496	77.60296
858	12.98504	77.60297
859	12.98510	77.60298
860	12.98516	77.60298
861	12.98524	77.60299
862	12.98530	77.60300
863	12.98536	77.60301
864	12.98545	77.60301
865	12.98550	77.60302
866	12.98558	77.60303
867	12.98566	77.60304
868	12.98574	77.60304
869	12.98583	77.60304
870	12.98589	77.60304
871	12.98597	77.60305
872	12.98603	77.60306
873	12.98609	77.60306
874	12.98617	77.60307
875	12.98625	77.60307
876	12.98632	77.60309
877	12.98637	77.60310
878	12.98643	77.60311
879	12.98649	77.60311
880	12.98656	77.60312
881	12.98661	77.60313
882	12.98668	77.60313
883	12.98674	77.60314
884	12.98679	77.60314
885	12.98685	77.60316
886	12.98691	77.60318
887	12.98697	77.60319
888	12.98703	77.60319
889	12.98709	77.60319
890	12.98716	77.60319
891	12.98722	77.60319
892	12.98728	77.60319
893	12.98736	77.60321
894	12.98742	77.60321
895	12.98748	77.60322
896	12.98754	77.60324
897	12.98761	77.60324
898	12.98769	77.60324
899	12.98776	77.60325
900	12.98771	77.60330
901	12.98765	77.60335
902	12.98760	77.60340
903	12.98754	77.60345
904	12.98749	77.60350
905	12.98743	77.60355
906	12.98737	77.60360
907	12.98732	77.60367
908	12.98726	77.60374
909	12.98720	77.60380
910	12.98714	77.60385
911	12.98708	77.60391
912	12.98702	77.60396
913	12.98695	77.60401
914	12.98690	77.60406
915	12.98685	77.60412
916	12.98691	77.60416
917	12.98698	77.60423
918	12.98706	77.60427
919	12.98714	77.60428
920	12.98722	77.60429
921	12.98727	77.60431
922	12.98736	77.60431
923	12.98742	77.60432
924	12.98750	77.60432
925	12.98758	77.60432
926	12.98764	77.60431
927	12.98772	77.60431
928	12.98781	77.60431
929	12.98789	77.60430
930	12.98796	77.60429
931	12.98805	77.60429
932	12.98808	77.60421
933	12.98809	77.60415
934	12.98810	77.60409
935	12.98811	77.60402
936	12.98814	77.60396
937	12.98816	77.60390
938	12.98824	77.60390
939	12.98831	77.60392
940	12.98836	77.60394
941	12.98844	77.60395
942	12.98852	77.60395
943	12.98857	77.60400
944	12.98858	77.60406
945	12.98858	77.60413
946	12.98859	77.60419
947	12.98860	77.60426
948	12.98861	77.60432
949	12.98862	77.60439
950	12.98863	77.60445
951	12.98863	77.60452
952	12.98863	77.60459
953	12.98865	77.60467
954	12.98866	77.60475
955	12.98867	77.60480
956	12.98868	77.60487
957	12.98869	77.60494
958	12.98870	77.60502
959	12.98871	77.60509
960	12.98871	77.60516
961	12.98871	77.60522
962	12.98872	77.60529
963	12.98873	77.60536
964	12.98873	77.60542
965	12.98873	77.60549
966	12.98873	77.60556
967	12.98873	77.60562
968	12.98874	77.60568
969	12.98875	77.60575
970	12.98876	77.60581
971	12.98877	77.60588
972	12.98878	77.60595
973	12.98879	77.60601
974	12.98879	77.60607
975	12.98879	77.60614
976	12.98879	77.60620
977	12.98880	77.60626
978	12.98881	77.60633
979	12.98882	77.60639
980	12.98887	77.60639
981	12.98893	77.60638
982	12.98902	77.60637
983	12.98910	77.60635
984	12.98918	77.60634
985	12.98927	77.60633
986	12.98935	77.60632
987	12.98943	77.60628
988	12.98949	77.60625
989	12.98955	77.60622
990	12.98961	77.60619
991	12.98966	77.60615
992	12.98974	77.60612
993	12.98980	77.60608
994	12.98986	77.60605
995	12.98991	77.60602
996	12.98998	77.60598
997	12.99004	77.60595
998	12.99009	77.60591
999	12.99014	77.60588
1000	12.99021	77.60583
1001	12.99026	77.60579
1002	12.99031	77.60575
1003	12.99037	77.60571
1004	12.99044	77.60565
1005	12.99051	77.60560
1006	12.99060	77.60554
1007	12.99067	77.60547
1008	12.99074	77.60544
1009	12.99080	77.60540
1010	12.99087	77.60535
1011	12.99093	77.60530
1012	12.99099	77.60527
1013	12.99106	77.60521
1014	12.99112	77.60517
1015	12.99119	77.60512
1016	12.99125	77.60508
1017	12.99130	77.60504
1018	12.99137	77.60499
1019	12.99144	77.60494
1020	12.99139	77.60487
1021	12.99135	77.60480
1022	12.99131	77.60472
1023	12.99128	77.60465
1024	12.99127	77.60459
1025	12.99125	77.60453
1026	12.99123	77.60446
1027	12.99122	77.60437
1028	12.99121	77.60429
1029	12.99120	77.60422
1030	12.99117	77.60414
1031	12.99116	77.60406
1032	12.99115	77.60400
1033	12.99114	77.60394
1034	12.99114	77.60388
1035	12.99113	77.60382
1036	12.99113	77.60377
1037	12.99113	77.60371
1038	12.99113	77.60365
1039	12.99112	77.60359
1040	12.99111	77.60353
1041	12.99109	77.60345
1042	12.99107	77.60338
1043	12.99107	77.60332
1044	12.99107	77.60325
1045	12.99108	77.60318
1046	12.99108	77.60311
1047	12.99108	77.60304
1048	12.99109	77.60298
1049	12.99110	77.60291
1050	12.99114	77.60283
1051	12.99115	77.60277
1052	12.99117	77.60271
1053	12.99120	77.60265
1054	12.99122	77.60257
1055	12.99124	77.60250
1056	12.99126	77.60242
1057	12.99127	77.60234
1058	12.99130	77.60227
1059	12.99131	77.60220
1060	12.99134	77.60212
1061	12.99136	77.60206
1062	12.99137	77.60199
1063	12.99140	77.60193
1064	12.99142	77.60186
1065	12.99145	77.60179
1066	12.99149	77.60174
1067	12.99151	77.60168
1068	12.99154	77.60161
1069	12.99157	77.60156
1070	12.99159	77.60150
1071	12.99162	77.60145
1072	12.99165	77.60139
1073	12.99168	77.60132
1074	12.99171	77.60125
1075	12.99174	77.60119
1076	12.99176	77.60113
1077	12.99178	77.60108
1078	12.99182	77.60102
1079	12.99185	77.60096
1080	12.99187	77.60090
1081	12.99190	77.60084
1082	12.99193	77.60078
1083	12.99196	77.60073
1084	12.99198	77.60066
1085	12.99202	77.60058
1086	12.99204	77.60053
1087	12.99206	77.60047
1088	12.99210	77.60040
1089	12.99211	77.60034
1090	12.99213	77.60029
1091	12.99216	77.60021
1092	12.99219	77.60012
1093	12.99222	77.60005
1094	12.99224	77.60000
1095	12.99226	77.59994
1096	12.99228	77.59988
1097	12.99231	77.59980
1098	12.99232	77.59974
1099	12.99234	77.59968
1100	12.99235	77.59963
1101	12.99237	77.59956
1102	12.99240	77.59949
1103	12.99242	77.59942
1104	12.99244	77.59935
1105	12.99246	77.59928
1106	12.99248	77.59922
1107	12.99250	77.59915
1108	12.99252	77.59908
1109	12.99254	77.59901
1110	12.99256	77.59896
1111	12.99259	77.59890
1112	12.99261	77.59883
1113	12.99263	77.59878
1114	12.99265	77.59871
1115	12.99267	77.59866
1116	12.99270	77.59860
1117	12.99273	77.59853
1118	12.99274	77.59846
1119	12.99277	77.59839
1120	12.99278	77.59833
1121	12.99280	77.59826
1122	12.99282	77.59820
1123	12.99284	77.59813
1124	12.99286	77.59806
1125	12.99289	77.59799
1126	12.99291	77.59792
1127	12.99295	77.59786
1128	12.99296	77.59780
1129	12.99299	77.59773
1130	12.99302	77.59767
1131	12.99305	77.59759
1132	12.99308	77.59753
1133	12.99311	77.59747
1134	12.99314	77.59741
1135	12.99317	77.59735
1136	12.99319	77.59730
1137	12.99323	77.59724
1138	12.99326	77.59717
1139	12.99331	77.59723
1140	12.99331	77.59729
1141	12.99332	77.59734
1142	12.99332	77.59740
1143	12.99332	77.59748
1144	12.99332	77.59755
1145	12.99332	77.59761
1146	12.99332	77.59768
1147	12.99333	77.59776
1148	12.99332	77.59783
1149	12.99332	77.59790
1150	12.99332	77.59797
1151	12.99331	77.59804
1152	12.99331	77.59812
1153	12.99331	77.59819
1154	12.99331	77.59827
1155	12.99332	77.59833
1156	12.99333	77.59839
1157	12.99335	77.59845
1158	12.99337	77.59850
1159	12.99339	77.59859
1160	12.99341	77.59864
1161	12.99343	77.59872
1162	12.99345	77.59879
1163	12.99347	77.59886
1164	12.99349	77.59892
1165	12.99351	77.59899
1166	12.99352	77.59904
1167	12.99354	77.59911
1168	12.99357	77.59917
1169	12.99359	77.59923
1170	12.99362	77.59929
1171	12.99364	77.59935
1172	12.99365	77.59942
1173	12.99367	77.59948
1174	12.99369	77.59954
1175	12.99372	77.59961
1176	12.99374	77.59967
1177	12.99375	77.59973
1178	12.99377	77.59979
1179	12.99378	77.59984
1180	12.99380	77.59989
1181	12.99382	77.59995
1182	12.99383	77.60001
1183	12.99384	77.60007
1184	12.99385	77.60012
1185	12.99387	77.60018
1186	12.99388	77.60024
1187	12.99390	77.60030
1188	12.99393	77.60037
1189	12.99395	77.60043
1190	12.99397	77.60049
1191	12.99399	77.60056
1192	12.99401	77.60062
1193	12.99403	77.60069
1194	12.99404	77.60076
1195	12.99407	77.60083
1196	12.99408	77.60089
1197	12.99411	77.60096
1198	12.99413	77.60104
1199	12.99415	77.60111
1200	12.99417	77.60116
1201	12.99419	77.60123
1202	12.99421	77.60129
1203	12.99423	77.60135
1204	12.99425	77.60141
1205	12.99427	77.60149
1206	12.99427	77.60157
1207	12.99428	77.60162
1208	12.99428	77.60170
1209	12.99428	77.60177
1210	12.99428	77.60183
1211	12.99427	77.60190
1212	12.99426	77.60196
1213	12.99425	77.60202
1214	12.99425	77.60208
1215	12.99424	77.60215
1216	12.99422	77.60222
1217	12.99420	77.60228
1218	12.99419	77.60234
1219	12.99417	77.60242
1220	12.99416	77.60247
1221	12.99414	77.60253
1222	12.99412	77.60259
1223	12.99410	77.60265
1224	12.99409	77.60272
1225	12.99407	77.60278
1226	12.99406	77.60283
1227	12.99404	77.60290
1228	12.99402	77.60298
1229	12.99400	77.60304
1230	12.99399	77.60310
1231	12.99397	77.60318
1232	12.99395	77.60324
1233	12.99393	77.60333
1234	12.99392	77.60340
1235	12.99391	77.60347
1236	12.99390	77.60354
1237	12.99388	77.60359
1238	12.99387	77.60367
1239	12.99385	77.60373
1240	12.99383	77.60381
1241	12.99381	77.60387
1242	12.99379	77.60395
1243	12.99377	77.60400
1244	12.99375	77.60408
1245	12.99373	77.60416
1246	12.99371	77.60421
1247	12.99369	77.60427
1248	12.99368	77.60433
1249	12.99366	77.60438
1250	12.99365	77.60444
1251	12.99364	77.60450
1252	12.99362	77.60456
1253	12.99359	77.60463
1254	12.99357	77.60472
1255	12.99355	77.60478
1256	12.99353	77.60486
1257	12.99352	77.60491
1258	12.99349	77.60499
1259	12.99347	77.60504
1260	12.99345	77.60511
1261	12.99344	77.60518
1262	12.99342	77.60525
1263	12.99338	77.60532
1264	12.99336	77.60537
1265	12.99334	77.60543
1266	12.99331	77.60550
1267	12.99326	77.60557
1268	12.99323	77.60565
1269	12.99319	77.60570
1270	12.99317	77.60576
1271	12.99314	77.60582
1272	12.99312	77.60588
1273	12.99308	77.60596
1274	12.99305	77.60604
1275	12.99303	77.60609
1276	12.99301	77.60614
1277	12.99299	77.60620
1278	12.99296	77.60627
1279	12.99294	77.60632
1280	12.99292	77.60639
1281	12.99290	77.60645
1282	12.99287	77.60651
1283	12.99283	77.60658
1284	12.99287	77.60665
1285	12.99293	77.60669
1286	12.99299	77.60672
1287	12.99305	77.60675
1288	12.99313	77.60679
1289	12.99319	77.60683
1290	12.99325	77.60686
1291	12.99331	77.60690
1292	12.99339	77.60694
1293	12.99344	77.60698
1294	12.99349	77.60702
1295	12.99356	77.60705
1296	12.99361	77.60708
1297	12.99369	77.60715
1298	12.99376	77.60720
1299	12.99384	77.60725
1300	12.99390	77.60730
1301	12.99395	77.60735
1302	12.99401	77.60738
1303	12.99406	77.60742
1304	12.99412	77.60746
1305	12.99419	77.60752
1306	12.99426	77.60757
1307	12.99432	77.60762
1308	12.99439	77.60767
1309	12.99445	77.60772
1310	12.99450	77.60775
1311	12.99456	77.60779
1312	12.99462	77.60783
1313	12.99469	77.60789
1314	12.99475	77.60793
1315	12.99480	77.60797
1316	12.99486	77.60801
1317	12.99493	77.60807
1318	12.99499	77.60810
1319	12.99505	77.60813
1320	12.99510	77.60817
1321	12.99517	77.60820
1322	12.99522	77.60824
1323	12.99528	77.60827
1324	12.99533	77.60832
1325	12.99538	77.60836
1326	12.99544	77.60839
1327	12.99549	77.60841
1328	12.99556	77.60845
1329	12.99562	77.60848
1330	12.99568	77.60852
1331	12.99575	77.60855
1332	12.99581	77.60858
1333	12.99587	77.60862
1334	12.99593	77.60866
1335	12.99599	77.60869
1336	12.99606	77.60873
1337	12.99611	77.60877
1338	12.99618	77.60882
1339	12.99624	77.60886
1340	12.99633	77.60892
1341	12.99638	77.60895
1342	12.99644	77.60899
1343	12.99649	77.60903
1344	12.99655	77.60906
1345	12.99662	77.60909
1346	12.99669	77.60914
1347	12.99675	77.60918
1348	12.99681	77.60922
1349	12.99688	77.60926
1350	12.99693	77.60929
1351	12.99699	77.60934
1352	12.99705	77.60936
1353	12.99711	77.60940
1354	12.99717	77.60943
1355	12.99722	77.60948
1356	12.99730	77.60952
1357	12.99736	77.60956
1358	12.99741	77.60959
1359	12.99747	77.60963
1360	12.99754	77.60967
