Rank	Latitude	Longitude
1	12.97448	77.64789
2	12.97440	77.64790
3	12.97435	77.64791
4	12.97429	77.64792
5	12.97424	77.64793
6	12.97418	77.64794
7	12.97412	77.64794
8	12.97405	77.64794
9	12.97398	77.64794
10	12.97391	77.64794
11	12.97384	77.64794
12	12.97378	77.64795
13	12.97372	77.64795
14	12.97366	77.64797
15	12.97359	77.64798
16	12.97353	77.64798
17	12.97345	77.64799
18	12.97337	77.64800
19	12.97331	77.64801
20	12.97322	77.64803
21	12.97316	77.64804
22	12.97310	77.64805
23	12.97304	77.64805
24	12.97299	77.64805
25	12.97292	77.64805
26	12.97284	77.64805
27	12.97277	77.64805
28	12.97268	77.64804
29	12.97262	77.64802
30	12.97255	77.64801
31	12.97248	77.64800
32	12.97241	77.64800
33	12.97234	77.64801
34	12.97227	77.64802
35	12.97221	77.64802
36	12.97214	77.64802
37	12.97207	77.64802
38	12.97201	77.64803
39	12.97194	77.64805
40	12.97188	77.64805
41	12.97182	77.64806
42	12.97175	77.64806
43	12.97169	77.64807
44	12.97164	77.64807
45	12.97157	77.64807
46	12.97152	77.64808
47	12.97144	77.64808
48	12.97139	77.64808
49	12.97133	77.64809
50	12.97127	77.64809
51	12.97120	77.64809
52	12.97114	77.64809
53	12.97109	77.64809
54	12.97102	77.64809
55	12.97096	77.64809
56	12.97091	77.64809
57	12.97083	77.64811
58	12.97078	77.64811
59	12.97072	77.64812
60	12.97064	77.64814
61	12.97058	77.64815
62	12.97053	77.64817
63	12.97047	77.64819
64	12.97040	77.64821
65	12.97035	77.64822
66	12.97029	77.64824
67	12.97023	77.64825
68	12.97017	77.64826
69	12.97012	77.64828
70	12.97004	77.64830
71	12.96999	77.64832
72	12.96991	77.64834
73	12.96985	77.64835
74	12.96980	77.64836
75	12.96974	77.64837
76	12.96969	77.64838
77	12.96961	77.64841
78	12.96955	77.64842
79	12.96947	77.64844
80	12.96941	77.64844
81	12.96935	77.64845
82	12.96929	77.64846
83	12.96923	77.64847
84	12.96918	77.64848
85	12.96912	77.64849
86	12.96906	77.64851
87	12.96904	77.64844
88	12.96904	77.64837
89	12.96903	77.64832
90	12.96903	77.64825
91	12.96903	77.64818
92	12.96903	77.64812
93	12.96903	77.64805
94	12.96902	77.64800
95	12.96902	77.64793
96	12.96902	77.64787
97	12.96902	77.64780
98	12.96901	77.64774
99	12.96900	77.64768
100	12.96899	77.64763
101	12.96899	77.64755
102	12.96899	77.64749
103	12.96899	77.64742
104	12.96899	77.64736
105	12.96899	77.64729
106	12.96898	77.64723
107	12.96898	77.64715
108	12.96897	77.64709
109	12.96897	77.64704
110	12.96896	77.64697
111	12.96896	77.64690
112	12.96896	77.64683
113	12.96898	77.64676
114	12.96898	77.64670
115	12.96898	77.64663
116	12.96899	77.64656
117	12.96899	77.64650
118	12.96899	77.64642
119	12.96899	77.64637
120	12.96899	77.64631
121	12.96899	77.64624
122	12.96899	77.64617
123	12.96899	77.64611
124	12.96899	77.64605
125	12.96899	77.64598
126	12.96899	77.64591
127	12.96898	77.64586
128	12.96897	77.64581
129	12.96896	77.64574
130	12.96895	77.64568
131	12.96895	77.64562
132	12.96894	77.64554
133	12.96893	77.64548
134	12.96893	77.64542
135	12.96893	77.64536
136	12.96893	77.64529
137	12.96893	77.64522
138	12.96893	77.64516
139	12.96892	77.64508
140	12.96892	77.64501
141	12.96890	77.64494
142	12.96890	77.64488
143	12.96890	77.64481
144	12.96890	77.64473
145	12.96890	77.64467
146	12.96890	77.64462
147	12.96890	77.64455
148	12.96890	77.64450
149	12.96889	77.64443
150	12.96889	77.64437
151	12.96888	77.64432
152	12.96887	77.64425
153	12.96886	77.64420
154	12.96886	77.64412
155	12.96885	77.64404
156	12.96884	77.64398
157	12.96884	77.64392
158	12.96884	77.64386
159	12.96884	77.64381
160	12.96884	77.64374
161	12.96884	77.64367
162	12.96883	77.64361
163	12.96883	77.64355
164	12.96883	77.64350
165	12.96883	77.64344
166	12.96883	77.64338
167	12.96883	77.64331
168	12.96884	77.64323
169	12.96884	77.64317
170	12.96885	77.64311
171	12.96886	77.64306
172	12.96886	77.64300
173	12.96886	77.64295
174	12.96886	77.64288
175	12.96886	77.64282
176	12.96886	77.64275
177	12.96886	77.64269
178	12.96885	77.64263
179	12.96884	77.64256
180	12.96883	77.64250
181	12.96883	77.64243
182	12.96883	77.64238
183	12.96890	77.64238
184	12.96896	77.64238
185	12.96902	77.64237
186	12.96908	77.64237
187	12.96914	77.64237
188	12.96920	77.64236
189	12.96927	77.64235
190	12.96934	77.64235
191	12.96941	77.64235
192	12.96948	77.64235
193	12.96954	77.64235
194	12.96961	77.64235
195	12.96967	77.64235
196	12.96974	77.64235
197	12.96981	77.64235
198	12.96989	77.64234
199	12.96995	77.64234
200	12.97001	77.64233
201	12.97006	77.64233
202	12.97012	77.64233
203	12.97023	77.64233
204	12.97028	77.64233
205	12.97036	77.64233
206	12.97043	77.64232
207	12.97049	77.64231
208	12.97054	77.64231
209	12.97060	77.64230
210	12.97065	77.64229
211	12.97071	77.64229
212	12.97080	77.64228
213	12.97085	77.64227
214	12.97090	77.64227
215	12.97095	77.64227
216	12.97101	77.64227
217	12.97106	77.64227
218	12.97113	77.64227
219	12.97120	77.64225
220	12.97126	77.64224
221	12.97132	77.64223
222	12.97140	77.64221
223	12.97148	77.64220
224	12.97156	77.64219
225	12.97162	77.64219
226	12.97168	77.64219
227	12.97174	77.64219
228	12.97180	77.64219
229	12.97185	77.64219
230	12.97192	77.64219
231	12.97199	77.64220
232	12.97204	77.64221
233	12.97210	77.64222
234	12.97216	77.64222
235	12.97222	77.64222
236	12.97229	77.64222
237	12.97235	77.64222
238	12.97241	77.64221
239	12.97247	77.64221
240	12.97253	77.64221
241	12.97258	77.64221
242	12.97264	77.64221
243	12.97271	77.64221
244	12.97277	77.64221
245	12.97284	77.64221
246	12.97289	77.64221
247	12.97297	77.64221
248	12.97304	77.64221
249	12.97309	77.64220
250	12.97315	77.64220
251	12.97320	77.64220
252	12.97327	77.64219
253	12.97333	77.64219
254	12.97341	77.64218
255	12.97347	77.64217
256	12.97353	77.64216
257	12.97360	77.64215
258	12.97368	77.64215
259	12.97374	77.64215
260	12.97379	77.64215
261	12.97387	77.64215
262	12.97393	77.64215
263	12.97400	77.64215
264	12.97406	77.64214
265	12.97411	77.64213
266	12.97416	77.64213
267	12.97422	77.64213
268	12.97429	77.64213
269	12.97435	77.64212
270	12.97441	77.64211
271	12.97446	77.64211
272	12.97456	77.64209
273	12.97465	77.64209
274	12.97468	77.64201
275	12.97468	77.64194
276	12.97468	77.64189
277	12.97469	77.64181
278	12.97469	77.64174
279	12.97469	77.64165
280	12.97469	77.64158
281	12.97469	77.64151
282	12.97468	77.64144
283	12.97468	77.64137
284	12.97468	77.64130
285	12.97468	77.64122
286	12.97468	77.64114
287	12.97468	77.64105
288	12.97468	77.64099
289	12.97467	77.64094
290	12.97467	77.64086
291	12.97466	77.64079
292	12.97464	77.64073
293	12.97463	77.64065
294	12.97462	77.64058
295	12.97462	77.64051
296	12.97462	77.64044
297	12.97462	77.64037
298	12.97462	77.64028
299	12.97462	77.64021
300	12.97462	77.64013
301	12.97463	77.64008
302	12.97463	77.64001
303	12.97463	77.63993
304	12.97463	77.63986
305	12.97463	77.63979
306	12.97463	77.63973
307	12.97463	77.63965
308	12.97463	77.63958
309	12.97462	77.63951
310	12.97462	77.63945
311	12.97462	77.63939
312	12.97461	77.63932
313	12.97460	77.63926
314	12.97460	77.63918
315	12.97460	77.63911
316	12.97460	77.63904
317	12.97460	77.63896
318	12.97460	77.63890
319	12.97460	77.63883
320	12.97460	77.63874
321	12.97460	77.63867
322	12.97460	77.63860
323	12.97460	77.63852
324	12.97460	77.63846
325	12.97459	77.63839
326	12.97459	77.63832
327	12.97459	77.63825
328	12.97459	77.63819
329	12.97459	77.63813
330	12.97459	77.63806
331	12.97459	77.63800
332	12.97458	77.63792
333	12.97457	77.63786
334	12.97457	77.63779
335	12.97457	77.63772
336	12.97458	77.63766
337	12.97458	77.63759
338	12.97458	77.63751
339	12.97458	77.63744
340	12.97458	77.63737
341	12.97458	77.63730
342	12.97458	77.63722
343	12.97458	77.63715
344	12.97459	77.63709
345	12.97459	77.63701
346	12.97459	77.63694
347	12.97459	77.63688
348	12.97460	77.63682
349	12.97454	77.63678
350	12.97448	77.63677
351	12.97442	77.63677
352	12.97434	77.63676
353	12.97428	77.63675
354	12.97420	77.63674
355	12.97415	77.63672
356	12.97409	77.63671
357	12.97403	77.63671
358	12.97402	77.63664
359	12.97404	77.63658
360	12.97406	77.63652
361	12.97408	77.63646
362	12.97408	77.63641
363	12.97408	77.63634
364	12.97408	77.63628
365	12.97409	77.63622
366	12.97410	77.63616
367	12.97412	77.63609
368	12.97413	77.63602
369	12.97414	77.63595
370	12.97416	77.63588
371	12.97417	77.63581
372	12.97418	77.63574
373	12.97420	77.63567
374	12.97421	77.63562
375	12.97423	77.63555
376	12.97423	77.63550
377	12.97424	77.63542
378	12.97425	77.63535
379	12.97426	77.63529
380	12.97428	77.63523
381	12.97429	77.63516
382	12.97431	77.63511
383	12.97433	77.63504
384	12.97435	77.63497
385	12.97437	77.63491
386	12.97439	77.63484
387	12.97440	77.63477
388	12.97443	77.63471
389	12.97445	77.63466
390	12.97447	77.63459
391	12.97448	77.63453
392	12.97443	77.63452
393	12.97437	77.63453
394	12.97431	77.63454
395	12.97425	77.63454
396	12.97417	77.63456
397	12.97411	77.63457
398	12.97405	77.63458
399	12.97399	77.63459
400	12.97393	77.63459
401	12.97388	77.63461
402	12.97382	77.63461
403	12.97376	77.63462
404	12.97370	77.63463
405	12.97363	77.63465
406	12.97356	77.63465
407	12.97349	77.63462
408	12.97342	77.63458
409	12.97337	77.63457
410	12.97331	77.63454
411	12.97325	77.63451
412	12.97319	77.63447
413	12.97313	77.63444
414	12.97307	77.63441
415	12.97302	77.63438
416	12.97295	77.63434
417	12.97290	77.63432
418	12.97285	77.63429
419	12.97278	77.63425
420	12.97272	77.63422
421	12.97264	77.63418
422	12.97259	77.63415
423	12.97253	77.63411
424	12.97247	77.63406
425	12.97252	77.63405
426	12.97258	77.63404
427	12.97264	77.63403
428	12.97271	77.63401
429	12.97277	77.63399
430	12.97282	77.63398
431	12.97288	77.63396
432	12.97295	77.63394
433	12.97302	77.63392
434	12.97310	77.63390
435	12.97317	77.63388
436	12.97322	77.63386
437	12.97328	77.63385
438	12.97334	77.63384
439	12.97339	77.63382
440	12.97346	77.63380
441	12.97351	77.63377
442	12.97357	77.63375
443	12.97363	77.63372
444	12.97369	77.63370
445	12.97375	77.63367
446	12.97381	77.63363
447	12.97387	77.63360
448	12.97392	77.63357
449	12.97398	77.63354
450	12.97406	77.63348
451	12.97412	77.63344
452	12.97418	77.63339
453	12.97426	77.63332
454	12.97432	77.63328
455	12.97440	77.63322
456	12.97447	77.63318
457	12.97453	77.63315
458	12.97458	77.63311
459	12.97466	77.63308
460	12.97472	77.63304
461	12.97477	77.63301
462	12.97483	77.63298
463	12.97488	77.63295
464	12.97493	77.63290
465	12.97499	77.63282
466	12.97503	77.63277
467	12.97507	77.63271
468	12.97510	77.63265
469	12.97513	77.63259
470	12.97515	77.63253
471	12.97516	77.63248
472	12.97518	77.63242
473	12.97519	77.63237
474	12.97522	77.63230
475	12.97525	77.63225
476	12.97528	77.63217
477	12.97531	77.63212
478	12.97534	77.63206
479	12.97536	77.63201
480	12.97538	77.63195
481	12.97542	77.63190
482	12.97545	77.63182
483	12.97548	77.63175
484	12.97552	77.63167
485	12.97555	77.63162
486	12.97558	77.63156
487	12.97560	77.63151
488	12.97563	77.63146
489	12.97566	77.63139
490	12.97569	77.63132
491	12.97571	77.63126
492	12.97575	77.63119
493	12.97579	77.63112
494	12.97583	77.63105
495	12.97586	77.63099
496	12.97591	77.63092
497	12.97595	77.63087
498	12.97599	77.63080
499	12.97603	77.63074
500	12.97606	77.63067
501	12.97610	77.63062
502	12.97614	77.63056
503	12.97618	77.63049
504	12.97621	77.63042
505	12.97626	77.63033
506	12.97628	77.63028
507	12.97631	77.63022
508	12.97635	77.63015
509	12.97638	77.63010
510	12.97641	77.63004
511	12.97646	77.62999
512	12.97649	77.62993
513	12.97654	77.62987
514	12.97657	77.62981
515	12.97661	77.62974
516	12.97665	77.62969
517	12.97668	77.62963
518	12.97671	77.62957
519	12.97675	77.62951
520	12.97679	77.62944
521	12.97682	77.62938
522	12.97685	77.62933
523	12.97688	77.62927
524	12.97690	77.62922
525	12.97694	77.62913
526	12.97697	77.62906
527	12.97701	77.62898
528	12.97703	77.62893
529	12.97705	77.62884
530	12.97707	77.62879
531	12.97709	77.62873
532	12.97711	77.62867
533	12.97712	77.62861
534	12.97713	77.62856
535	12.97715	77.62850
536	12.97717	77.62842
537	12.97718	77.62837
538	12.97719	77.62831
539	12.97723	77.62824
540	12.97725	77.62817
541	12.97727	77.62811
542	12.97729	77.62805
543	12.97731	77.62798
544	12.97733	77.62791
545	12.97734	77.62785
546	12.97736	77.62779
547	12.97737	77.62772
548	12.97738	77.62766
549	12.97738	77.62759
550	12.97739	77.62753
551	12.97739	77.62747
552	12.97739	77.62740
553	12.97745	77.62740
554	12.97753	77.62742
555	12.97758	77.62743
556	12.97764	77.62743
557	12.97772	77.62746
558	12.97777	77.62747
559	12.97782	77.62748
560	12.97789	77.62750
561	12.97795	77.62752
562	12.97800	77.62753
563	12.97805	77.62754
564	12.97806	77.62748
565	12.97804	77.62741
566	12.97802	77.62735
567	12.97802	77.62728
568	12.97802	77.62722
569	12.97802	77.62715
570	12.97803	77.62710
571	12.97805	77.62703
572	12.97807	77.62697
573	12.97808	77.62691
574	12.97809	77.62685
575	12.97814	77.62686
576	12.97819	77.62687
577	12.97825	77.62688
578	12.97830	77.62689
579	12.97835	77.62691
580	12.97840	77.62692
581	12.97846	77.62694
582	12.97851	77.62695
583	12.97858	77.62696
584	12.97865	77.62697
585	12.97872	77.62699
586	12.97878	77.62700
587	12.97884	77.62702
588	12.97886	77.62696
589	12.97887	77.62690
590	12.97888	77.62684
591	12.97888	77.62678
592	12.97889	77.62673
593	12.97889	77.62667
594	12.97897	77.62668
595	12.97903	77.62669
596	12.97908	77.62669
597	12.97915	77.62669
598	12.97923	77.62669
599	12.97932	77.62669
600	12.97938	77.62669
601	12.97941	77.62663
602	12.97940	77.62655
603	12.97939	77.62650
604	12.97939	77.62643
605	12.97939	77.62637
606	12.97938	77.62630
607	12.97937	77.62625
608	12.97936	77.62618
609	12.97935	77.62611
610	12.97934	77.62605
611	12.97934	77.62599
612	12.97934	77.62592
613	12.97934	77.62586
614	12.97935	77.62580
615	12.97936	77.62573
616	12.97937	77.62568
617	12.97938	77.62559
618	12.97939	77.62554
619	12.97940	77.62546
620	12.97941	77.62541
621	12.97942	77.62535
622	12.97944	77.62530
623	12.97950	77.62533
624	12.97957	77.62537
625	12.97963	77.62539
626	12.97969	77.62541
627	12.97975	77.62541
628	12.97980	77.62542
629	12.97987	77.62543
630	12.97993	77.62543
631	12.97998	77.62544
632	12.98005	77.62545
633	12.98011	77.62546
634	12.98017	77.62546
635	12.98023	77.62548
636	12.98029	77.62549
637	12.98034	77.62550
638	12.98040	77.62550
639	12.98046	77.62551
640	12.98047	77.62559
641	12.98048	77.62565
642	12.98049	77.62571
643	12.98050	77.62577
644	12.98052	77.62582
645	12.98054	77.62589
646	12.98054	77.62594
647	12.98055	77.62600
648	12.98055	77.62607
649	12.98056	77.62613
650	12.98057	77.62619
651	12.98058	77.62624
652	12.98059	77.62631
653	12.98060	77.62638
654	12.98061	77.62644
655	12.98062	77.62650
656	12.98062	77.62657
657	12.98064	77.62662
658	12.98066	77.62671
659	12.98068	77.62677
660	12.98069	77.62684
661	12.98069	77.62690
662	12.98070	77.62696
663	12.98071	77.62704
664	12.98072	77.62711
665	12.98072	77.62717
666	12.98074	77.62723
667	12.98074	77.62730
668	12.98074	77.62738
669	12.98074	77.62744
670	12.98072	77.62752
671	12.98072	77.62760
672	12.98071	77.62767
673	12.98071	77.62774
674	12.98070	77.62780
675	12.98070	77.62789
676	12.98069	77.62797
677	12.98068	77.62803
678	12.98067	77.62811
679	12.98065	77.62818
680	12.98065	77.62824
681	12.98064	77.62830
682	12.98063	77.62836
683	12.98061	77.62843
684	12.98060	77.62851
685	12.98059	77.62857
686	12.98059	77.62864
687	12.98058	77.62871
688	12.98057	77.62877
689	12.98056	77.62886
690	12.98055	77.62893
691	12.98054	77.62899
692	12.98053	77.62906
693	12.98051	77.62913
694	12.98050	77.62919
695	12.98048	77.62925
696	12.98046	77.62932
697	12.98046	77.62939
698	12.98044	77.62945
699	12.98042	77.62951
700	12.98040	77.62958
701	12.98039	77.62963
702	12.98037	77.62969
703	12.98035	77.62976
704	12.98033	77.62982
705	12.98031	77.62988
706	12.98030	77.62994
707	12.98028	77.62999
708	12.98027	77.63004
709	12.98026	77.63011
710	12.98025	77.63017
711	12.98024	77.63024
712	12.98024	77.63031
713	12.98023	77.63037
714	12.98022	77.63043
715	12.98020	77.63050
716	12.98019	77.63056
717	12.98018	77.63062
718	12.98018	77.63069
719	12.98017	77.63076
720	12.98017	77.63083
721	12.98017	77.63089
722	12.98017	77.63096
723	12.98017	77.63104
724	12.98017	77.63110
725	12.98017	77.63117
726	12.98017	77.63126
727	12.98017	77.63132
728	12.98017	77.63140
729	12.98016	77.63148
730	12.98016	77.63154
731	12.98016	77.63161
732	12.98016	77.63168
733	12.98018	77.63174
734	12.98018	77.63179
735	12.98020	77.63185
736	12.98020	77.63190
737	12.98022	77.63198
738	12.98023	77.63204
739	12.98024	77.63211
740	12.98025	77.63216
741	12.98026	77.63223
742	12.98026	77.63230
743	12.98026	77.63237
744	12.98027	77.63244
745	12.98028	77.63250
746	12.98029	77.63256
747	12.98030	77.63262
748	12.98032	77.63267
749	12.98036	77.63273
750	12.98039	77.63279
751	12.98044	77.63286
752	12.98048	77.63292
753	12.98052	77.63299
754	12.98054	77.63305
755	12.98056	77.63311
756	12.98059	77.63317
757	12.98063	77.63324
758	12.98066	77.63330
759	12.98069	77.63336
760	12.98071	77.63343
761	12.98075	77.63351
762	12.98077	77.63357
763	12.98079	77.63363
764	12.98082	77.63371
765	12.98086	77.63379
766	12.98087	77.63385
767	12.98089	77.63392
768	12.98090	77.63398
769	12.98091	77.63403
770	12.98092	77.63410
771	12.98094	77.63418
772	12.98095	77.63424
773	12.98095	77.63430
774	12.98096	77.63435
775	12.98097	77.63440
776	12.98097	77.63448
777	12.98098	77.63454
778	12.98099	77.63461
779	12.98099	77.63467
780	12.98100	77.63475
781	12.98101	77.63482
782	12.98101	77.63490
783	12.98101	77.63498
784	12.98102	77.63504
785	12.98102	77.63511
786	12.98104	77.63518
787	12.98104	77.63523
788	12.98105	77.63529
789	12.98106	77.63538
790	12.98107	77.63543
791	12.98107	77.63550
792	12.98108	77.63556
793	12.98109	77.63562
794	12.98109	77.63570
795	12.98110	77.63577
796	12.98111	77.63583
797	12.98112	77.63589
798	12.98113	77.63597
799	12.98114	77.63603
800	12.98115	77.63611
801	12.98115	77.63617
802	12.98115	77.63624
803	12.98116	77.63629
804	12.98117	77.63637
805	12.98118	77.63643
806	12.98118	77.63649
807	12.98118	77.63657
808	12.98120	77.63663
809	12.98120	77.63669
810	12.98120	77.63677
811	12.98120	77.63685
812	12.98119	77.63693
813	12.98119	77.63700
814	12.98119	77.63705
815	12.98120	77.63713
816	12.98121	77.63720
817	12.98121	77.63728
818	12.98120	77.63734
819	12.98120	77.63742
820	12.98121	77.63750
821	12.98122	77.63756
822	12.98122	77.63763
823	12.98125	77.63769
824	12.98126	77.63777
825	12.98127	77.63783
826	12.98130	77.63791
827	12.98131	77.63797
828	12.98134	77.63803
829	12.98136	77.63809
830	12.98137	77.63815
831	12.98138	77.63821
832	12.98140	77.63827
833	12.98141	77.63834
834	12.98144	77.63840
835	12.98145	77.63845
836	12.98146	77.63851
837	12.98147	77.63857
838	12.98148	77.63865
839	12.98151	77.63872
840	12.98152	77.63877
841	12.98154	77.63883
842	12.98156	77.63889
843	12.98161	77.63894
844	12.98166	77.63901
845	12.98169	77.63908
846	12.98173	77.63916
847	12.98177	77.63923
848	12.98179	77.63929
849	12.98181	77.63935
850	12.98184	77.63940
851	12.98188	77.63947
852	12.98190	77.63953
853	12.98193	77.63959
854	12.98196	77.63966
855	12.98198	77.63972
856	12.98200	77.63981
857	12.98202	77.63989
858	12.98206	77.63997
859	12.98208	77.64002
860	12.98210	77.64010
861	12.98212	77.64017
862	12.98213	77.64022
863	12.98217	77.64029
864	12.98219	77.64034
865	12.98220	77.64040
866	12.98222	77.64046
867	12.98224	77.64052
868	12.98227	77.64057
869	12.98230	77.64064
870	12.98233	77.64070
871	12.98237	77.64078
872	12.98239	77.64085
873	12.98240	77.64092
874	12.98242	77.64099
875	12.98245	77.64106
876	12.98248	77.64113
877	12.98252	77.64119
878	12.98255	77.64125
879	12.98257	77.64131
880	12.98259	77.64138
881	12.98262	77.64146
882	12.98265	77.64153
883	12.98267	77.64160
884	12.98268	77.64165
885	12.98270	77.64172
886	12.98272	77.64179
887	12.98273	77.64187
888	12.98275	77.64192
889	12.98277	77.64199
890	12.98278	77.64204
891	12.98281	77.64210
892	12.98283	77.64217
893	12.98286	77.64223
894	12.98289	77.64229
895	12.98291	77.64234
896	12.98295	77.64242
897	12.98298	77.64248
898	12.98300	77.64253
899	12.98302	77.64259
900	12.98305	77.64266
901	12.98308	77.64271
902	12.98310	77.64279
903	12.98313	77.64287
904	12.98316	77.64295
905	12.98318	77.64300
906	12.98320	77.64306
907	12.98321	77.64312
908	12.98324	77.64320
909	12.98326	77.64326
910	12.98328	77.64332
911	12.98330	77.64337
912	12.98332	77.64345
913	12.98337	77.64353
914	12.98339	77.64358
915	12.98342	77.64364
916	12.98346	77.64370
917	12.98348	77.64378
918	12.98350	77.64383
919	12.98351	77.64389
920	12.98353	77.64396
921	12.98356	77.64403
922	12.98357	77.64409
923	12.98359	77.64415
924	12.98361	77.64420
925	12.98366	77.64428
926	12.98368	77.64434
927	12.98371	77.64440
928	12.98373	77.64448
929	12.98376	77.64455
930	12.98377	77.64460
931	12.98380	77.64468
932	12.98383	77.64475
933	12.98387	77.64482
934	12.98390	77.64489
935	12.98392	77.64495
936	12.98397	77.64502
937	12.98400	77.64509
938	12.98403	77.64516
939	12.98407	77.64522
940	12.98411	77.64527
941	12.98414	77.64534
942	12.98418	77.64540
943	12.98421	77.64546
944	12.98424	77.64553
945	12.98429	77.64561
946	12.98432	77.64568
947	12.98434	77.64574
948	12.98438	77.64581
949	12.98441	77.64588
950	12.98444	77.64594
951	12.98446	77.64601
952	12.98447	77.64607
953	12.98448	77.64613
954	12.98442	77.64616
955	12.98436	77.64617
956	12.98429	77.64618
957	12.98422	77.64620
958	12.98417	77.64621
959	12.98411	77.64623
960	12.98404	77.64624
961	12.98399	77.64625
962	12.98392	77.64627
963	12.98387	77.64629
964	12.98380	77.64631
965	12.98373	77.64633
966	12.98367	77.64635
967	12.98360	77.64637
968	12.98354	77.64638
969	12.98349	77.64640
970	12.98342	77.64641
971	12.98336	77.64643
972	12.98329	77.64645
973	12.98322	77.64646
974	12.98316	77.64648
975	12.98310	77.64649
976	12.98303	77.64651
977	12.98295	77.64652
978	12.98290	77.64652
979	12.98285	77.64653
980	12.98277	77.64655
981	12.98270	77.64656
982	12.98263	77.64658
983	12.98257	77.64659
984	12.98250	77.64661
985	12.98245	77.64662
986	12.98238	77.64663
987	12.98231	77.64664
988	12.98225	77.64665
989	12.98218	77.64666
990	12.98212	77.64667
991	12.98206	77.64670
992	12.98199	77.64672
993	12.98194	77.64674
994	12.98187	77.64675
995	12.98181	77.64677
996	12.98176	77.64678
997	12.98167	77.64679
998	12.98159	77.64682
999	12.98151	77.64684
1000	12.98144	77.64685
1001	12.98137	77.64686
1002	12.98131	77.64687
1003	12.98124	77.64688
1004	12.98119	77.64689
1005	12.98112	77.64690
1006	12.98106	77.64691
1007	12.98098	77.64692
1008	12.98089	77.64694
1009	12.98082	77.64694
1010	12.98075	77.64695
1011	12.98069	77.64697
1012	12.98064	77.64699
1013	12.98057	77.64700
1014	12.98051	77.64702
1015	12.98044	77.64704
1016	12.98036	77.64707
1017	12.98029	77.64708
1018	12.98023	77.64710
1019	12.98017	77.64710
1020	12.98010	77.64711
1021	12.98004	77.64714
1022	12.97996	77.64715
1023	12.97990	77.64717
1024	12.97984	77.64717
1025	12.97978	77.64718
1026	12.97971	77.64719
1027	12.97963	77.64721
1028	12.97957	77.64722
1029	12.97951	77.64723
1030	12.97945	77.64725
1031	12.97939	77.64726
1032	12.97932	77.64728
1033	12.97924	77.64730
1034	12.97918	77.64732
1035	12.97911	77.64734
1036	12.97904	77.64736
1037	12.97895	77.64738
1038	12.97887	77.64740
1039	12.97880	77.64743
1040	12.97874	77.64744
1041	12.97867	77.64745
1042	12.97860	77.64746
1043	12.97854	77.64747
1044	12.97848	77.64748
1045	12.97842	77.64749
1046	12.97835	77.64750
1047	12.97829	77.64751
1048	12.97823	77.64752
1049	12.97817	77.64753
1050	12.97811	77.64755
1051	12.97805	77.64756
1052	12.97799	77.64758
1053	12.97793	77.64759
1054	12.97788	77.64760
1055	12.97781	77.64761
1056	12.97774	77.64762
1057	12.97768	77.64764
1058	12.97763	77.64765
1059	12.97757	77.64766
1060	12.97750	77.64768
1061	12.97743	77.64770
1062	12.97734	77.64773
1063	12.97729	77.64775
1064	12.97722	77.64775
1065	12.97716	77.64775
1066	12.97709	77.64775
1067	12.97702	77.64774
1068	12.97695	77.64774
1069	12.97687	77.64774
1070	12.97681	77.64774
1071	12.97675	77.64774
1072	12.97668	77.64774
1073	12.97661	77.64774
1074	12.97653	77.64774
1075	12.97647	77.64774
1076	12.97638	77.64774
1077	12.97631	77.64775
1078	12.97624	77.64776
1079	12.97616	77.64777
1080	12.97607	77.64778
1081	12.97600	77.64780
1082	12.97594	77.64780
1083	12.97588	77.64781
1084	12.97580	77.64782
1085	12.97570	77.64783
1086	12.97565	77.64784
1087	12.97558	77.64785
1088	12.97551	77.64785
1089	12.97543	77.64785
1090	12.97535	77.64786
1091	12.97526	77.64786
1092	12.97519	77.64786
1093	12.97513	77.64786
1094	12.97508	77.64787
1095	12.97502	77.64787
1096	12.97496	77.64788
1097	12.97488	77.64789
1098	12.97480	77.64789
1099	12.97473	77.64788
1100	12.97466	77.64788
1101	12.97460	77.64787
1102	12.97453	77.64787
