Rank	Latitude	Longitude
1	12.96037	77.66111
2	12.96037	77.66117
3	12.96037	77.66123
4	12.96036	77.66130
5	12.96036	77.66136
6	12.96035	77.66143
7	12.96034	77.66150
8	12.96034	77.66157
9	12.96033	77.66165
10	12.96032	77.66171
11	12.96030	77.66179
12	12.96028	77.66186
13	12.96027	77.66192
14	12.96034	77.66197
15	12.96040	77.66197
16	12.96046	77.66199
17	12.96052	77.66202
18	12.96058	77.66203
19	12.96064	77.66205
20	12.96071	77.66207
21	12.96078	77.66209
22	12.96081	77.66215
23	12.96080	77.66221
24	12.96079	77.66228
25	12.96078	77.66235
26	12.96078	77.66241
27	12.96077	77.66249
28	12.96077	77.66255
29	12.96076	77.66262
30	12.96077	77.66268
31	12.96078	77.66273
32	12.96084	77.66275
33	12.96091	77.66278
34	12.96096	77.66280
35	12.96102	77.66282
36	12.96109	77.66284
37	12.96114	77.66285
38	12.96119	77.66287
39	12.96125	77.66289
40	12.96132	77.66291
41	12.96137	77.66293
42	12.96142	77.66294
43	12.96151	77.66295
44	12.96157	77.66296
45	12.96163	77.66297
46	12.96171	77.66298
47	12.96180	77.66298
48	12.96187	77.66299
49	12.96193	77.66300
50	12.96199	77.66301
51	12.96208	77.66301
52	12.96215	77.66302
53	12.96224	77.66303
54	12.96232	77.66304
55	12.96239	77.66304
56	12.96247	77.66304
57	12.96255	77.66304
58	12.96263	77.66304
59	12.96271	77.66302
60	12.96279	77.66301
61	12.96286	77.66299
62	12.96290	77.66292
63	12.96289	77.66287
64	12.96288	77.66280
65	12.96287	77.66274
66	12.96287	77.66268
67	12.96286	77.66262
68	12.96286	77.66256
69	12.96285	77.66250
70	12.96284	77.66245
71	12.96284	77.66239
72	12.96283	77.66233
73	12.96281	77.66227
74	12.96288	77.66222
75	12.96294	77.66220
76	12.96300	77.66218
77	12.96305	77.66217
78	12.96311	77.66214
79	12.96316	77.66212
80	12.96323	77.66209
81	12.96328	77.66206
82	12.96336	77.66203
83	12.96344	77.66201
84	12.96351	77.66198
85	12.96358	77.66196
86	12.96359	77.66188
87	12.96361	77.66182
88	12.96363	77.66176
89	12.96370	77.66181
90	12.96377	77.66183
91	12.96383	77.66185
92	12.96388	77.66187
93	12.96394	77.66189
94	12.96400	77.66191
95	12.96400	77.66199
96	12.96400	77.66205
97	12.96400	77.66212
98	12.96400	77.66219
99	12.96401	77.66225
100	12.96403	77.66232
101	12.96404	77.66237
102	12.96413	77.66240
103	12.96416	77.66246
104	12.96415	77.66253
105	12.96412	77.66261
106	12.96412	77.66268
107	12.96413	77.66274
108	12.96414	77.66282
109	12.96419	77.66283
110	12.96425	77.66286
111	12.96432	77.66289
112	12.96440	77.66290
113	12.96447	77.66291
114	12.96453	77.66292
115	12.96459	77.66294
116	12.96465	77.66297
117	12.96471	77.66301
118	12.96476	77.66305
119	12.96482	77.66311
120	12.96488	77.66310
121	12.96494	77.66307
122	12.96500	77.66304
123	12.96506	77.66300
124	12.96511	77.66298
125	12.96516	77.66295
126	12.96523	77.66292
127	12.96528	77.66288
128	12.96534	77.66284
129	12.96541	77.66276
130	12.96543	77.66271
131	12.96543	77.66264
132	12.96544	77.66258
133	12.96545	77.66251
134	12.96545	77.66246
135	12.96546	77.66238
136	12.96546	77.66231
137	12.96547	77.66224
138	12.96547	77.66216
139	12.96548	77.66209
140	12.96548	77.66202
141	12.96549	77.66195
142	12.96549	77.66189
143	12.96550	77.66182
144	12.96550	77.66175
145	12.96551	77.66169
146	12.96552	77.66160
147	12.96552	77.66154
148	12.96554	77.66147
149	12.96554	77.66140
150	12.96555	77.66132
151	12.96556	77.66124
152	12.96557	77.66118
153	12.96558	77.66111
154	12.96559	77.66105
155	12.96560	77.66098
156	12.96561	77.66091
157	12.96562	77.66084
158	12.96563	77.66077
159	12.96563	77.66070
160	12.96564	77.66063
161	12.96565	77.66056
162	12.96566	77.66050
163	12.96567	77.66042
164	12.96568	77.66036
165	12.96568	77.66030
166	12.96569	77.66023
167	12.96570	77.66016
168	12.96571	77.66010
169	12.96572	77.66004
170	12.96573	77.65997
171	12.96575	77.65991
172	12.96577	77.65985
173	12.96577	77.65978
174	12.96578	77.65973
175	12.96578	77.65966
176	12.96578	77.65960
177	12.96579	77.65953
178	12.96580	77.65946
179	12.96580	77.65940
180	12.96582	77.65933
181	12.96583	77.65925
182	12.96583	77.65917
183	12.96584	77.65911
184	12.96585	77.65904
185	12.96586	77.65897
186	12.96586	77.65891
187	12.96587	77.65886
188	12.96589	77.65879
189	12.96590	77.65872
190	12.96591	77.65867
191	12.96591	77.65859
192	12.96592	77.65853
193	12.96593	77.65848
194	12.96593	77.65843
195	12.96595	77.65836
196	12.96596	77.65830
197	12.96597	77.65822
198	12.96599	77.65817
199	12.96601	77.65808
200	12.96603	77.65801
201	12.96604	77.65794
202	12.96605	77.65789
203	12.96606	77.65782
204	12.96607	77.65776
205	12.96609	77.65770
206	12.96610	77.65763
207	12.96611	77.65756
208	12.96612	77.65750
209	12.96612	77.65742
210	12.96613	77.65735
211	12.96614	77.65728
212	12.96614	77.65720
213	12.96615	77.65714
214	12.96616	77.65706
215	12.96616	77.65701
216	12.96618	77.65692
217	12.96619	77.65683
218	12.96620	77.65677
219	12.96620	77.65671
220	12.96621	77.65664
221	12.96623	77.65656
222	12.96624	77.65650
223	12.96625	77.65642
224	12.96626	77.65637
225	12.96627	77.65629
226	12.96628	77.65622
227	12.96629	77.65615
228	12.96630	77.65608
229	12.96631	77.65601
230	12.96632	77.65595
231	12.96632	77.65587
232	12.96632	77.65580
233	12.96632	77.65573
234	12.96632	77.65565
235	12.96632	77.65556
236	12.96633	77.65550
237	12.96634	77.65543
238	12.96635	77.65537
239	12.96637	77.65530
240	12.96637	77.65523
241	12.96637	77.65516
242	12.96639	77.65510
243	12.96639	77.65502
244	12.96640	77.65495
245	12.96640	77.65489
246	12.96642	77.65482
247	12.96642	77.65476
248	12.96643	77.65470
249	12.96644	77.65463
250	12.96644	77.65458
251	12.96645	77.65450
252	12.96646	77.65445
253	12.96647	77.65439
254	12.96647	77.65432
255	12.96648	77.65426
256	12.96648	77.65418
257	12.96648	77.65411
258	12.96649	77.65402
259	12.96650	77.65396
260	12.96652	77.65389
261	12.96653	77.65383
262	12.96653	77.65376
263	12.96655	77.65369
264	12.96656	77.65361
265	12.96659	77.65353
266	12.96659	77.65347
267	12.96660	77.65340
268	12.96661	77.65334
269	12.96661	77.65328
270	12.96662	77.65323
271	12.96663	77.65317
272	12.96663	77.65309
273	12.96665	77.65302
274	12.96667	77.65295
275	12.96669	77.65287
276	12.96671	77.65280
277	12.96673	77.65274
278	12.96674	77.65266
279	12.96676	77.65258
280	12.96677	77.65251
281	12.96679	77.65246
282	12.96680	77.65239
283	12.96682	77.65233
284	12.96684	77.65225
285	12.96687	77.65217
286	12.96688	77.65210
287	12.96690	77.65203
288	12.96692	77.65196
289	12.96694	77.65190
290	12.96695	77.65183
291	12.96697	77.65177
292	12.96699	77.65170
293	12.96701	77.65163
294	12.96703	77.65157
295	12.96704	77.65151
296	12.96705	77.65142
297	12.96706	77.65135
298	12.96707	77.65129
299	12.96708	77.65123
300	12.96710	77.65116
301	12.96711	77.65110
302	12.96712	77.65104
303	12.96714	77.65098
304	12.96715	77.65092
305	12.96716	77.65086
306	12.96717	77.65077
307	12.96718	77.65070
308	12.96719	77.65064
309	12.96720	77.65057
310	12.96720	77.65052
311	12.96722	77.65045
312	12.96723	77.65040
313	12.96723	77.65034
314	12.96725	77.65027
315	12.96725	77.65022
316	12.96726	77.65015
317	12.96726	77.65008
318	12.96727	77.65003
319	12.96728	77.64998
320	12.96728	77.64992
321	12.96730	77.64985
322	12.96730	77.64979
323	12.96731	77.64971
324	12.96732	77.64965
325	12.96732	77.64959
326	12.96734	77.64953
327	12.96734	77.64946
328	12.96736	77.64938
329	12.96738	77.64931
330	12.96739	77.64924
331	12.96741	77.64918
332	12.96742	77.64912
333	12.96744	77.64905
334	12.96745	77.64899
335	12.96747	77.64892
336	12.96748	77.64887
337	12.96753	77.64886
338	12.96759	77.64884
339	12.96766	77.64882
340	12.96772	77.64881
341	12.96778	77.64879
342	12.96785	77.64877
343	12.96791	77.64875
344	12.96800	77.64874
345	12.96806	77.64872
346	12.96813	77.64871
347	12.96821	77.64870
348	12.96830	77.64868
349	12.96836	77.64867
350	12.96843	77.64866
351	12.96849	77.64864
352	12.96854	77.64863
353	12.96863	77.64860
354	12.96872	77.64858
355	12.96880	77.64855
356	12.96886	77.64854
357	12.96892	77.64853
358	12.96898	77.64852
359	12.96905	77.64851
360	12.96904	77.64844
361	12.96904	77.64837
362	12.96903	77.64832
363	12.96903	77.64825
364	12.96903	77.64818
365	12.96903	77.64812
366	12.96903	77.64805
367	12.96902	77.64800
368	12.96902	77.64793
369	12.96902	77.64787
370	12.96902	77.64780
371	12.96901	77.64774
372	12.96900	77.64768
373	12.96899	77.64763
374	12.96899	77.64755
375	12.96899	77.64749
376	12.96899	77.64742
377	12.96899	77.64736
378	12.96899	77.64729
379	12.96898	77.64723
380	12.96898	77.64715
381	12.96897	77.64709
382	12.96897	77.64704
383	12.96896	77.64697
384	12.96896	77.64690
385	12.96896	77.64683
386	12.96898	77.64676
387	12.96898	77.64670
388	12.96898	77.64663
389	12.96899	77.64656
390	12.96899	77.64650
391	12.96899	77.64642
392	12.96899	77.64637
393	12.96899	77.64631
394	12.96899	77.64624
395	12.96899	77.64617
396	12.96899	77.64611
397	12.96899	77.64605
398	12.96899	77.64598
399	12.96899	77.64591
400	12.96898	77.64586
401	12.96897	77.64581
402	12.96896	77.64574
403	12.96895	77.64568
404	12.96895	77.64562
405	12.96894	77.64554
406	12.96893	77.64548
407	12.96893	77.64542
408	12.96893	77.64536
409	12.96893	77.64529
410	12.96893	77.64522
411	12.96893	77.64516
412	12.96892	77.64508
413	12.96892	77.64501
414	12.96890	77.64494
415	12.96890	77.64488
416	12.96890	77.64481
417	12.96890	77.64473
418	12.96890	77.64467
419	12.96890	77.64462
420	12.96890	77.64455
421	12.96890	77.64450
422	12.96889	77.64443
423	12.96889	77.64437
424	12.96888	77.64432
425	12.96887	77.64425
426	12.96886	77.64420
427	12.96886	77.64412
428	12.96885	77.64404
429	12.96884	77.64398
430	12.96884	77.64392
431	12.96884	77.64386
432	12.96884	77.64381
433	12.96884	77.64374
434	12.96884	77.64367
435	12.96883	77.64361
436	12.96883	77.64355
437	12.96883	77.64350
438	12.96883	77.64344
439	12.96883	77.64338
440	12.96883	77.64331
441	12.96884	77.64323
442	12.96884	77.64317
443	12.96885	77.64311
444	12.96886	77.64306
445	12.96886	77.64300
446	12.96886	77.64295
447	12.96886	77.64288
448	12.96886	77.64282
449	12.96886	77.64275
450	12.96886	77.64269
451	12.96885	77.64263
452	12.96884	77.64256
453	12.96883	77.64250
454	12.96883	77.64243
455	12.96875	77.64239
456	12.96869	77.64240
457	12.96863	77.64240
458	12.96856	77.64242
459	12.96850	77.64243
460	12.96843	77.64243
461	12.96838	77.64243
462	12.96833	77.64243
463	12.96826	77.64243
464	12.96821	77.64243
465	12.96812	77.64243
466	12.96806	77.64243
467	12.96799	77.64243
468	12.96791	77.64243
469	12.96784	77.64244
470	12.96778	77.64244
471	12.96772	77.64245
472	12.96765	77.64246
473	12.96758	77.64246
474	12.96750	77.64247
475	12.96744	77.64247
476	12.96738	77.64249
477	12.96732	77.64250
478	12.96727	77.64250
479	12.96721	77.64251
480	12.96714	77.64251
481	12.96708	77.64251
482	12.96700	77.64251
483	12.96695	77.64252
484	12.96687	77.64252
485	12.96680	77.64252
486	12.96673	77.64252
487	12.96666	77.64252
488	12.96658	77.64252
489	12.96651	77.64252
490	12.96646	77.64252
491	12.96639	77.64252
492	12.96634	77.64252
493	12.96628	77.64252
494	12.96622	77.64253
495	12.96617	77.64254
496	12.96610	77.64254
497	12.96604	77.64254
498	12.96598	77.64254
499	12.96592	77.64254
500	12.96587	77.64255
501	12.96582	77.64255
502	12.96574	77.64255
503	12.96569	77.64255
504	12.96562	77.64256
505	12.96555	77.64257
506	12.96549	77.64257
507	12.96543	77.64256
508	12.96538	77.64257
509	12.96532	77.64257
510	12.96525	77.64257
511	12.96518	77.64257
512	12.96512	77.64258
513	12.96504	77.64258
514	12.96497	77.64258
515	12.96489	77.64258
516	12.96481	77.64258
517	12.96475	77.64258
518	12.96467	77.64258
519	12.96460	77.64258
520	12.96454	77.64258
521	12.96447	77.64259
522	12.96439	77.64259
523	12.96431	77.64260
524	12.96425	77.64260
525	12.96419	77.64260
526	12.96412	77.64260
527	12.96405	77.64260
528	12.96398	77.64260
529	12.96391	77.64260
530	12.96386	77.64260
531	12.96379	77.64260
532	12.96372	77.64261
533	12.96365	77.64262
534	12.96357	77.64262
535	12.96351	77.64263
536	12.96345	77.64264
537	12.96339	77.64265
538	12.96330	77.64266
539	12.96325	77.64266
540	12.96319	77.64266
541	12.96314	77.64265
542	12.96307	77.64264
543	12.96300	77.64264
544	12.96292	77.64265
545	12.96287	77.64265
546	12.96280	77.64265
547	12.96274	77.64265
548	12.96268	77.64265
549	12.96262	77.64264
550	12.96255	77.64264
551	12.96248	77.64264
552	12.96241	77.64264
553	12.96233	77.64264
554	12.96226	77.64264
555	12.96220	77.64264
556	12.96215	77.64264
557	12.96208	77.64264
558	12.96200	77.64264
559	12.96193	77.64264
560	12.96187	77.64264
561	12.96180	77.64264
562	12.96174	77.64264
563	12.96167	77.64264
564	12.96161	77.64264
565	12.96156	77.64264
566	12.96150	77.64262
567	12.96145	77.64262
568	12.96137	77.64262
569	12.96131	77.64262
570	12.96126	77.64262
571	12.96118	77.64262
572	12.96113	77.64262
573	12.96107	77.64262
574	12.96101	77.64262
575	12.96095	77.64262
576	12.96088	77.64262
577	12.96082	77.64264
578	12.96076	77.64264
579	12.96070	77.64265
580	12.96064	77.64266
581	12.96057	77.64266
582	12.96049	77.64266
583	12.96044	77.64267
584	12.96036	77.64267
585	12.96029	77.64267
586	12.96023	77.64268
587	12.96017	77.64269
588	12.96012	77.64270
589	12.96006	77.64271
590	12.96001	77.64272
591	12.95996	77.64274
592	12.95990	77.64275
593	12.95984	77.64275
594	12.95978	77.64276
595	12.95973	77.64277
596	12.95967	77.64278
597	12.95959	77.64280
598	12.95952	77.64281
599	12.95947	77.64282
600	12.95940	77.64282
601	12.95934	77.64282
602	12.95928	77.64281
603	12.95922	77.64280
604	12.95916	77.64280
605	12.95915	77.64287
606	12.95915	77.64294
607	12.95914	77.64299
608	12.95913	77.64306
609	12.95912	77.64312
610	12.95912	77.64319
611	12.95911	77.64325
612	12.95911	77.64331
613	12.95911	77.64337
614	12.95910	77.64345
615	12.95909	77.64352
616	12.95909	77.64357
617	12.95908	77.64364
618	12.95907	77.64370
619	12.95906	77.64377
620	12.95905	77.64385
621	12.95905	77.64391
622	12.95904	77.64398
623	12.95903	77.64403
624	12.95902	77.64409
625	12.95902	77.64415
626	12.95902	77.64421
627	12.95902	77.64426
628	12.95902	77.64434
629	12.95902	77.64441
630	12.95902	77.64448
631	12.95903	77.64455
632	12.95904	77.64461
633	12.95904	77.64467
634	12.95904	77.64473
635	12.95902	77.64480
636	12.95902	77.64487
637	12.95901	77.64492
638	12.95900	77.64498
639	12.95899	77.64504
640	12.95898	77.64509
641	12.95898	77.64517
642	12.95897	77.64523
643	12.95896	77.64530
644	12.95896	77.64537
645	12.95895	77.64542
646	12.95894	77.64548
647	12.95893	77.64554
648	12.95893	77.64561
649	12.95892	77.64567
650	12.95890	77.64575
651	12.95889	77.64581
652	12.95888	77.64588
653	12.95888	77.64595
654	12.95887	77.64600
655	12.95885	77.64609
656	12.95883	77.64617
657	12.95882	77.64622
658	12.95880	77.64631
659	12.95878	77.64639
660	12.95876	77.64648
661	12.95875	77.64655
662	12.95874	77.64661
663	12.95873	77.64669
664	12.95872	77.64677
665	12.95871	77.64683
666	12.95870	77.64691
667	12.95870	77.64698
668	12.95870	77.64704
669	12.95870	77.64713
670	12.95870	77.64720
671	12.95870	77.64727
672	12.95870	77.64734
673	12.95869	77.64740
674	12.95868	77.64749
675	12.95868	77.64756
676	12.95867	77.64762
677	12.95866	77.64768
678	12.95864	77.64775
679	12.95864	77.64783
680	12.95864	77.64793
681	12.95864	77.64801
682	12.95864	77.64808
683	12.95864	77.64814
684	12.95864	77.64822
685	12.95863	77.64828
686	12.95862	77.64837
687	12.95861	77.64842
688	12.95859	77.64849
689	12.95857	77.64856
690	12.95856	77.64862
691	12.95854	77.64869
692	12.95853	77.64875
693	12.95853	77.64881
694	12.95851	77.64889
695	12.95849	77.64895
696	12.95848	77.64902
697	12.95847	77.64908
698	12.95848	77.64914
699	12.95848	77.64921
700	12.95848	77.64929
701	12.95847	77.64935
702	12.95847	77.64942
703	12.95846	77.64949
704	12.95846	77.64956
705	12.95845	77.64962
706	12.95844	77.64970
707	12.95843	77.64976
708	12.95842	77.64982
709	12.95842	77.64989
710	12.95840	77.64994
711	12.95840	77.65001
712	12.95839	77.65007
713	12.95839	77.65015
714	12.95838	77.65021
715	12.95837	77.65027
716	12.95836	77.65032
717	12.95836	77.65038
718	12.95835	77.65046
719	12.95834	77.65053
720	12.95833	77.65058
721	12.95833	77.65065
722	12.95832	77.65072
723	12.95831	77.65078
724	12.95830	77.65084
725	12.95829	77.65092
726	12.95828	77.65097
727	12.95827	77.65105
728	12.95827	77.65110
729	12.95826	77.65118
730	12.95825	77.65123
731	12.95824	77.65130
732	12.95824	77.65137
733	12.95823	77.65143
734	12.95822	77.65150
735	12.95821	77.65156
736	12.95820	77.65162
737	12.95819	77.65168
738	12.95819	77.65174
739	12.95819	77.65179
740	12.95819	77.65186
741	12.95819	77.65192
742	12.95819	77.65199
743	12.95818	77.65206
744	12.95818	77.65212
745	12.95818	77.65219
746	12.95818	77.65225
747	12.95818	77.65232
748	12.95818	77.65238
749	12.95818	77.65246
750	12.95817	77.65252
751	12.95817	77.65259
752	12.95817	77.65266
753	12.95816	77.65273
754	12.95815	77.65279
755	12.95815	77.65284
756	12.95814	77.65290
757	12.95813	77.65297
758	12.95812	77.65304
759	12.95811	77.65310
760	12.95810	77.65318
761	12.95808	77.65325
762	12.95806	77.65334
763	12.95805	77.65339
764	12.95804	77.65346
765	12.95803	77.65352
766	12.95803	77.65358
767	12.95803	77.65364
768	12.95803	77.65370
769	12.95804	77.65376
770	12.95804	77.65381
771	12.95804	77.65388
772	12.95804	77.65397
773	12.95804	77.65403
774	12.95804	77.65408
775	12.95803	77.65414
776	12.95803	77.65421
777	12.95802	77.65427
778	12.95801	77.65435
779	12.95800	77.65442
780	12.95799	77.65449
781	12.95799	77.65457
782	12.95798	77.65466
783	12.95798	77.65472
784	12.95798	77.65480
785	12.95798	77.65485
786	12.95797	77.65491
787	12.95797	77.65496
788	12.95796	77.65503
789	12.95796	77.65509
790	12.95796	77.65515
791	12.95796	77.65521
792	12.95796	77.65528
793	12.95796	77.65533
794	12.95796	77.65539
795	12.95796	77.65545
796	12.95796	77.65551
797	12.95795	77.65557
798	12.95794	77.65563
799	12.95794	77.65569
800	12.95794	77.65577
801	12.95794	77.65585
802	12.95794	77.65590
803	12.95794	77.65596
804	12.95794	77.65603
805	12.95794	77.65611
806	12.95794	77.65618
807	12.95796	77.65625
808	12.95796	77.65631
809	12.95796	77.65638
810	12.95796	77.65643
811	12.95796	77.65649
812	12.95802	77.65654
813	12.95808	77.65656
814	12.95816	77.65659
815	12.95823	77.65660
816	12.95829	77.65660
817	12.95835	77.65661
818	12.95841	77.65662
819	12.95847	77.65664
820	12.95852	77.65665
821	12.95859	77.65668
822	12.95866	77.65668
823	12.95871	77.65669
824	12.95878	77.65669
825	12.95885	77.65670
826	12.95892	77.65671
827	12.95898	77.65671
828	12.95906	77.65673
829	12.95912	77.65673
830	12.95918	77.65674
831	12.95924	77.65675
832	12.95930	77.65675
833	12.95937	77.65675
834	12.95944	77.65676
835	12.95950	77.65676
836	12.95958	77.65678
837	12.95966	77.65679
838	12.95972	77.65680
839	12.95977	77.65682
840	12.95984	77.65684
841	12.95990	77.65688
842	12.95999	77.65692
843	12.96006	77.65694
844	12.96011	77.65696
845	12.96017	77.65698
846	12.96024	77.65700
847	12.96030	77.65702
848	12.96036	77.65704
849	12.96041	77.65705
850	12.96048	77.65707
851	12.96053	77.65709
852	12.96059	77.65711
853	12.96066	77.65714
854	12.96073	77.65716
855	12.96078	77.65719
856	12.96084	77.65722
857	12.96089	77.65725
858	12.96095	77.65728
859	12.96102	77.65735
860	12.96109	77.65739
861	12.96115	77.65744
862	12.96120	77.65748
863	12.96127	77.65754
864	12.96133	77.65758
865	12.96139	77.65764
866	12.96144	77.65768
867	12.96152	77.65775
868	12.96158	77.65780
869	12.96163	77.65788
870	12.96163	77.65794
871	12.96163	77.65801
872	12.96164	77.65807
873	12.96164	77.65813
874	12.96165	77.65819
875	12.96166	77.65826
876	12.96167	77.65832
877	12.96167	77.65838
878	12.96167	77.65845
879	12.96167	77.65852
880	12.96167	77.65858
881	12.96169	77.65864
882	12.96170	77.65870
883	12.96171	77.65877
884	12.96171	77.65884
885	12.96174	77.65891
886	12.96175	77.65897
887	12.96175	77.65904
888	12.96176	77.65911
889	12.96176	77.65918
890	12.96178	77.65925
891	12.96178	77.65931
892	12.96180	77.65939
893	12.96181	77.65947
894	12.96181	77.65953
895	12.96181	77.65958
896	12.96180	77.65964
897	12.96180	77.65969
898	12.96180	77.65974
899	12.96180	77.65981
900	12.96181	77.65988
901	12.96181	77.65994
902	12.96181	77.66001
903	12.96181	77.66008
904	12.96181	77.66015
905	12.96181	77.66020
906	12.96182	77.66025
907	12.96184	77.66032
908	12.96185	77.66038
909	12.96185	77.66045
910	12.96177	77.66047
911	12.96172	77.66047
912	12.96165	77.66047
913	12.96159	77.66048
914	12.96158	77.66054
915	12.96156	77.66060
916	12.96154	77.66065
917	12.96153	77.66070
918	12.96151	77.66076
919	12.96149	77.66081
920	12.96148	77.66087
921	12.96147	77.66092
922	12.96146	77.66097
923	12.96145	77.66104
924	12.96144	77.66110
925	12.96141	77.66116
926	12.96140	77.66121
927	12.96139	77.66127
928	12.96132	77.66128
929	12.96127	77.66127
930	12.96120	77.66127
931	12.96114	77.66126
932	12.96108	77.66125
933	12.96103	77.66124
934	12.96097	77.66123
935	12.96091	77.66121
936	12.96086	77.66120
937	12.96081	77.66119
938	12.96074	77.66119
939	12.96068	77.66118
940	12.96060	77.66116
941	12.96055	77.66114
942	12.96049	77.66114
943	12.96044	77.66113
