Rank	Latitude	Longitude
1	12.98033	77.62411
2	12.98038	77.62404
3	12.98044	77.62399
4	12.98049	77.62397
5	12.98055	77.62394
6	12.98061	77.62392
7	12.98066	77.62391
8	12.98072	77.62390
9	12.98079	77.62389
10	12.98084	77.62388
11	12.98090	77.62387
12	12.98095	77.62385
13	12.98101	77.62383
14	12.98107	77.62381
15	12.98112	77.62381
16	12.98119	77.62380
17	12.98125	77.62379
18	12.98131	77.62378
19	12.98138	77.62377
20	12.98144	77.62376
21	12.98150	77.62374
22	12.98155	77.62373
23	12.98163	77.62370
24	12.98169	77.62369
25	12.98174	77.62367
26	12.98181	77.62366
27	12.98188	77.62366
28	12.98196	77.62366
29	12.98205	77.62365
30	12.98210	77.62365
31	12.98216	77.62364
32	12.98222	77.62362
33	12.98227	77.62361
34	12.98235	77.62361
35	12.98242	77.62359
36	12.98248	77.62359
37	12.98253	77.62358
38	12.98261	77.62357
39	12.98268	77.62356
40	12.98274	77.62355
41	12.98280	77.62354
42	12.98286	77.62354
43	12.98293	77.62352
44	12.98298	77.62353
45	12.98305	77.62353
46	12.98311	77.62353
47	12.98317	77.62353
48	12.98322	77.62351
49	12.98327	77.62351
50	12.98335	77.62350
51	12.98343	77.62350
52	12.98351	77.62350
53	12.98357	77.62350
54	12.98364	77.62350
55	12.98371	77.62350
56	12.98376	77.62351
57	12.98382	77.62351
58	12.98389	77.62352
59	12.98395	77.62353
60	12.98402	77.62355
61	12.98407	77.62356
62	12.98413	77.62357
63	12.98418	77.62358
64	12.98427	77.62359
65	12.98434	77.62359
66	12.98439	77.62360
67	12.98447	77.62360
68	12.98454	77.62360
69	12.98461	77.62360
70	12.98468	77.62360
71	12.98474	77.62360
72	12.98482	77.62360
73	12.98489	77.62360
74	12.98495	77.62360
75	12.98503	77.62360
76	12.98510	77.62360
77	12.98516	77.62360
78	12.98522	77.62361
79	12.98528	77.62361
80	12.98536	77.62361
81	12.98544	77.62362
82	12.98553	77.62363
83	12.98558	77.62365
84	12.98565	77.62365
85	12.98572	77.62365
86	12.98579	77.62365
87	12.98585	77.62364
88	12.98591	77.62363
89	12.98598	77.62360
90	12.98605	77.62356
91	12.98611	77.62352
92	12.98617	77.62347
93	12.98622	77.62340
94	12.98624	77.62335
95	12.98625	77.62329
96	12.98626	77.62323
97	12.98626	77.62317
98	12.98625	77.62311
99	12.98623	77.62305
100	12.98621	77.62299
101	12.98620	77.62293
102	12.98619	77.62286
103	12.98618	77.62279
104	12.98617	77.62273
105	12.98617	77.62266
106	12.98617	77.62258
107	12.98617	77.62251
108	12.98617	77.62245
109	12.98616	77.62239
110	12.98616	77.62232
111	12.98615	77.62226
112	12.98614	77.62220
113	12.98612	77.62215
114	12.98609	77.62208
115	12.98608	77.62201
116	12.98608	77.62195
117	12.98607	77.62188
118	12.98606	77.62181
119	12.98605	77.62176
120	12.98603	77.62169
121	12.98602	77.62164
122	12.98601	77.62157
123	12.98600	77.62151
124	12.98600	77.62144
125	12.98599	77.62137
126	12.98598	77.62131
127	12.98597	77.62124
128	12.98596	77.62118
129	12.98595	77.62111
130	12.98594	77.62104
131	12.98594	77.62098
132	12.98593	77.62091
133	12.98592	77.62085
134	12.98590	77.62079
135	12.98588	77.62073
136	12.98587	77.62066
137	12.98586	77.62060
138	12.98586	77.62053
139	12.98587	77.62047
140	12.98586	77.62042
141	12.98587	77.62034
142	12.98589	77.62027
143	12.98592	77.62021
144	12.98595	77.62014
145	12.98598	77.62008
146	12.98601	77.62001
147	12.98604	77.61995
148	12.98608	77.61988
149	12.98614	77.61980
150	12.98618	77.61975
151	12.98621	77.61969
152	12.98624	77.61963
153	12.98629	77.61956
154	12.98634	77.61948
155	12.98637	77.61943
156	12.98641	77.61937
157	12.98644	77.61931
158	12.98647	77.61925
159	12.98650	77.61919
160	12.98655	77.61912
161	12.98659	77.61907
162	12.98665	77.61899
163	12.98670	77.61891
164	12.98675	77.61886
165	12.98680	77.61880
166	12.98685	77.61874
167	12.98689	77.61868
168	12.98695	77.61860
169	12.98701	77.61853
170	12.98708	77.61846
171	12.98712	77.61841
172	12.98719	77.61835
173	12.98723	77.61830
174	12.98717	77.61825
175	12.98711	77.61821
176	12.98705	77.61817
177	12.98697	77.61813
178	12.98692	77.61810
179	12.98685	77.61806
180	12.98680	77.61804
181	12.98672	77.61800
182	12.98665	77.61796
183	12.98658	77.61791
184	12.98651	77.61786
185	12.98646	77.61782
186	12.98638	77.61777
187	12.98633	77.61773
188	12.98627	77.61769
189	12.98620	77.61764
190	12.98615	77.61760
191	12.98608	77.61755
192	12.98602	77.61751
193	12.98595	77.61746
194	12.98588	77.61742
195	12.98580	77.61737
196	12.98574	77.61732
197	12.98568	77.61728
198	12.98562	77.61723
199	12.98555	77.61718
200	12.98550	77.61714
201	12.98542	77.61708
202	12.98537	77.61704
203	12.98530	77.61699
204	12.98523	77.61694
205	12.98515	77.61689
206	12.98510	77.61686
207	12.98504	77.61682
208	12.98496	77.61677
209	12.98491	77.61673
210	12.98486	77.61668
211	12.98479	77.61662
212	12.98473	77.61658
213	12.98467	77.61654
214	12.98459	77.61650
215	12.98453	77.61646
216	12.98447	77.61644
217	12.98440	77.61640
218	12.98435	77.61637
219	12.98428	77.61633
220	12.98422	77.61628
221	12.98417	77.61624
222	12.98410	77.61618
223	12.98404	77.61613
224	12.98397	77.61608
225	12.98390	77.61602
226	12.98384	77.61597
227	12.98376	77.61592
228	12.98370	77.61587
229	12.98364	77.61582
230	12.98358	77.61578
231	12.98352	77.61574
232	12.98347	77.61571
233	12.98340	77.61567
234	12.98334	77.61562
235	12.98328	77.61558
236	12.98321	77.61553
237	12.98313	77.61549
238	12.98306	77.61545
239	12.98301	77.61541
240	12.98295	77.61536
241	12.98289	77.61531
242	12.98283	77.61527
243	12.98277	77.61522
244	12.98272	77.61520
245	12.98265	77.61516
246	12.98259	77.61512
247	12.98254	77.61506
248	12.98250	77.61501
249	12.98246	77.61495
250	12.98239	77.61489
251	12.98233	77.61484
252	12.98227	77.61478
253	12.98222	77.61472
254	12.98216	77.61466
255	12.98210	77.61460
256	12.98204	77.61455
257	12.98199	77.61450
258	12.98195	77.61445
259	12.98190	77.61439
260	12.98184	77.61434
261	12.98178	77.61430
262	12.98173	77.61425
263	12.98167	77.61420
264	12.98162	77.61414
265	12.98157	77.61408
266	12.98152	77.61415
267	12.98150	77.61422
268	12.98148	77.61427
269	12.98146	77.61434
270	12.98145	77.61440
271	12.98143	77.61447
272	12.98142	77.61452
273	12.98140	77.61458
274	12.98138	77.61463
275	12.98136	77.61469
276	12.98133	77.61474
277	12.98130	77.61481
278	12.98128	77.61486
279	12.98125	77.61492
280	12.98124	77.61499
281	12.98122	77.61506
282	12.98122	77.61513
283	12.98121	77.61521
284	12.98120	77.61527
285	12.98118	77.61534
286	12.98118	77.61541
287	12.98117	77.61547
288	12.98116	77.61553
289	12.98116	77.61560
290	12.98115	77.61566
291	12.98115	77.61573
292	12.98115	77.61581
293	12.98115	77.61589
294	12.98115	77.61595
295	12.98115	77.61602
296	12.98115	77.61608
297	12.98115	77.61615
298	12.98117	77.61622
299	12.98119	77.61628
300	12.98120	77.61635
301	12.98120	77.61642
302	12.98120	77.61649
303	12.98118	77.61655
304	12.98117	77.61661
305	12.98112	77.61666
306	12.98105	77.61670
307	12.98098	77.61674
308	12.98091	77.61675
309	12.98084	77.61675
310	12.98078	77.61675
311	12.98072	77.61675
312	12.98066	77.61674
313	12.98060	77.61674
314	12.98054	77.61673
315	12.98049	77.61673
316	12.98042	77.61673
317	12.98035	77.61673
318	12.98029	77.61673
319	12.98022	77.61672
320	12.98016	77.61671
321	12.98010	77.61670
322	12.98004	77.61670
323	12.97998	77.61669
324	12.97991	77.61669
325	12.97985	77.61669
326	12.97979	77.61668
327	12.97971	77.61667
328	12.97966	77.61665
329	12.97959	77.61662
330	12.97953	77.61657
331	12.97950	77.61650
332	12.97947	77.61643
333	12.97943	77.61637
334	12.97935	77.61635
335	12.97927	77.61633
336	12.97920	77.61631
337	12.97913	77.61629
338	12.97906	77.61626
339	12.97901	77.61624
340	12.97895	77.61623
341	12.97889	77.61621
342	12.97883	77.61619
343	12.97876	77.61616
344	12.97870	77.61614
345	12.97864	77.61613
346	12.97857	77.61610
347	12.97852	77.61608
348	12.97846	77.61606
349	12.97841	77.61604
350	12.97835	77.61603
351	12.97830	77.61601
352	12.97824	77.61600
353	12.97818	77.61597
354	12.97813	77.61596
355	12.97806	77.61594
356	12.97800	77.61593
357	12.97795	77.61591
358	12.97789	77.61589
359	12.97783	77.61596
360	12.97781	77.61603
361	12.97779	77.61608
362	12.97775	77.61614
363	12.97774	77.61619
364	12.97770	77.61626
365	12.97768	77.61634
366	12.97762	77.61640
367	12.97757	77.61646
368	12.97750	77.61651
369	12.97744	77.61653
370	12.97738	77.61652
371	12.97733	77.61651
372	12.97728	77.61650
373	12.97720	77.61647
374	12.97713	77.61645
375	12.97708	77.61644
376	12.97701	77.61640
377	12.97695	77.61639
378	12.97689	77.61637
379	12.97684	77.61635
380	12.97677	77.61633
381	12.97671	77.61631
382	12.97661	77.61628
383	12.97654	77.61626
384	12.97648	77.61624
385	12.97642	77.61622
386	12.97636	77.61622
387	12.97631	77.61620
388	12.97626	77.61618
389	12.97618	77.61616
390	12.97610	77.61614
391	12.97605	77.61612
392	12.97600	77.61610
393	12.97594	77.61610
394	12.97588	77.61608
395	12.97582	77.61606
396	12.97577	77.61604
397	12.97570	77.61603
398	12.97564	77.61602
399	12.97557	77.61602
400	12.97551	77.61600
401	12.97545	77.61599
402	12.97539	77.61597
403	12.97533	77.61595
404	12.97526	77.61592
405	12.97520	77.61591
406	12.97514	77.61588
407	12.97509	77.61587
408	12.97503	77.61585
409	12.97498	77.61584
410	12.97492	77.61581
411	12.97486	77.61580
412	12.97480	77.61578
413	12.97474	77.61576
414	12.97468	77.61573
415	12.97461	77.61570
416	12.97456	77.61569
417	12.97449	77.61565
418	12.97442	77.61562
419	12.97436	77.61559
420	12.97429	77.61556
421	12.97421	77.61552
422	12.97413	77.61550
423	12.97406	77.61548
424	12.97398	77.61546
425	12.97393	77.61544
426	12.97387	77.61543
427	12.97382	77.61541
428	12.97377	77.61539
429	12.97370	77.61537
430	12.97365	77.61535
431	12.97359	77.61533
432	12.97354	77.61530
433	12.97349	77.61528
434	12.97343	77.61525
435	12.97336	77.61522
436	12.97331	77.61521
437	12.97325	77.61519
438	12.97320	77.61517
439	12.97314	77.61515
440	12.97307	77.61512
441	12.97298	77.61509
442	12.97293	77.61507
443	12.97288	77.61506
444	12.97282	77.61504
445	12.97277	77.61503
446	12.97270	77.61501
447	12.97263	77.61499
448	12.97257	77.61498
449	12.97250	77.61496
450	12.97242	77.61494
451	12.97235	77.61492
452	12.97230	77.61499
453	12.97228	77.61505
454	12.97226	77.61511
455	12.97224	77.61518
456	12.97222	77.61525
457	12.97220	77.61533
458	12.97219	77.61540
459	12.97218	77.61546
460	12.97217	77.61553
461	12.97215	77.61559
462	12.97214	77.61565
463	12.97212	77.61572
464	12.97211	77.61578
465	12.97210	77.61585
466	12.97208	77.61592
467	12.97207	77.61597
468	12.97206	77.61603
469	12.97204	77.61609
470	12.97202	77.61616
471	12.97200	77.61622
472	12.97199	77.61628
473	12.97197	77.61635
474	12.97196	77.61640
475	12.97195	77.61648
476	12.97194	77.61655
477	12.97192	77.61661
478	12.97191	77.61667
479	12.97189	77.61673
480	12.97187	77.61681
481	12.97185	77.61687
482	12.97185	77.61692
483	12.97183	77.61699
484	12.97181	77.61705
485	12.97179	77.61710
486	12.97177	77.61717
487	12.97175	77.61724
488	12.97174	77.61730
489	12.97171	77.61737
490	12.97170	77.61742
491	12.97168	77.61749
492	12.97166	77.61756
493	12.97165	77.61762
494	12.97164	77.61768
495	12.97163	77.61774
496	12.97162	77.61780
497	12.97161	77.61786
498	12.97159	77.61794
499	12.97159	77.61801
500	12.97158	77.61807
501	12.97157	77.61814
502	12.97156	77.61822
503	12.97155	77.61829
504	12.97153	77.61835
505	12.97151	77.61842
506	12.97149	77.61847
507	12.97149	77.61853
508	12.97148	77.61859
509	12.97147	77.61866
510	12.97145	77.61873
511	12.97145	77.61879
512	12.97144	77.61885
513	12.97143	77.61892
514	12.97142	77.61898
515	12.97141	77.61905
516	12.97139	77.61913
517	12.97137	77.61918
518	12.97136	77.61924
519	12.97134	77.61932
520	12.97131	77.61939
521	12.97130	77.61944
522	12.97128	77.61949
523	12.97127	77.61955
524	12.97125	77.61961
525	12.97124	77.61967
526	12.97124	77.61974
527	12.97124	77.61979
528	12.97124	77.61985
529	12.97124	77.61992
530	12.97124	77.61998
531	12.97124	77.62003
532	12.97124	77.62009
533	12.97124	77.62016
534	12.97124	77.62022
535	12.97124	77.62028
536	12.97124	77.62035
537	12.97124	77.62041
538	12.97124	77.62047
539	12.97124	77.62054
540	12.97124	77.62060
541	12.97125	77.62066
542	12.97125	77.62073
543	12.97125	77.62078
544	12.97124	77.62084
545	12.97123	77.62091
546	12.97123	77.62096
547	12.97124	77.62102
548	12.97126	77.62108
549	12.97127	77.62114
550	12.97128	77.62120
551	12.97129	77.62125
552	12.97129	77.62131
553	12.97129	77.62137
554	12.97130	77.62143
555	12.97132	77.62149
556	12.97133	77.62155
557	12.97133	77.62162
558	12.97133	77.62168
559	12.97134	77.62176
560	12.97135	77.62183
561	12.97136	77.62188
562	12.97137	77.62195
563	12.97138	77.62202
564	12.97140	77.62208
565	12.97140	77.62213
566	12.97142	77.62219
567	12.97143	77.62227
568	12.97144	77.62233
569	12.97146	77.62241
570	12.97148	77.62248
571	12.97150	77.62254
572	12.97153	77.62262
573	12.97156	77.62269
574	12.97158	77.62275
575	12.97160	77.62281
576	12.97163	77.62286
577	12.97164	77.62292
578	12.97166	77.62298
579	12.97170	77.62305
580	12.97173	77.62313
581	12.97174	77.62319
582	12.97174	77.62324
583	12.97176	77.62330
584	12.97177	77.62335
585	12.97179	77.62341
586	12.97182	77.62348
587	12.97185	77.62353
588	12.97187	77.62359
589	12.97189	77.62365
590	12.97193	77.62372
591	12.97198	77.62380
592	12.97203	77.62387
593	12.97207	77.62393
594	12.97213	77.62400
595	12.97218	77.62407
596	12.97223	77.62414
597	12.97228	77.62421
598	12.97231	77.62428
599	12.97235	77.62433
600	12.97238	77.62439
601	12.97241	77.62446
602	12.97245	77.62453
603	12.97248	77.62460
604	12.97251	77.62466
605	12.97255	77.62472
606	12.97259	77.62478
607	12.97263	77.62485
608	12.97267	77.62491
609	12.97271	77.62499
610	12.97275	77.62505
611	12.97280	77.62511
612	12.97283	77.62517
613	12.97286	77.62522
614	12.97290	77.62529
615	12.97295	77.62536
616	12.97299	77.62542
617	12.97304	77.62548
618	12.97308	77.62555
619	12.97313	77.62561
620	12.97317	77.62568
621	12.97321	77.62575
622	12.97324	77.62580
623	12.97327	77.62586
624	12.97329	77.62591
625	12.97333	77.62599
626	12.97336	77.62605
627	12.97341	77.62611
628	12.97345	77.62618
629	12.97349	77.62623
630	12.97355	77.62630
631	12.97359	77.62637
632	12.97362	77.62642
633	12.97366	77.62648
634	12.97369	77.62654
635	12.97375	77.62661
636	12.97380	77.62667
637	12.97385	77.62674
638	12.97389	77.62680
639	12.97395	77.62688
640	12.97400	77.62695
641	12.97405	77.62702
642	12.97408	77.62708
643	12.97414	77.62715
644	12.97421	77.62721
645	12.97428	77.62726
646	12.97434	77.62731
647	12.97439	77.62735
648	12.97446	77.62739
649	12.97451	77.62741
650	12.97458	77.62746
651	12.97464	77.62749
652	12.97469	77.62755
653	12.97476	77.62760
654	12.97482	77.62765
655	12.97488	77.62770
656	12.97494	77.62775
657	12.97499	77.62779
658	12.97505	77.62783
659	12.97510	77.62785
660	12.97516	77.62789
661	12.97522	77.62792
662	12.97527	77.62796
663	12.97535	77.62800
664	12.97541	77.62804
665	12.97548	77.62807
666	12.97552	77.62813
667	12.97560	77.62816
668	12.97566	77.62819
669	12.97572	77.62822
670	12.97579	77.62827
671	12.97585	77.62829
672	12.97591	77.62834
673	12.97598	77.62840
674	12.97605	77.62845
675	12.97611	77.62852
676	12.97617	77.62857
677	12.97622	77.62862
678	12.97626	77.62868
679	12.97629	77.62875
680	12.97633	77.62883
681	12.97637	77.62891
682	12.97640	77.62897
683	12.97643	77.62903
684	12.97648	77.62910
685	12.97650	77.62916
686	12.97654	77.62923
687	12.97658	77.62929
688	12.97663	77.62936
689	12.97668	77.62942
690	12.97672	77.62948
691	12.97678	77.62947
692	12.97681	77.62941
693	12.97684	77.62935
694	12.97686	77.62930
695	12.97689	77.62924
696	12.97692	77.62919
697	12.97694	77.62913
698	12.97697	77.62906
699	12.97701	77.62898
700	12.97703	77.62893
701	12.97705	77.62884
702	12.97707	77.62879
703	12.97709	77.62873
704	12.97711	77.62867
705	12.97712	77.62861
706	12.97713	77.62856
707	12.97715	77.62850
708	12.97717	77.62842
709	12.97718	77.62837
710	12.97719	77.62831
711	12.97723	77.62824
712	12.97725	77.62817
713	12.97727	77.62811
714	12.97729	77.62805
715	12.97731	77.62798
716	12.97733	77.62791
717	12.97734	77.62785
718	12.97736	77.62779
719	12.97737	77.62772
720	12.97738	77.62766
721	12.97738	77.62759
722	12.97739	77.62753
723	12.97739	77.62747
724	12.97739	77.62740
725	12.97745	77.62740
726	12.97753	77.62742
727	12.97758	77.62743
728	12.97764	77.62743
729	12.97772	77.62746
730	12.97777	77.62747
731	12.97782	77.62748
732	12.97789	77.62750
733	12.97795	77.62752
734	12.97800	77.62753
735	12.97805	77.62754
736	12.97806	77.62748
737	12.97804	77.62741
738	12.97802	77.62735
739	12.97802	77.62728
740	12.97802	77.62722
741	12.97802	77.62715
742	12.97803	77.62710
743	12.97805	77.62703
744	12.97807	77.62697
745	12.97808	77.62691
746	12.97809	77.62685
747	12.97814	77.62686
748	12.97819	77.62687
749	12.97825	77.62688
750	12.97830	77.62689
751	12.97835	77.62691
752	12.97840	77.62692
753	12.97846	77.62694
754	12.97851	77.62695
755	12.97858	77.62696
756	12.97865	77.62697
757	12.97872	77.62699
758	12.97878	77.62700
759	12.97884	77.62702
760	12.97886	77.62696
761	12.97887	77.62690
762	12.97888	77.62684
763	12.97888	77.62678
764	12.97889	77.62673
765	12.97889	77.62667
766	12.97897	77.62668
767	12.97903	77.62669
768	12.97908	77.62669
769	12.97915	77.62669
770	12.97923	77.62669
771	12.97932	77.62669
772	12.97938	77.62669
773	12.97941	77.62663
774	12.97940	77.62655
775	12.97939	77.62650
776	12.97939	77.62643
777	12.97939	77.62637
778	12.97938	77.62630
779	12.97937	77.62625
780	12.97936	77.62618
781	12.97935	77.62611
782	12.97934	77.62605
783	12.97934	77.62599
784	12.97934	77.62592
785	12.97934	77.62586
786	12.97935	77.62580
787	12.97936	77.62573
788	12.97937	77.62568
789	12.97938	77.62559
790	12.97939	77.62554
791	12.97940	77.62546
792	12.97941	77.62541
793	12.97942	77.62535
794	12.97944	77.62530
795	12.97950	77.62533
796	12.97957	77.62537
797	12.97963	77.62539
798	12.97969	77.62541
799	12.97975	77.62541
800	12.97980	77.62542
801	12.97987	77.62543
802	12.97993	77.62543
803	12.97998	77.62544
804	12.98005	77.62545
805	12.98011	77.62546
806	12.98017	77.62546
807	12.98023	77.62548
808	12.98029	77.62549
809	12.98034	77.62550
810	12.98040	77.62550
811	12.98046	77.62551
812	12.98047	77.62544
813	12.98048	77.62538
814	12.98048	77.62531
815	12.98048	77.62524
816	12.98048	77.62518
817	12.98048	77.62511
818	12.98047	77.62506
819	12.98046	77.62499
820	12.98045	77.62492
821	12.98045	77.62486
822	12.98044	77.62479
823	12.98042	77.62474
824	12.98041	77.62468
825	12.98039	77.62463
826	12.98037	77.62455
827	12.98036	77.62449
828	12.98034	77.62441
829	12.98034	77.62436
830	12.98033	77.62430
831	12.98032	77.62424
832	12.98032	77.62418
