Rank	Latitude	Longitude
1	12.98319	77.60277
2	12.98318	77.60282
3	12.98316	77.60287
4	12.98316	77.60293
5	12.98314	77.60298
6	12.98313	77.60303
7	12.98310	77.60310
8	12.98308	77.60315
9	12.98306	77.60322
10	12.98304	77.60330
11	12.98302	77.60336
12	12.98301	77.60341
13	12.98299	77.60348
14	12.98295	77.60357
15	12.98294	77.60362
16	12.98292	77.60367
17	12.98290	77.60374
18	12.98288	77.60380
19	12.98286	77.60385
20	12.98284	77.60393
21	12.98282	77.60398
22	12.98281	77.60406
23	12.98280	77.60412
24	12.98278	77.60419
25	12.98276	77.60424
26	12.98274	77.60431
27	12.98271	77.60438
28	12.98267	77.60445
29	12.98267	77.60450
30	12.98267	77.60457
31	12.98269	77.60463
32	12.98272	77.60469
33	12.98272	77.60477
34	12.98272	77.60483
35	12.98272	77.60490
36	12.98272	77.60496
37	12.98272	77.60502
38	12.98273	77.60509
39	12.98273	77.60515
40	12.98274	77.60521
41	12.98275	77.60527
42	12.98275	77.60532
43	12.98275	77.60537
44	12.98275	77.60544
45	12.98275	77.60551
46	12.98275	77.60558
47	12.98275	77.60564
48	12.98275	77.60570
49	12.98274	77.60575
50	12.98273	77.60581
51	12.98273	77.60588
52	12.98272	77.60594
53	12.98271	77.60602
54	12.98270	77.60608
55	12.98269	77.60616
56	12.98268	77.60623
57	12.98267	77.60629
58	12.98266	77.60634
59	12.98265	77.60641
60	12.98263	77.60649
61	12.98262	77.60654
62	12.98260	77.60660
63	12.98259	77.60665
64	12.98257	77.60673
65	12.98255	77.60678
66	12.98255	77.60684
67	12.98254	77.60692
68	12.98253	77.60698
69	12.98251	77.60704
70	12.98251	77.60710
71	12.98250	77.60715
72	12.98250	77.60722
73	12.98246	77.60732
74	12.98245	77.60737
75	12.98244	77.60742
76	12.98240	77.60751
77	12.98238	77.60756
78	12.98237	77.60762
79	12.98235	77.60768
80	12.98234	77.60773
81	12.98239	77.60780
82	12.98244	77.60783
83	12.98251	77.60785
84	12.98256	77.60788
85	12.98262	77.60792
86	12.98270	77.60793
87	12.98276	77.60795
88	12.98281	77.60798
89	12.98279	77.60803
90	12.98279	77.60810
91	12.98278	77.60815
92	12.98277	77.60822
93	12.98276	77.60827
94	12.98275	77.60838
95	12.98275	77.60844
96	12.98272	77.60852
97	12.98271	77.60859
98	12.98269	77.60864
99	12.98268	77.60869
100	12.98266	77.60875
101	12.98265	77.60881
102	12.98264	77.60886
103	12.98262	77.60891
104	12.98261	77.60897
105	12.98257	77.60906
106	12.98253	77.60913
107	12.98250	77.60921
108	12.98248	77.60928
109	12.98246	77.60935
110	12.98244	77.60941
111	12.98241	77.60947
112	12.98237	77.60954
113	12.98236	77.60960
114	12.98234	77.60967
115	12.98232	77.60974
116	12.98230	77.60982
117	12.98228	77.60987
118	12.98225	77.60994
119	12.98223	77.60999
120	12.98221	77.61005
121	12.98220	77.61011
122	12.98217	77.61018
123	12.98216	77.61023
124	12.98214	77.61029
125	12.98212	77.61036
126	12.98209	77.61043
127	12.98207	77.61048
128	12.98203	77.61055
129	12.98200	77.61061
130	12.98197	77.61067
131	12.98194	77.61074
132	12.98192	77.61080
133	12.98191	77.61085
134	12.98189	77.61090
135	12.98187	77.61096
136	12.98186	77.61103
137	12.98184	77.61108
138	12.98182	77.61115
139	12.98179	77.61122
140	12.98176	77.61129
141	12.98175	77.61136
142	12.98173	77.61142
143	12.98170	77.61149
144	12.98168	77.61157
145	12.98165	77.61162
146	12.98164	77.61169
147	12.98163	77.61175
148	12.98169	77.61177
149	12.98175	77.61180
150	12.98181	77.61182
151	12.98187	77.61185
152	12.98194	77.61188
153	12.98200	77.61191
154	12.98206	77.61196
155	12.98212	77.61201
156	12.98219	77.61207
157	12.98225	77.61212
158	12.98222	77.61219
159	12.98219	77.61226
160	12.98216	77.61233
161	12.98214	77.61241
162	12.98213	77.61246
163	12.98210	77.61252
164	12.98206	77.61259
165	12.98203	77.61266
166	12.98202	77.61272
167	12.98199	77.61279
168	12.98196	77.61285
169	12.98192	77.61292
170	12.98189	77.61298
171	12.98187	77.61304
172	12.98185	77.61312
173	12.98183	77.61317
174	12.98181	77.61324
175	12.98178	77.61332
176	12.98176	77.61339
177	12.98173	77.61346
178	12.98168	77.61351
179	12.98163	77.61355
180	12.98157	77.61360
181	12.98152	77.61364
182	12.98146	77.61369
183	12.98140	77.61373
184	12.98135	77.61377
185	12.98130	77.61382
186	12.98134	77.61387
187	12.98142	77.61393
188	12.98146	77.61399
189	12.98153	77.61403
190	12.98157	77.61408
191	12.98162	77.61414
192	12.98167	77.61420
193	12.98173	77.61425
194	12.98178	77.61430
195	12.98184	77.61434
196	12.98190	77.61439
197	12.98195	77.61445
198	12.98199	77.61450
199	12.98204	77.61455
200	12.98210	77.61460
201	12.98216	77.61466
202	12.98221	77.61471
203	12.98225	77.61476
204	12.98231	77.61482
205	12.98237	77.61488
206	12.98243	77.61493
207	12.98248	77.61499
208	12.98253	77.61505
209	12.98257	77.61510
210	12.98263	77.61515
211	12.98269	77.61519
212	12.98277	77.61522
213	12.98283	77.61527
214	12.98289	77.61531
215	12.98295	77.61536
216	12.98301	77.61541
217	12.98306	77.61545
218	12.98313	77.61549
219	12.98318	77.61551
220	12.98325	77.61556
221	12.98332	77.61560
222	12.98338	77.61565
223	12.98345	77.61570
224	12.98352	77.61574
225	12.98358	77.61578
226	12.98364	77.61582
227	12.98370	77.61587
228	12.98376	77.61592
229	12.98382	77.61595
230	12.98388	77.61600
231	12.98395	77.61606
232	12.98402	77.61611
233	12.98408	77.61616
234	12.98414	77.61622
235	12.98419	77.61625
236	12.98426	77.61631
237	12.98433	77.61636
238	12.98438	77.61639
239	12.98445	77.61642
240	12.98453	77.61646
241	12.98459	77.61650
242	12.98467	77.61654
243	12.98473	77.61658
244	12.98479	77.61662
245	12.98486	77.61668
246	12.98491	77.61673
247	12.98496	77.61677
248	12.98501	77.61681
249	12.98510	77.61686
250	12.98515	77.61689
251	12.98521	77.61693
252	12.98528	77.61698
253	12.98535	77.61703
254	12.98542	77.61708
255	12.98548	77.61712
256	12.98553	77.61716
257	12.98560	77.61721
258	12.98566	77.61726
259	12.98572	77.61731
260	12.98578	77.61735
261	12.98583	77.61740
262	12.98590	77.61743
263	12.98598	77.61749
264	12.98605	77.61753
265	12.98610	77.61756
266	12.98616	77.61761
267	12.98622	77.61765
268	12.98629	77.61770
269	12.98635	77.61775
270	12.98641	77.61778
271	12.98647	77.61783
272	12.98654	77.61788
273	12.98661	77.61793
274	12.98668	77.61797
275	12.98675	77.61801
276	12.98683	77.61805
277	12.98689	77.61809
278	12.98695	77.61812
279	12.98702	77.61816
280	12.98709	77.61819
281	12.98715	77.61823
282	12.98721	77.61828
283	12.98727	77.61827
284	12.98733	77.61821
285	12.98737	77.61815
286	12.98742	77.61809
287	12.98749	77.61802
288	12.98755	77.61795
289	12.98760	77.61789
290	12.98762	77.61784
291	12.98765	77.61778
292	12.98768	77.61771
293	12.98773	77.61763
294	12.98776	77.61755
295	12.98780	77.61749
296	12.98783	77.61743
297	12.98787	77.61735
298	12.98790	77.61729
299	12.98793	77.61722
300	12.98798	77.61714
301	12.98802	77.61708
302	12.98805	77.61701
303	12.98810	77.61696
304	12.98812	77.61690
305	12.98816	77.61683
306	12.98820	77.61677
307	12.98824	77.61671
308	12.98828	77.61666
309	12.98832	77.61661
310	12.98836	77.61655
311	12.98840	77.61648
312	12.98845	77.61640
313	12.98847	77.61635
314	12.98850	77.61629
315	12.98854	77.61623
316	12.98858	77.61614
317	12.98861	77.61608
318	12.98865	77.61601
319	12.98869	77.61595
320	12.98874	77.61588
321	12.98878	77.61581
322	12.98882	77.61576
323	12.98885	77.61569
324	12.98888	77.61562
325	12.98892	77.61556
326	12.98895	77.61548
327	12.98897	77.61543
328	12.98901	77.61537
329	12.98906	77.61530
330	12.98911	77.61522
331	12.98914	77.61515
332	12.98918	77.61509
333	12.98922	77.61503
334	12.98925	77.61498
335	12.98930	77.61491
336	12.98932	77.61484
337	12.98938	77.61477
338	12.98944	77.61469
339	12.98947	77.61464
340	12.98951	77.61458
341	12.98956	77.61450
342	12.98962	77.61443
343	12.98965	77.61437
344	12.98968	77.61430
345	12.98973	77.61423
346	12.98976	77.61417
347	12.98978	77.61411
348	12.98981	77.61406
349	12.98983	77.61400
350	12.98985	77.61393
351	12.98986	77.61386
352	12.98988	77.61381
353	12.98990	77.61375
354	12.98991	77.61369
355	12.98993	77.61362
356	12.98994	77.61356
357	12.98995	77.61351
358	12.98997	77.61344
359	12.98999	77.61338
360	12.99001	77.61331
361	12.99003	77.61323
362	12.99004	77.61318
363	12.99005	77.61311
364	12.99008	77.61304
365	12.99009	77.61297
366	12.99011	77.61291
367	12.99012	77.61285
368	12.99013	77.61280
369	12.99014	77.61273
370	12.99015	77.61266
371	12.99017	77.61259
372	12.99019	77.61251
373	12.99022	77.61244
374	12.99025	77.61238
375	12.99028	77.61231
376	12.99033	77.61224
377	12.99036	77.61219
378	12.99040	77.61212
379	12.99045	77.61205
380	12.99050	77.61198
381	12.99054	77.61192
382	12.99059	77.61184
383	12.99064	77.61178
384	12.99069	77.61171
385	12.99073	77.61165
386	12.99078	77.61159
387	12.99083	77.61153
388	12.99088	77.61146
389	12.99093	77.61140
390	12.99098	77.61133
391	12.99104	77.61127
392	12.99108	77.61121
393	12.99113	77.61116
394	12.99117	77.61110
395	12.99120	77.61104
396	12.99124	77.61098
397	12.99127	77.61092
398	12.99131	77.61086
399	12.99135	77.61079
400	12.99128	77.61076
401	12.99123	77.61074
402	12.99115	77.61072
403	12.99108	77.61071
404	12.99102	77.61070
405	12.99096	77.61069
406	12.99087	77.61068
407	12.99080	77.61066
408	12.99073	77.61065
409	12.99067	77.61063
410	12.99062	77.61062
411	12.99054	77.61061
412	12.99048	77.61060
413	12.99043	77.61059
414	12.99035	77.61058
415	12.99029	77.61058
416	12.99022	77.61057
417	12.99015	77.61056
418	12.99006	77.61054
419	12.99001	77.61053
420	12.98994	77.61051
421	12.98987	77.61050
422	12.98982	77.61050
423	12.98975	77.61049
424	12.98968	77.61049
425	12.98963	77.61048
426	12.98957	77.61047
427	12.98950	77.61047
428	12.98944	77.61047
429	12.98936	77.61045
430	12.98930	77.61044
431	12.98925	77.61043
432	12.98918	77.61041
433	12.98913	77.61038
434	12.98907	77.61036
435	12.98902	77.61035
436	12.98896	77.61032
437	12.98891	77.61030
438	12.98883	77.61031
439	12.98876	77.61030
440	12.98870	77.61029
441	12.98862	77.61028
442	12.98854	77.61027
443	12.98846	77.61024
444	12.98840	77.61023
445	12.98835	77.61021
446	12.98828	77.61020
447	12.98822	77.61017
448	12.98813	77.61015
449	12.98806	77.61013
450	12.98798	77.61012
451	12.98791	77.61011
452	12.98785	77.61010
453	12.98779	77.61009
454	12.98772	77.61008
455	12.98765	77.61006
456	12.98758	77.61003
457	12.98752	77.61002
458	12.98746	77.61001
459	12.98739	77.61000
460	12.98733	77.60998
461	12.98727	77.60997
462	12.98721	77.60995
463	12.98713	77.60993
464	12.98707	77.60991
465	12.98702	77.60989
466	12.98696	77.60988
467	12.98689	77.60986
468	12.98681	77.60986
469	12.98674	77.60985
470	12.98669	77.60983
471	12.98663	77.60981
472	12.98655	77.60980
473	12.98648	77.60979
474	12.98639	77.60979
475	12.98631	77.60979
476	12.98623	77.60978
477	12.98616	77.60976
478	12.98610	77.60974
479	12.98603	77.60973
480	12.98597	77.60971
481	12.98590	77.60970
482	12.98582	77.60969
483	12.98575	77.60966
484	12.98569	77.60965
485	12.98561	77.60965
486	12.98553	77.60964
487	12.98546	77.60963
488	12.98539	77.60961
489	12.98533	77.60958
490	12.98526	77.60956
491	12.98519	77.60954
492	12.98513	77.60950
493	12.98507	77.60947
494	12.98506	77.60941
495	12.98509	77.60933
496	12.98510	77.60928
497	12.98512	77.60920
498	12.98515	77.60913
499	12.98516	77.60907
500	12.98518	77.60901
501	12.98519	77.60896
502	12.98521	77.60890
503	12.98523	77.60884
504	12.98525	77.60877
505	12.98528	77.60869
506	12.98529	77.60864
507	12.98531	77.60858
508	12.98531	77.60851
509	12.98532	77.60846
510	12.98533	77.60840
511	12.98535	77.60835
512	12.98536	77.60829
513	12.98538	77.60824
514	12.98539	77.60816
515	12.98540	77.60810
516	12.98541	77.60804
517	12.98541	77.60797
518	12.98541	77.60790
519	12.98541	77.60783
520	12.98540	77.60777
521	12.98540	77.60770
522	12.98540	77.60763
523	12.98540	77.60755
524	12.98540	77.60748
525	12.98540	77.60742
526	12.98540	77.60735
527	12.98539	77.60728
528	12.98538	77.60722
529	12.98535	77.60716
530	12.98529	77.60713
531	12.98522	77.60711
532	12.98517	77.60708
533	12.98511	77.60706
534	12.98503	77.60704
535	12.98497	77.60701
536	12.98491	77.60699
537	12.98485	77.60696
538	12.98478	77.60693
539	12.98472	77.60691
540	12.98467	77.60689
541	12.98460	77.60687
542	12.98452	77.60685
543	12.98446	77.60683
544	12.98440	77.60680
545	12.98433	77.60677
546	12.98428	77.60674
547	12.98421	77.60668
548	12.98417	77.60660
549	12.98415	77.60654
550	12.98413	77.60648
551	12.98413	77.60641
552	12.98413	77.60635
553	12.98413	77.60628
554	12.98412	77.60622
555	12.98411	77.60616
556	12.98410	77.60609
557	12.98408	77.60600
558	12.98406	77.60595
559	12.98406	77.60589
560	12.98405	77.60582
561	12.98403	77.60575
562	12.98402	77.60569
563	12.98400	77.60563
564	12.98397	77.60557
565	12.98395	77.60551
566	12.98393	77.60546
567	12.98392	77.60539
568	12.98390	77.60533
569	12.98388	77.60527
570	12.98386	77.60520
571	12.98385	77.60514
572	12.98383	77.60508
573	12.98381	77.60502
574	12.98380	77.60497
575	12.98379	77.60492
576	12.98378	77.60485
577	12.98376	77.60478
578	12.98374	77.60471
579	12.98372	77.60464
580	12.98371	77.60458
581	12.98370	77.60450
582	12.98368	77.60444
583	12.98367	77.60436
584	12.98366	77.60430
585	12.98365	77.60423
586	12.98364	77.60417
587	12.98363	77.60411
588	12.98362	77.60404
589	12.98361	77.60397
590	12.98360	77.60390
591	12.98359	77.60384
592	12.98358	77.60378
593	12.98356	77.60371
594	12.98354	77.60365
595	12.98352	77.60359
596	12.98351	77.60353
597	12.98349	77.60348
598	12.98348	77.60342
599	12.98346	77.60336
600	12.98344	77.60331
601	12.98342	77.60324
602	12.98340	77.60316
603	12.98338	77.60308
604	12.98336	77.60302
605	12.98333	77.60295
606	12.98330	77.60290
607	12.98326	77.60284
