Rank	Latitude	Longitude
1	12.99401	77.59289
2	12.99394	77.59291
3	12.99389	77.59291
4	12.99386	77.59298
5	12.99385	77.59305
6	12.99384	77.59311
7	12.99382	77.59316
8	12.99382	77.59322
9	12.99380	77.59328
10	12.99378	77.59335
11	12.99376	77.59341
12	12.99374	77.59348
13	12.99372	77.59354
14	12.99370	77.59360
15	12.99367	77.59366
16	12.99365	77.59373
17	12.99362	77.59380
18	12.99360	77.59386
19	12.99358	77.59392
20	12.99356	77.59397
21	12.99355	77.59402
22	12.99354	77.59410
23	12.99353	77.59415
24	12.99350	77.59422
25	12.99348	77.59428
26	12.99345	77.59435
27	12.99343	77.59441
28	12.99341	77.59447
29	12.99339	77.59453
30	12.99335	77.59459
31	12.99332	77.59465
32	12.99330	77.59471
33	12.99326	77.59478
34	12.99324	77.59484
35	12.99321	77.59490
36	12.99318	77.59497
37	12.99315	77.59504
38	12.99312	77.59510
39	12.99309	77.59517
40	12.99305	77.59523
41	12.99303	77.59528
42	12.99299	77.59536
43	12.99296	77.59542
44	12.99292	77.59549
45	12.99289	77.59555
46	12.99286	77.59561
47	12.99283	77.59566
48	12.99280	77.59572
49	12.99275	77.59579
50	12.99271	77.59585
51	12.99268	77.59591
52	12.99265	77.59596
53	12.99262	77.59603
54	12.99258	77.59609
55	12.99255	77.59614
56	12.99252	77.59620
57	12.99248	77.59628
58	12.99245	77.59633
59	12.99242	77.59639
60	12.99239	77.59645
61	12.99235	77.59654
62	12.99232	77.59660
63	12.99227	77.59666
64	12.99224	77.59673
65	12.99221	77.59678
66	12.99215	77.59685
67	12.99209	77.59693
68	12.99202	77.59698
69	12.99197	77.59702
70	12.99189	77.59708
71	12.99182	77.59715
72	12.99174	77.59721
73	12.99169	77.59726
74	12.99164	77.59731
75	12.99159	77.59735
76	12.99152	77.59740
77	12.99145	77.59746
78	12.99139	77.59751
79	12.99134	77.59756
80	12.99129	77.59760
81	12.99123	77.59764
82	12.99118	77.59769
83	12.99112	77.59772
84	12.99104	77.59778
85	12.99099	77.59782
86	12.99091	77.59786
87	12.99084	77.59790
88	12.99079	77.59794
89	12.99073	77.59798
90	12.99068	77.59801
91	12.99062	77.59806
92	12.99056	77.59810
93	12.99050	77.59814
94	12.99045	77.59818
95	12.99037	77.59824
96	12.99030	77.59830
97	12.99024	77.59835
98	12.99020	77.59841
99	12.99013	77.59847
100	12.99008	77.59850
101	12.99002	77.59855
102	12.98997	77.59860
103	12.98992	77.59866
104	12.98989	77.59873
105	12.98987	77.59880
106	12.98984	77.59885
107	12.98982	77.59891
108	12.98980	77.59897
109	12.98978	77.59904
110	12.98976	77.59910
111	12.98973	77.59917
112	12.98971	77.59922
113	12.98968	77.59928
114	12.98966	77.59934
115	12.98963	77.59939
116	12.98960	77.59947
117	12.98957	77.59954
118	12.98955	77.59961
119	12.98953	77.59967
120	12.98951	77.59974
121	12.98949	77.59979
122	12.98947	77.59985
123	12.98946	77.59991
124	12.98943	77.59999
125	12.98941	77.60004
126	12.98938	77.60012
127	12.98936	77.60018
128	12.98932	77.60025
129	12.98929	77.60031
130	12.98927	77.60036
131	12.98923	77.60043
132	12.98921	77.60049
133	12.98919	77.60055
134	12.98917	77.60062
135	12.98910	77.60063
136	12.98902	77.60062
137	12.98897	77.60060
138	12.98890	77.60059
139	12.98885	77.60058
140	12.98877	77.60056
141	12.98870	77.60054
142	12.98864	77.60052
143	12.98859	77.60050
144	12.98852	77.60048
145	12.98845	77.60046
146	12.98837	77.60044
147	12.98830	77.60042
148	12.98825	77.60040
149	12.98818	77.60037
150	12.98812	77.60034
151	12.98807	77.60032
152	12.98800	77.60029
153	12.98795	77.60028
154	12.98789	77.60026
155	12.98784	77.60024
156	12.98778	77.60021
157	12.98772	77.60020
158	12.98767	77.60018
159	12.98761	77.60014
160	12.98756	77.60012
161	12.98750	77.60010
162	12.98744	77.60006
163	12.98739	77.60004
164	12.98731	77.60002
165	12.98724	77.59998
166	12.98716	77.59993
167	12.98709	77.59991
168	12.98704	77.59988
169	12.98698	77.59986
170	12.98693	77.59984
171	12.98687	77.59982
172	12.98679	77.59978
173	12.98673	77.59977
174	12.98666	77.59975
175	12.98658	77.59973
176	12.98652	77.59971
177	12.98647	77.59970
178	12.98641	77.59968
179	12.98635	77.59965
180	12.98629	77.59962
181	12.98624	77.59959
182	12.98618	77.59956
183	12.98611	77.59953
184	12.98605	77.59949
185	12.98599	77.59947
186	12.98592	77.59945
187	12.98587	77.59944
188	12.98581	77.59942
189	12.98574	77.59940
190	12.98567	77.59939
191	12.98560	77.59937
192	12.98554	77.59935
193	12.98548	77.59933
194	12.98542	77.59931
195	12.98537	77.59929
196	12.98530	77.59926
197	12.98525	77.59924
198	12.98519	77.59921
199	12.98514	77.59918
200	12.98508	77.59915
201	12.98502	77.59912
202	12.98495	77.59910
203	12.98489	77.59908
204	12.98484	77.59906
205	12.98478	77.59905
206	12.98472	77.59903
207	12.98465	77.59901
208	12.98459	77.59899
209	12.98453	77.59897
210	12.98447	77.59895
211	12.98441	77.59894
212	12.98435	77.59892
213	12.98428	77.59889
214	12.98423	77.59887
215	12.98416	77.59884
216	12.98410	77.59881
217	12.98404	77.59877
218	12.98397	77.59874
219	12.98391	77.59871
220	12.98385	77.59868
221	12.98377	77.59865
222	12.98372	77.59862
223	12.98365	77.59858
224	12.98358	77.59855
225	12.98353	77.59852
226	12.98347	77.59850
227	12.98342	77.59847
228	12.98336	77.59844
229	12.98330	77.59842
230	12.98324	77.59840
231	12.98318	77.59837
232	12.98312	77.59834
233	12.98306	77.59831
234	12.98300	77.59828
235	12.98304	77.59823
236	12.98311	77.59817
237	12.98316	77.59812
238	12.98323	77.59807
239	12.98330	77.59802
240	12.98336	77.59797
241	12.98342	77.59792
242	12.98349	77.59786
243	12.98355	77.59781
244	12.98361	77.59775
245	12.98366	77.59771
246	12.98373	77.59765
247	12.98379	77.59760
248	12.98385	77.59754
249	12.98392	77.59748
250	12.98398	77.59743
251	12.98403	77.59738
252	12.98408	77.59735
253	12.98415	77.59729
254	12.98421	77.59723
255	12.98427	77.59719
256	12.98432	77.59714
257	12.98438	77.59709
258	12.98445	77.59703
259	12.98451	77.59698
260	12.98456	77.59693
261	12.98462	77.59687
262	12.98467	77.59683
263	12.98473	77.59678
264	12.98479	77.59672
265	12.98485	77.59668
266	12.98491	77.59663
267	12.98497	77.59657
268	12.98504	77.59652
269	12.98509	77.59647
270	12.98515	77.59642
271	12.98521	77.59636
272	12.98527	77.59630
273	12.98532	77.59625
274	12.98539	77.59619
275	12.98544	77.59614
276	12.98551	77.59608
277	12.98557	77.59603
278	12.98563	77.59598
279	12.98569	77.59594
280	12.98574	77.59591
281	12.98581	77.59588
282	12.98586	77.59585
283	12.98592	77.59581
284	12.98597	77.59578
285	12.98603	77.59573
286	12.98610	77.59568
287	12.98616	77.59563
288	12.98623	77.59558
289	12.98630	77.59552
290	12.98636	77.59547
291	12.98643	77.59544
292	12.98648	77.59539
293	12.98655	77.59534
294	12.98661	77.59528
295	12.98667	77.59524
296	12.98673	77.59520
297	12.98679	77.59515
298	12.98685	77.59511
299	12.98690	77.59506
300	12.98696	77.59502
301	12.98703	77.59496
302	12.98709	77.59491
303	12.98715	77.59486
304	12.98722	77.59480
305	12.98727	77.59476
306	12.98734	77.59471
307	12.98740	77.59466
308	12.98746	77.59462
309	12.98752	77.59457
310	12.98758	77.59451
311	12.98764	77.59446
312	12.98769	77.59440
313	12.98774	77.59434
314	12.98779	77.59429
315	12.98785	77.59424
316	12.98791	77.59420
317	12.98797	77.59414
318	12.98804	77.59410
319	12.98809	77.59406
320	12.98815	77.59402
321	12.98820	77.59397
322	12.98826	77.59391
323	12.98826	77.59385
324	12.98819	77.59379
325	12.98814	77.59374
326	12.98808	77.59370
327	12.98803	77.59365
328	12.98796	77.59360
329	12.98788	77.59353
330	12.98781	77.59347
331	12.98776	77.59344
332	12.98769	77.59340
333	12.98764	77.59337
334	12.98759	77.59332
335	12.98751	77.59326
336	12.98745	77.59322
337	12.98740	77.59317
338	12.98733	77.59311
339	12.98727	77.59307
340	12.98720	77.59301
341	12.98713	77.59295
342	12.98708	77.59291
343	12.98701	77.59285
344	12.98696	77.59281
345	12.98688	77.59275
346	12.98683	77.59271
347	12.98677	77.59267
348	12.98669	77.59261
349	12.98664	77.59256
350	12.98657	77.59249
351	12.98650	77.59244
352	12.98643	77.59237
353	12.98636	77.59230
354	12.98632	77.59224
355	12.98627	77.59219
356	12.98620	77.59213
357	12.98615	77.59208
358	12.98608	77.59202
359	12.98603	77.59199
360	12.98597	77.59193
361	12.98591	77.59188
362	12.98584	77.59182
363	12.98579	77.59175
364	12.98575	77.59170
365	12.98569	77.59163
366	12.98562	77.59157
367	12.98556	77.59153
368	12.98548	77.59146
369	12.98543	77.59142
370	12.98535	77.59135
371	12.98529	77.59130
372	12.98523	77.59125
373	12.98517	77.59120
374	12.98512	77.59113
375	12.98507	77.59108
376	12.98502	77.59102
377	12.98496	77.59094
378	12.98488	77.59088
379	12.98482	77.59082
380	12.98476	77.59078
381	12.98469	77.59072
382	12.98462	77.59065
383	12.98457	77.59059
384	12.98462	77.59052
385	12.98466	77.59046
386	12.98473	77.59041
387	12.98478	77.59037
388	12.98485	77.59032
389	12.98492	77.59026
390	12.98499	77.59022
391	12.98505	77.59016
392	12.98511	77.59013
393	12.98510	77.59006
394	12.98503	77.58999
395	12.98497	77.58995
396	12.98492	77.58991
397	12.98484	77.58985
398	12.98478	77.58981
399	12.98472	77.58978
400	12.98466	77.58974
401	12.98460	77.58972
402	12.98453	77.58969
403	12.98448	77.58966
404	12.98443	77.58964
405	12.98436	77.58961
406	12.98429	77.58957
407	12.98423	77.58955
408	12.98416	77.58952
409	12.98408	77.58951
410	12.98402	77.58949
411	12.98396	77.58946
412	12.98391	77.58944
413	12.98384	77.58941
414	12.98378	77.58937
415	12.98371	77.58935
416	12.98365	77.58932
417	12.98359	77.58929
418	12.98354	77.58930
419	12.98346	77.58933
420	12.98339	77.58935
421	12.98331	77.58936
422	12.98325	77.58937
423	12.98319	77.58937
424	12.98311	77.58932
425	12.98304	77.58926
426	12.98298	77.58921
427	12.98293	77.58917
428	12.98287	77.58914
429	12.98281	77.58910
430	12.98275	77.58907
431	12.98267	77.58904
432	12.98262	77.58900
433	12.98256	77.58896
434	12.98250	77.58893
435	12.98244	77.58890
436	12.98237	77.58888
437	12.98231	77.58885
438	12.98224	77.58883
439	12.98218	77.58881
440	12.98212	77.58878
441	12.98205	77.58875
442	12.98198	77.58872
443	12.98192	77.58869
444	12.98185	77.58866
445	12.98179	77.58863
446	12.98172	77.58859
447	12.98166	77.58855
448	12.98160	77.58853
449	12.98154	77.58850
450	12.98148	77.58847
451	12.98142	77.58844
452	12.98135	77.58840
453	12.98129	77.58837
454	12.98123	77.58833
455	12.98117	77.58830
456	12.98111	77.58826
457	12.98105	77.58822
458	12.98100	77.58818
459	12.98094	77.58815
460	12.98087	77.58812
461	12.98081	77.58809
462	12.98076	77.58806
463	12.98071	77.58804
464	12.98065	77.58802
465	12.98059	77.58799
466	12.98052	77.58794
467	12.98045	77.58790
468	12.98037	77.58785
469	12.98031	77.58780
470	12.98022	77.58775
471	12.98014	77.58769
472	12.98009	77.58765
473	12.98001	77.58760
474	12.97995	77.58756
475	12.97990	77.58753
476	12.97983	77.58749
477	12.97976	77.58745
478	12.97970	77.58741
479	12.97964	77.58738
480	12.97957	77.58734
481	12.97950	77.58731
482	12.97944	77.58726
483	12.97939	77.58722
484	12.97931	77.58717
485	12.97926	77.58713
486	12.97921	77.58709
487	12.97914	77.58705
488	12.97908	77.58700
489	12.97902	77.58696
490	12.97894	77.58691
491	12.97888	77.58686
492	12.97882	77.58683
493	12.97877	77.58679
494	12.97870	77.58675
495	12.97863	77.58672
496	12.97856	77.58667
497	12.97850	77.58663
498	12.97842	77.58658
499	12.97835	77.58653
500	12.97829	77.58648
501	12.97822	77.58643
502	12.97815	77.58639
503	12.97806	77.58635
504	12.97800	77.58631
505	12.97794	77.58628
506	12.97788	77.58624
507	12.97779	77.58619
508	12.97773	77.58615
509	12.97768	77.58613
510	12.97761	77.58609
511	12.97755	77.58607
512	12.97749	77.58603
513	12.97742	77.58600
514	12.97734	77.58595
515	12.97729	77.58592
516	12.97723	77.58589
517	12.97718	77.58587
518	12.97711	77.58583
519	12.97705	77.58580
520	12.97700	77.58578
521	12.97694	77.58573
522	12.97688	77.58571
523	12.97680	77.58566
524	12.97674	77.58564
525	12.97667	77.58560
526	12.97661	77.58557
527	12.97655	77.58554
528	12.97653	77.58547
529	12.97657	77.58542
530	12.97661	77.58536
531	12.97667	77.58529
532	12.97672	77.58522
533	12.97676	77.58514
534	12.97681	77.58507
535	12.97684	77.58502
536	12.97688	77.58495
537	12.97691	77.58488
538	12.97696	77.58482
539	12.97701	77.58475
540	12.97705	77.58470
541	12.97710	77.58463
542	12.97715	77.58455
543	12.97718	77.58450
544	12.97722	77.58444
545	12.97726	77.58437
546	12.97730	77.58432
547	12.97733	77.58427
548	12.97738	77.58419
549	12.97740	77.58414
550	12.97745	77.58407
551	12.97749	77.58401
552	12.97752	77.58395
553	12.97755	77.58389
554	12.97760	77.58383
555	12.97764	77.58377
556	12.97767	77.58371
557	12.97771	77.58365
558	12.97775	77.58359
559	12.97779	77.58352
560	12.97783	77.58344
561	12.97786	77.58337
562	12.97791	77.58330
563	12.97794	77.58324
564	12.97799	77.58318
565	12.97804	77.58312
566	12.97809	77.58305
567	12.97812	77.58300
568	12.97816	77.58293
569	12.97822	77.58287
570	12.97826	77.58280
571	12.97832	77.58273
572	12.97836	77.58266
573	12.97842	77.58259
574	12.97847	77.58252
575	12.97852	77.58245
576	12.97855	77.58240
577	12.97860	77.58232
578	12.97863	77.58226
579	12.97865	77.58220
580	12.97869	77.58213
581	12.97871	77.58207
582	12.97874	77.58201
583	12.97875	77.58196
584	12.97877	77.58191
585	12.97881	77.58184
586	12.97882	77.58178
587	12.97884	77.58171
588	12.97886	77.58164
589	12.97889	77.58156
590	12.97890	77.58150
591	12.97892	77.58142
592	12.97894	77.58135
593	12.97896	77.58129
594	12.97897	77.58122
595	12.97898	77.58116
596	12.97899	77.58109
597	12.97899	77.58103
598	12.97900	77.58097
599	12.97901	77.58091
600	12.97901	77.58085
601	12.97902	77.58080
602	12.97902	77.58074
603	12.97902	77.58069
604	12.97902	77.58062
605	12.97903	77.58054
606	12.97903	77.58049
607	12.97904	77.58042
608	12.97905	77.58033
609	12.97905	77.58028
610	12.97905	77.58023
611	12.97906	77.58016
612	12.97906	77.58011
613	12.97906	77.58004
614	12.97906	77.57997
615	12.97906	77.57992
616	12.97906	77.57985
617	12.97906	77.57979
618	12.97906	77.57973
619	12.97906	77.57966
620	12.97906	77.57958
621	12.97906	77.57953
622	12.97907	77.57944
623	12.97907	77.57938
624	12.97908	77.57932
625	12.97908	77.57927
626	12.97909	77.57921
627	12.97911	77.57914
628	12.97913	77.57908
629	12.97915	77.57900
630	12.97916	77.57895
631	12.97918	77.57889
632	12.97920	77.57882
633	12.97922	77.57875
634	12.97926	77.57867
635	12.97929	77.57861
636	12.97932	77.57855
637	12.97934	77.57850
638	12.97936	77.57845
639	12.97940	77.57838
640	12.97943	77.57830
641	12.97947	77.57823
642	12.97952	77.57817
643	12.97958	77.57812
644	12.97965	77.57808
645	12.97972	77.57803
646	12.97978	77.57800
647	12.97985	77.57796
648	12.97992	77.57793
649	12.98000	77.57789
650	12.98005	77.57787
651	12.98010	77.57785
652	12.98016	77.57782
653	12.98022	77.57781
654	12.98030	77.57778
655	12.98037	77.57776
656	12.98043	77.57775
657	12.98048	77.57774
658	12.98054	77.57774
659	12.98061	77.57774
660	12.98067	77.57774
661	12.98074	77.57774
662	12.98081	77.57774
663	12.98086	77.57774
664	12.98092	77.57775
665	12.98099	77.57776
666	12.98105	77.57778
667	12.98111	77.57779
668	12.98118	77.57780
669	12.98124	77.57781
670	12.98132	77.57782
671	12.98137	77.57784
672	12.98143	77.57785
673	12.98151	77.57788
674	12.98157	77.57792
675	12.98162	77.57795
676	12.98167	77.57798
677	12.98174	77.57803
678	12.98180	77.57808
679	12.98186	77.57815
680	12.98192	77.57822
681	12.98197	77.57828
682	12.98202	77.57834
683	12.98207	77.57841
684	12.98211	77.57847
685	12.98216	77.57853
686	12.98219	77.57861
687	12.98222	77.57866
688	12.98224	77.57871
689	12.98227	77.57861
690	12.98229	77.57855
691	12.98231	77.57847
692	12.98234	77.57841
693	12.98235	77.57836
694	12.98237	77.57831
695	12.98238	77.57825
696	12.98239	77.57817
697	12.98240	77.57812
698	12.98241	77.57804
699	12.98242	77.57798
700	12.98243	77.57790
701	12.98244	77.57783
702	12.98245	77.57778
703	12.98245	77.57771
704	12.98246	77.57765
705	12.98247	77.57759
706	12.98248	77.57753
707	12.98249	77.57746
708	12.98249	77.57740
709	12.98250	77.57735
710	12.98251	77.57727
711	12.98252	77.57721
712	12.98253	77.57715
713	12.98254	77.57709
714	12.98255	77.57702
715	12.98255	77.57696
716	12.98256	77.57690
717	12.98257	77.57684
718	12.98258	77.57678
719	12.98259	77.57671
720	12.98259	77.57665
721	12.98261	77.57656
722	12.98262	77.57649
723	12.98263	77.57643
724	12.98263	77.57637
725	12.98264	77.57631
726	12.98265	77.57625
727	12.98266	77.57617
728	12.98266	77.57611
729	12.98266	77.57605
730	12.98267	77.57599
731	12.98267	77.57592
732	12.98268	77.57587
733	12.98272	77.57581
734	12.98278	77.57581
735	12.98286	77.57581
736	12.98293	77.57581
737	12.98296	77.57587
738	12.98298	77.57592
739	12.98302	77.57599
740	12.98303	77.57605
741	12.98306	77.57613
742	12.98309	77.57619
743	12.98312	77.57626
744	12.98315	77.57631
745	12.98319	77.57638
746	12.98322	77.57643
747	12.98325	77.57649
748	12.98329	77.57656
749	12.98335	77.57663
750	12.98340	77.57669
751	12.98346	77.57676
752	12.98351	77.57683
753	12.98356	77.57690
754	12.98361	77.57695
755	12.98367	77.57702
756	12.98375	77.57707
757	12.98380	77.57711
758	12.98387	77.57716
759	12.98394	77.57722
760	12.98400	77.57727
761	12.98406	77.57732
762	12.98411	77.57736
763	12.98417	77.57741
764	12.98423	77.57745
765	12.98429	77.57750
766	12.98435	77.57753
767	12.98442	77.57758
768	12.98448	77.57761
769	12.98456	77.57767
770	12.98463	77.57771
771	12.98469	77.57775
772	12.98474	77.57778
773	12.98481	77.57783
774	12.98486	77.57788
775	12.98491	77.57791
776	12.98499	77.57796
777	12.98506	77.57802
778	12.98512	77.57805
779	12.98517	77.57809
780	12.98524	77.57813
781	12.98531	77.57818
782	12.98538	77.57823
783	12.98545	77.57828
784	12.98550	77.57832
785	12.98558	77.57837
786	12.98566	77.57840
787	12.98574	77.57846
788	12.98579	77.57849
789	12.98586	77.57853
790	12.98592	77.57856
791	12.98599	77.57861
792	12.98606	77.57867
793	12.98613	77.57872
794	12.98619	77.57878
795	12.98627	77.57884
796	12.98632	77.57889
797	12.98639	77.57894
798	12.98646	77.57899
799	12.98652	77.57904
800	12.98659	77.57910
801	12.98665	77.57914
802	12.98671	77.57920
803	12.98677	77.57924
804	12.98683	77.57928
805	12.98691	77.57933
806	12.98697	77.57936
807	12.98702	77.57938
808	12.98708	77.57942
809	12.98715	77.57945
810	12.98720	77.57949
811	12.98726	77.57952
812	12.98732	77.57957
813	12.98738	77.57962
814	12.98743	77.57965
815	12.98751	77.57970
816	12.98758	77.57974
817	12.98763	77.57978
818	12.98770	77.57981
819	12.98777	77.57985
820	12.98783	77.57991
821	12.98789	77.57993
822	12.98794	77.57996
823	12.98799	77.57999
824	12.98804	77.58002
825	12.98811	77.58006
826	12.98817	77.58011
827	12.98822	77.58016
828	12.98829	77.58021
829	12.98835	77.58026
830	12.98841	77.58031
831	12.98848	77.58035
832	12.98854	77.58039
833	12.98859	77.58042
834	12.98867	77.58046
835	12.98874	77.58050
836	12.98881	77.58054
837	12.98888	77.58058
838	12.98894	77.58062
839	12.98900	77.58066
840	12.98906	77.58071
841	12.98912	77.58076
842	12.98920	77.58080
843	12.98925	77.58083
844	12.98933	77.58087
845	12.98940	77.58090
846	12.98945	77.58092
847	12.98951	77.58094
848	12.98958	77.58096
849	12.98965	77.58098
850	12.98968	77.58090
851	12.98969	77.58084
852	12.98971	77.58079
853	12.98972	77.58073
854	12.98974	77.58068
855	12.98974	77.58062
856	12.98975	77.58055
857	12.98977	77.58050
858	12.98978	77.58044
859	12.98980	77.58036
860	12.98981	77.58030
861	12.98983	77.58022
862	12.98985	77.58015
863	12.98987	77.58009
864	12.98989	77.58003
865	12.98991	77.57996
866	12.98992	77.57991
867	12.98994	77.57986
868	12.98997	77.57979
869	12.99001	77.57972
870	12.99002	77.57967
871	12.99005	77.57962
872	12.99008	77.57955
873	12.99011	77.57947
874	12.99012	77.57942
875	12.99014	77.57936
876	12.99015	77.57930
877	12.99016	77.57925
878	12.99019	77.57919
879	12.99021	77.57912
880	12.99023	77.57906
881	12.99024	77.57900
882	12.99026	77.57894
883	12.99029	77.57886
884	12.99031	77.57881
885	12.99034	77.57874
886	12.99035	77.57868
887	12.99038	77.57861
888	12.99041	77.57868
889	12.99045	77.57874
890	12.99050	77.57879
891	12.99055	77.57884
892	12.99060	77.57889
893	12.99064	77.57895
894	12.99069	77.57901
895	12.99074	77.57904
896	12.99081	77.57901
897	12.99087	77.57898
898	12.99093	77.57894
899	12.99099	77.57891
900	12.99105	77.57888
901	12.99112	77.57883
902	12.99118	77.57879
903	12.99124	77.57876
904	12.99131	77.57873
905	12.99138	77.57869
906	12.99145	77.57865
907	12.99152	77.57862
908	12.99159	77.57859
909	12.99165	77.57855
910	12.99172	77.57852
911	12.99180	77.57848
912	12.99186	77.57845
913	12.99193	77.57841
914	12.99200	77.57838
915	12.99206	77.57834
916	12.99213	77.57831
917	12.99219	77.57827
918	12.99226	77.57824
919	12.99231	77.57823
920	12.99236	77.57830
921	12.99240	77.57837
922	12.99244	77.57843
923	12.99249	77.57848
924	12.99253	77.57853
925	12.99258	77.57859
926	12.99263	77.57865
927	12.99268	77.57872
928	12.99273	77.57877
929	12.99280	77.57883
930	12.99285	77.57889
931	12.99290	77.57895
932	12.99296	77.57902
933	12.99301	77.57908
934	12.99306	77.57912
935	12.99312	77.57919
936	12.99318	77.57926
937	12.99324	77.57932
938	12.99330	77.57938
939	12.99336	77.57943
940	12.99341	77.57948
941	12.99347	77.57953
942	12.99352	77.57958
943	12.99356	77.57964
944	12.99362	77.57970
945	12.99369	77.57977
946	12.99375	77.57982
947	12.99381	77.57987
948	12.99385	77.57993
949	12.99390	77.57999
950	12.99395	77.58006
951	12.99401	77.58012
952	12.99406	77.58019
953	12.99410	77.58026
954	12.99414	77.58033
955	12.99418	77.58040
956	12.99422	77.58046
957	12.99427	77.58052
958	12.99431	77.58058
959	12.99436	77.58065
960	12.99441	77.58071
961	12.99447	77.58076
962	12.99453	77.58080
963	12.99458	77.58085
964	12.99464	77.58089
965	12.99470	77.58093
966	12.99476	77.58099
967	12.99482	77.58104
968	12.99489	77.58109
969	12.99496	77.58115
970	12.99503	77.58121
971	12.99510	77.58126
972	12.99517	77.58131
973	12.99523	77.58137
974	12.99530	77.58143
975	12.99535	77.58147
976	12.99541	77.58152
977	12.99548	77.58158
978	12.99555	77.58163
979	12.99560	77.58169
980	12.99565	77.58175
981	12.99571	77.58180
982	12.99576	77.58184
983	12.99583	77.58189
984	12.99588	77.58194
985	12.99594	77.58198
986	12.99599	77.58202
987	12.99605	77.58207
988	12.99611	77.58211
989	12.99617	77.58215
990	12.99622	77.58221
991	12.99629	77.58226
992	12.99635	77.58231
993	12.99641	77.58235
994	12.99646	77.58241
995	12.99653	77.58246
996	12.99658	77.58251
997	12.99663	77.58257
998	12.99668	77.58263
999	12.99674	77.58268
1000	12.99680	77.58273
1001	12.99686	77.58279
1002	12.99690	77.58284
1003	12.99695	77.58290
1004	12.99700	77.58295
1005	12.99705	77.58301
1006	12.99709	77.58307
1007	12.99715	77.58314
1008	12.99720	77.58321
1009	12.99726	77.58328
1010	12.99732	77.58333
1011	12.99737	77.58338
1012	12.99744	77.58344
1013	12.99750	77.58350
1014	12.99755	77.58357
1015	12.99760	77.58363
1016	12.99767	77.58369
1017	12.99773	77.58374
1018	12.99777	77.58380
1019	12.99782	77.58386
1020	12.99786	77.58393
1021	12.99790	77.58400
1022	12.99793	77.58407
1023	12.99794	77.58412
1024	12.99796	77.58420
1025	12.99798	77.58425
1026	12.99799	77.58431
1027	12.99800	77.58439
1028	12.99801	77.58446
1029	12.99801	77.58453
1030	12.99801	77.58462
1031	12.99801	77.58469
1032	12.99801	77.58475
1033	12.99801	77.58482
1034	12.99800	77.58488
1035	12.99800	77.58493
1036	12.99798	77.58500
1037	12.99796	77.58506
1038	12.99795	77.58513
1039	12.99794	77.58519
1040	12.99791	77.58526
1041	12.99783	77.58527
1042	12.99775	77.58527
1043	12.99768	77.58526
1044	12.99762	77.58526
1045	12.99753	77.58526
1046	12.99745	77.58526
1047	12.99737	77.58527
1048	12.99730	77.58528
1049	12.99725	77.58529
1050	12.99719	77.58530
1051	12.99714	77.58532
1052	12.99708	77.58533
1053	12.99703	77.58535
1054	12.99697	77.58535
1055	12.99691	77.58535
1056	12.99685	77.58535
1057	12.99678	77.58536
1058	12.99673	77.58537
1059	12.99668	77.58538
1060	12.99662	77.58540
1061	12.99655	77.58540
1062	12.99648	77.58541
1063	12.99641	77.58542
1064	12.99635	77.58544
1065	12.99635	77.58550
1066	12.99636	77.58556
1067	12.99637	77.58562
1068	12.99638	77.58567
1069	12.99638	77.58573
1070	12.99638	77.58580
1071	12.99638	77.58587
1072	12.99637	77.58593
1073	12.99635	77.58599
1074	12.99634	77.58604
1075	12.99633	77.58609
1076	12.99633	77.58616
1077	12.99632	77.58624
1078	12.99631	77.58632
1079	12.99630	77.58639
1080	12.99628	77.58644
1081	12.99628	77.58650
1082	12.99626	77.58657
1083	12.99625	77.58664
1084	12.99624	77.58671
1085	12.99623	77.58677
1086	12.99623	77.58684
1087	12.99623	77.58690
1088	12.99623	77.58695
1089	12.99621	77.58703
1090	12.99621	77.58712
1091	12.99620	77.58719
1092	12.99619	77.58726
1093	12.99618	77.58733
1094	12.99616	77.58739
1095	12.99615	77.58747
1096	12.99613	77.58752
1097	12.99611	77.58757
1098	12.99608	77.58765
1099	12.99605	77.58770
1100	12.99602	77.58777
1101	12.99599	77.58783
1102	12.99595	77.58790
1103	12.99589	77.58798
1104	12.99582	77.58805
1105	12.99577	77.58810
1106	12.99571	77.58819
1107	12.99565	77.58826
1108	12.99561	77.58832
1109	12.99555	77.58839
1110	12.99550	77.58846
1111	12.99545	77.58853
1112	12.99540	77.58859
1113	12.99536	77.58867
1114	12.99533	77.58873
1115	12.99529	77.58880
1116	12.99525	77.58887
1117	12.99521	77.58895
1118	12.99518	77.58901
1119	12.99513	77.58908
1120	12.99509	77.58914
1121	12.99504	77.58922
1122	12.99498	77.58929
1123	12.99494	77.58935
1124	12.99490	77.58941
1125	12.99487	77.58947
1126	12.99484	77.58952
1127	12.99481	77.58958
1128	12.99478	77.58963
1129	12.99475	77.58969
1130	12.99472	77.58976
1131	12.99471	77.58981
1132	12.99468	77.58988
1133	12.99465	77.58995
1134	12.99462	77.59002
1135	12.99461	77.59007
1136	12.99458	77.59013
1137	12.99456	77.59020
1138	12.99453	77.59028
1139	12.99450	77.59033
1140	12.99446	77.59039
1141	12.99442	77.59044
1142	12.99439	77.59050
1143	12.99434	77.59055
1144	12.99428	77.59060
1145	12.99421	77.59066
1146	12.99416	77.59070
1147	12.99411	77.59074
1148	12.99405	77.59079
1149	12.99397	77.59084
1150	12.99395	77.59089
1151	12.99395	77.59095
1152	12.99395	77.59101
1153	12.99395	77.59108
1154	12.99395	77.59114
1155	12.99395	77.59120
1156	12.99394	77.59126
1157	12.99394	77.59134
1158	12.99394	77.59140
1159	12.99394	77.59147
1160	12.99395	77.59152
1161	12.99395	77.59159
1162	12.99395	77.59166
1163	12.99396	77.59174
1164	12.99396	77.59180
1165	12.99396	77.59186
1166	12.99397	77.59192
1167	12.99397	77.59198
1168	12.99397	77.59205
1169	12.99396	77.59211
1170	12.99396	77.59218
1171	12.99397	77.59223
1172	12.99399	77.59231
1173	12.99399	77.59237
1174	12.99400	77.59242
1175	12.99400	77.59249
1176	12.99400	77.59254
1177	12.99400	77.59261
1178	12.99401	77.59267
1179	12.99401	77.59273
1180	12.99401	77.59279
