Rank	Latitude	Longitude
1	12.95881	77.61340
2	12.95886	77.61341
3	12.95892	77.61344
4	12.95899	77.61345
5	12.95906	77.61346
6	12.95912	77.61348
7	12.95919	77.61348
8	12.95926	77.61348
9	12.95932	77.61348
10	12.95940	77.61349
11	12.95946	77.61350
12	12.95951	77.61351
13	12.95957	77.61353
14	12.95962	77.61354
15	12.95970	77.61357
16	12.95978	77.61359
17	12.95983	77.61360
18	12.95989	77.61361
19	12.95996	77.61361
20	12.96002	77.61362
21	12.96008	77.61362
22	12.96016	77.61363
23	12.96024	77.61363
24	12.96031	77.61364
25	12.96036	77.61360
26	12.96042	77.61357
27	12.96049	77.61351
28	12.96056	77.61345
29	12.96062	77.61342
30	12.96067	77.61337
31	12.96074	77.61330
32	12.96080	77.61327
33	12.96087	77.61320
34	12.96093	77.61316
35	12.96099	77.61310
36	12.96104	77.61306
37	12.96111	77.61300
38	12.96119	77.61293
39	12.96126	77.61287
40	12.96132	77.61280
41	12.96137	77.61276
42	12.96143	77.61272
43	12.96150	77.61265
44	12.96157	77.61258
45	12.96163	77.61254
46	12.96169	77.61249
47	12.96174	77.61245
48	12.96180	77.61241
49	12.96185	77.61238
50	12.96192	77.61232
51	12.96197	77.61227
52	12.96203	77.61223
53	12.96208	77.61218
54	12.96215	77.61213
55	12.96223	77.61207
56	12.96228	77.61203
57	12.96235	77.61197
58	12.96242	77.61191
59	12.96247	77.61187
60	12.96253	77.61183
61	12.96260	77.61177
62	12.96265	77.61174
63	12.96272	77.61170
64	12.96277	77.61167
65	12.96283	77.61162
66	12.96289	77.61157
67	12.96295	77.61153
68	12.96301	77.61150
69	12.96307	77.61146
70	12.96312	77.61141
71	12.96320	77.61136
72	12.96325	77.61132
73	12.96331	77.61129
74	12.96338	77.61125
75	12.96344	77.61121
76	12.96351	77.61115
77	12.96356	77.61110
78	12.96365	77.61103
79	12.96372	77.61097
80	12.96379	77.61091
81	12.96386	77.61088
82	12.96391	77.61084
83	12.96397	77.61080
84	12.96404	77.61074
85	12.96412	77.61067
86	12.96417	77.61063
87	12.96424	77.61059
88	12.96429	77.61055
89	12.96436	77.61049
90	12.96442	77.61045
91	12.96448	77.61040
92	12.96454	77.61036
93	12.96459	77.61033
94	12.96465	77.61029
95	12.96470	77.61025
96	12.96476	77.61021
97	12.96484	77.61015
98	12.96491	77.61009
99	12.96496	77.61005
100	12.96502	77.61001
101	12.96509	77.60996
102	12.96515	77.60993
103	12.96521	77.60989
104	12.96524	77.60982
105	12.96523	77.60975
106	12.96522	77.60970
107	12.96521	77.60964
108	12.96520	77.60956
109	12.96518	77.60949
110	12.96517	77.60944
111	12.96516	77.60939
112	12.96514	77.60933
113	12.96512	77.60926
114	12.96509	77.60919
115	12.96508	77.60912
116	12.96507	77.60907
117	12.96506	77.60900
118	12.96505	77.60894
119	12.96504	77.60889
120	12.96502	77.60883
121	12.96501	77.60876
122	12.96501	77.60870
123	12.96501	77.60865
124	12.96499	77.60859
125	12.96497	77.60853
126	12.96495	77.60847
127	12.96493	77.60840
128	12.96491	77.60835
129	12.96488	77.60827
130	12.96486	77.60819
131	12.96484	77.60811
132	12.96483	77.60805
133	12.96482	77.60800
134	12.96482	77.60794
135	12.96481	77.60788
136	12.96481	77.60782
137	12.96481	77.60775
138	12.96480	77.60768
139	12.96479	77.60760
140	12.96479	77.60751
141	12.96477	77.60744
142	12.96477	77.60738
143	12.96475	77.60731
144	12.96473	77.60725
145	12.96472	77.60719
146	12.96470	77.60710
147	12.96469	77.60702
148	12.96469	77.60697
149	12.96468	77.60690
150	12.96468	77.60682
151	12.96467	77.60676
152	12.96466	77.60669
153	12.96465	77.60663
154	12.96464	77.60658
155	12.96464	77.60652
156	12.96463	77.60645
157	12.96462	77.60639
158	12.96461	77.60634
159	12.96459	77.60627
160	12.96457	77.60618
161	12.96455	77.60613
162	12.96454	77.60606
163	12.96453	77.60600
164	12.96452	77.60594
165	12.96452	77.60588
166	12.96451	77.60581
167	12.96445	77.60580
168	12.96438	77.60580
169	12.96433	77.60579
170	12.96427	77.60579
171	12.96419	77.60579
172	12.96413	77.60579
173	12.96406	77.60579
174	12.96400	77.60579
175	12.96393	77.60579
176	12.96385	77.60579
177	12.96379	77.60579
178	12.96372	77.60578
179	12.96365	77.60577
180	12.96358	77.60577
181	12.96352	77.60577
182	12.96346	77.60577
183	12.96340	77.60576
184	12.96333	77.60576
185	12.96326	77.60575
186	12.96321	77.60574
187	12.96314	77.60574
188	12.96308	77.60572
189	12.96302	77.60571
190	12.96296	77.60570
191	12.96291	77.60569
192	12.96285	77.60568
193	12.96279	77.60567
194	12.96273	77.60566
195	12.96268	77.60565
196	12.96262	77.60564
197	12.96256	77.60562
198	12.96249	77.60560
199	12.96242	77.60558
200	12.96236	77.60557
201	12.96230	77.60556
202	12.96223	77.60554
203	12.96225	77.60548
204	12.96227	77.60542
205	12.96228	77.60537
206	12.96231	77.60531
207	12.96235	77.60525
208	12.96237	77.60519
209	12.96240	77.60513
210	12.96242	77.60508
211	12.96245	77.60502
212	12.96248	77.60495
213	12.96250	77.60489
214	12.96253	77.60482
215	12.96260	77.60475
216	12.96254	77.60469
217	12.96248	77.60467
218	12.96243	77.60465
219	12.96238	77.60463
220	12.96231	77.60459
221	12.96224	77.60456
222	12.96218	77.60454
223	12.96211	77.60452
224	12.96206	77.60450
225	12.96200	77.60448
226	12.96195	77.60446
227	12.96189	77.60445
228	12.96183	77.60443
229	12.96178	77.60442
230	12.96172	77.60440
231	12.96165	77.60438
232	12.96158	77.60436
233	12.96153	77.60434
234	12.96146	77.60431
235	12.96143	77.60425
236	12.96143	77.60417
237	12.96135	77.60413
238	12.96128	77.60409
239	12.96120	77.60407
240	12.96115	77.60406
241	12.96109	77.60405
242	12.96104	77.60403
243	12.96099	77.60402
244	12.96092	77.60400
245	12.96087	77.60398
246	12.96081	77.60398
247	12.96074	77.60395
248	12.96068	77.60393
249	12.96063	77.60392
250	12.96058	77.60390
251	12.96050	77.60388
252	12.96045	77.60386
253	12.96038	77.60384
254	12.96031	77.60382
255	12.96024	77.60380
256	12.96018	77.60377
257	12.96012	77.60374
258	12.96007	77.60373
259	12.96001	77.60373
260	12.95992	77.60373
261	12.95989	77.60381
262	12.95987	77.60386
263	12.95984	77.60393
264	12.95980	77.60401
265	12.95974	77.60401
266	12.95966	77.60399
267	12.95958	77.60396
268	12.95952	77.60395
269	12.95946	77.60393
270	12.95939	77.60391
271	12.95934	77.60390
272	12.95927	77.60387
273	12.95921	77.60386
274	12.95916	77.60385
275	12.95911	77.60383
276	12.95905	77.60380
277	12.95899	77.60379
278	12.95894	77.60377
279	12.95887	77.60374
280	12.95882	77.60372
281	12.95876	77.60370
282	12.95871	77.60368
283	12.95864	77.60365
284	12.95858	77.60363
285	12.95850	77.60361
286	12.95845	77.60358
287	12.95837	77.60356
288	12.95836	77.60349
289	12.95838	77.60342
290	12.95840	77.60336
291	12.95842	77.60330
292	12.95844	77.60325
293	12.95846	77.60319
294	12.95848	77.60312
295	12.95852	77.60306
296	12.95856	77.60298
297	12.95859	77.60293
298	12.95863	77.60286
299	12.95868	77.60280
300	12.95873	77.60273
301	12.95878	77.60265
302	12.95882	77.60260
303	12.95886	77.60254
304	12.95889	77.60249
305	12.95893	77.60244
306	12.95897	77.60237
307	12.95901	77.60231
308	12.95907	77.60223
309	12.95910	77.60217
310	12.95913	77.60211
311	12.95918	77.60206
312	12.95923	77.60202
313	12.95928	77.60195
314	12.95932	77.60189
315	12.95936	77.60182
316	12.95941	77.60175
317	12.95946	77.60167
318	12.95950	77.60161
319	12.95954	77.60156
320	12.95957	77.60150
321	12.95961	77.60141
322	12.95964	77.60136
323	12.95967	77.60129
324	12.95969	77.60124
325	12.95971	77.60119
326	12.95974	77.60113
327	12.95977	77.60106
328	12.95980	77.60100
329	12.95983	77.60093
330	12.95986	77.60086
331	12.95989	77.60079
332	12.95991	77.60073
333	12.95993	77.60067
334	12.95995	77.60061
335	12.95999	77.60053
336	12.96002	77.60047
337	12.96006	77.60041
338	12.96008	77.60034
339	12.96010	77.60028
340	12.96013	77.60022
341	12.96016	77.60016
342	12.96019	77.60010
343	12.96022	77.60003
344	12.96024	77.59996
345	12.96026	77.59990
346	12.96028	77.59982
347	12.96029	77.59976
348	12.96032	77.59969
349	12.96034	77.59964
350	12.96036	77.59957
351	12.96038	77.59950
352	12.96040	77.59944
353	12.96043	77.59931
354	12.96044	77.59925
355	12.96045	77.59916
356	12.96046	77.59911
357	12.96048	77.59903
358	12.96049	77.59896
359	12.96051	77.59890
360	12.96052	77.59884
361	12.96054	77.59877
362	12.96056	77.59872
363	12.96057	77.59865
364	12.96058	77.59858
365	12.96059	77.59852
366	12.96059	77.59847
367	12.96060	77.59841
368	12.96061	77.59835
369	12.96062	77.59828
370	12.96064	77.59822
371	12.96064	77.59817
372	12.96065	77.59810
373	12.96066	77.59804
374	12.96067	77.59797
375	12.96069	77.59790
376	12.96070	77.59783
377	12.96070	77.59776
378	12.96072	77.59769
379	12.96073	77.59762
380	12.96074	77.59755
381	12.96074	77.59749
382	12.96076	77.59743
383	12.96078	77.59736
384	12.96079	77.59729
385	12.96079	77.59723
386	12.96080	77.59717
387	12.96081	77.59710
388	12.96082	77.59705
389	12.96084	77.59698
390	12.96085	77.59692
391	12.96086	77.59685
392	12.96087	77.59678
393	12.96088	77.59672
394	12.96088	77.59665
395	12.96089	77.59659
396	12.96091	77.59653
397	12.96091	77.59648
398	12.96092	77.59640
399	12.96094	77.59635
400	12.96095	77.59628
401	12.96095	77.59621
402	12.96095	77.59615
403	12.96097	77.59609
404	12.96098	77.59603
405	12.96099	77.59596
406	12.96106	77.59601
407	12.96111	77.59607
408	12.96116	77.59613
409	12.96120	77.59619
410	12.96127	77.59627
411	12.96131	77.59632
412	12.96135	77.59637
413	12.96139	77.59643
414	12.96145	77.59650
415	12.96150	77.59656
416	12.96155	77.59663
417	12.96159	77.59670
418	12.96163	77.59676
419	12.96168	77.59681
420	12.96173	77.59687
421	12.96180	77.59694
422	12.96186	77.59701
423	12.96191	77.59705
424	12.96197	77.59711
425	12.96202	77.59716
426	12.96209	77.59721
427	12.96215	77.59727
428	12.96222	77.59733
429	12.96230	77.59740
430	12.96236	77.59745
431	12.96242	77.59748
432	12.96249	77.59752
433	12.96256	77.59756
434	12.96262	77.59759
435	12.96268	77.59762
436	12.96273	77.59763
437	12.96279	77.59765
438	12.96285	77.59767
439	12.96292	77.59770
440	12.96299	77.59773
441	12.96305	77.59776
442	12.96312	77.59778
443	12.96319	77.59783
444	12.96327	77.59785
445	12.96333	77.59788
446	12.96340	77.59791
447	12.96346	77.59794
448	12.96349	77.59786
449	12.96349	77.59781
450	12.96349	77.59774
451	12.96349	77.59768
452	12.96349	77.59762
453	12.96348	77.59757
454	12.96348	77.59749
455	12.96348	77.59743
456	12.96350	77.59738
457	12.96353	77.59731
458	12.96354	77.59726
459	12.96357	77.59720
460	12.96362	77.59713
461	12.96366	77.59707
462	12.96370	77.59702
463	12.96377	77.59695
464	12.96384	77.59689
465	12.96390	77.59685
466	12.96397	77.59678
467	12.96404	77.59672
468	12.96411	77.59667
469	12.96417	77.59664
470	12.96422	77.59660
471	12.96428	77.59657
472	12.96436	77.59653
473	12.96442	77.59650
474	12.96448	77.59646
475	12.96453	77.59643
476	12.96460	77.59640
477	12.96465	77.59638
478	12.96472	77.59635
479	12.96477	77.59633
480	12.96483	77.59631
481	12.96489	77.59629
482	12.96495	77.59627
483	12.96501	77.59623
484	12.96508	77.59622
485	12.96514	77.59620
486	12.96521	77.59618
487	12.96528	77.59616
488	12.96535	77.59614
489	12.96542	77.59612
490	12.96550	77.59610
491	12.96557	77.59608
492	12.96564	77.59606
493	12.96570	77.59605
494	12.96577	77.59603
495	12.96582	77.59601
496	12.96588	77.59601
497	12.96594	77.59600
498	12.96601	77.59598
499	12.96607	77.59597
500	12.96613	77.59596
501	12.96619	77.59595
502	12.96625	77.59595
503	12.96632	77.59594
504	12.96641	77.59593
505	12.96647	77.59593
506	12.96653	77.59592
507	12.96659	77.59591
508	12.96666	77.59588
509	12.96671	77.59587
510	12.96678	77.59585
511	12.96685	77.59583
512	12.96692	77.59582
513	12.96700	77.59579
514	12.96707	77.59577
515	12.96712	77.59576
516	12.96720	77.59574
517	12.96726	77.59572
518	12.96733	77.59571
519	12.96739	77.59570
520	12.96746	77.59570
521	12.96752	77.59569
522	12.96759	77.59568
523	12.96766	77.59567
524	12.96773	77.59565
525	12.96779	77.59565
526	12.96786	77.59563
527	12.96792	77.59562
528	12.96799	77.59560
529	12.96807	77.59559
530	12.96813	77.59558
531	12.96819	77.59558
532	12.96826	77.59557
533	12.96832	77.59556
534	12.96840	77.59555
535	12.96847	77.59553
536	12.96853	77.59552
537	12.96860	77.59549
538	12.96867	77.59547
539	12.96874	77.59545
540	12.96880	77.59543
541	12.96888	77.59540
542	12.96895	77.59538
543	12.96900	77.59535
544	12.96906	77.59533
545	12.96911	77.59532
546	12.96918	77.59530
547	12.96924	77.59528
548	12.96930	77.59527
549	12.96937	77.59526
550	12.96943	77.59525
551	12.96949	77.59525
552	12.96956	77.59524
553	12.96963	77.59523
554	12.96970	77.59522
555	12.96977	77.59521
556	12.96985	77.59519
557	12.96991	77.59516
558	12.96997	77.59515
559	12.97005	77.59513
560	12.97013	77.59512
561	12.97019	77.59511
562	12.97025	77.59509
563	12.97032	77.59508
564	12.97038	77.59507
565	12.97043	77.59505
566	12.97049	77.59504
567	12.97054	77.59504
568	12.97060	77.59504
569	12.97067	77.59504
570	12.97072	77.59504
571	12.97078	77.59506
572	12.97083	77.59508
573	12.97089	77.59511
574	12.97097	77.59517
575	12.97102	77.59522
576	12.97109	77.59527
577	12.97116	77.59530
578	12.97121	77.59534
579	12.97128	77.59539
580	12.97135	77.59544
581	12.97141	77.59550
582	12.97147	77.59555
583	12.97154	77.59561
584	12.97159	77.59565
585	12.97165	77.59570
586	12.97170	77.59575
587	12.97175	77.59581
588	12.97180	77.59585
589	12.97186	77.59591
590	12.97193	77.59597
591	12.97200	77.59604
592	12.97205	77.59611
593	12.97212	77.59619
594	12.97219	77.59626
595	12.97225	77.59633
596	12.97229	77.59639
597	12.97233	77.59645
598	12.97239	77.59651
599	12.97243	77.59656
600	12.97249	77.59664
601	12.97254	77.59671
602	12.97260	77.59678
603	12.97267	77.59685
604	12.97272	77.59691
605	12.97277	77.59696
606	12.97282	77.59702
607	12.97288	77.59708
608	12.97295	77.59716
609	12.97300	77.59723
610	12.97305	77.59729
611	12.97310	77.59737
612	12.97316	77.59744
613	12.97321	77.59751
614	12.97327	77.59759
615	12.97333	77.59766
616	12.97340	77.59772
617	12.97345	77.59776
618	12.97349	77.59782
619	12.97356	77.59790
620	12.97360	77.59797
621	12.97364	77.59803
622	12.97369	77.59809
623	12.97373	77.59816
624	12.97378	77.59822
625	12.97382	77.59828
626	12.97387	77.59835
627	12.97391	77.59841
628	12.97394	77.59846
629	12.97398	77.59852
630	12.97402	77.59858
631	12.97405	77.59864
632	12.97408	77.59869
633	12.97412	77.59877
634	12.97416	77.59884
635	12.97420	77.59890
636	12.97424	77.59895
637	12.97429	77.59902
638	12.97433	77.59908
639	12.97437	77.59913
640	12.97441	77.59919
641	12.97447	77.59926
642	12.97453	77.59934
643	12.97458	77.59940
644	12.97461	77.59945
645	12.97465	77.59950
646	12.97470	77.59956
647	12.97475	77.59963
648	12.97481	77.59971
649	12.97487	77.59978
650	12.97493	77.59985
651	12.97499	77.59993
652	12.97503	77.59998
653	12.97509	77.60005
654	12.97512	77.60012
655	12.97515	77.60018
656	12.97519	77.60025
657	12.97523	77.60030
658	12.97530	77.60032
659	12.97537	77.60029
660	12.97543	77.60026
661	12.97549	77.60024
662	12.97555	77.60021
663	12.97561	77.60018
664	12.97567	77.60015
665	12.97573	77.60012
666	12.97578	77.60010
667	12.97584	77.60007
668	12.97590	77.60004
669	12.97598	77.60002
670	12.97604	77.60000
671	12.97609	77.59997
672	12.97615	77.59994
673	12.97622	77.59990
674	12.97630	77.59988
675	12.97637	77.59984
676	12.97642	77.59981
677	12.97648	77.59979
678	12.97656	77.59975
679	12.97663	77.59972
680	12.97670	77.59969
681	12.97678	77.59966
682	12.97685	77.59963
683	12.97692	77.59960
684	12.97699	77.59957
685	12.97705	77.59953
686	12.97712	77.59951
687	12.97718	77.59949
688	12.97723	77.59946
689	12.97729	77.59943
690	12.97734	77.59941
691	12.97740	77.59937
692	12.97746	77.59934
693	12.97753	77.59931
694	12.97759	77.59927
695	12.97765	77.59924
696	12.97773	77.59920
697	12.97778	77.59917
698	12.97783	77.59914
699	12.97790	77.59911
700	12.97796	77.59908
701	12.97802	77.59904
702	12.97809	77.59902
703	12.97814	77.59900
704	12.97820	77.59898
705	12.97826	77.59896
706	12.97834	77.59892
707	12.97841	77.59886
708	12.97847	77.59884
709	12.97852	77.59881
710	12.97859	77.59878
711	12.97865	77.59876
712	12.97872	77.59874
713	12.97879	77.59871
714	12.97885	77.59869
715	12.97892	77.59867
716	12.97898	77.59864
717	12.97905	77.59861
718	12.97912	77.59857
719	12.97917	77.59855
720	12.97924	77.59853
721	12.97930	77.59849
722	12.97937	77.59846
723	12.97944	77.59843
724	12.97951	77.59839
725	12.97957	77.59836
726	12.97962	77.59833
727	12.97959	77.59844
728	12.97956	77.59852
729	12.97955	77.59857
730	12.97953	77.59865
731	12.97950	77.59872
732	12.97947	77.59879
733	12.97945	77.59884
734	12.97944	77.59891
735	12.97941	77.59898
736	12.97938	77.59906
737	12.97937	77.59912
738	12.97935	77.59919
739	12.97933	77.59925
740	12.97931	77.59931
741	12.97930	77.59938
742	12.97928	77.59944
743	12.97926	77.59950
744	12.97925	77.59956
745	12.97923	77.59963
746	12.97921	77.59970
747	12.97920	77.59976
748	12.97917	77.59982
749	12.97914	77.59989
750	12.97910	77.59996
751	12.97907	77.60003
752	12.97904	77.60010
753	12.97901	77.60017
754	12.97899	77.60022
755	12.97896	77.60028
756	12.97894	77.60033
757	12.97892	77.60039
758	12.97890	77.60045
759	12.97887	77.60051
760	12.97886	77.60056
761	12.97884	77.60061
762	12.97883	77.60067
763	12.97881	77.60074
764	12.97880	77.60082
765	12.97876	77.60091
766	12.97875	77.60097
767	12.97873	77.60104
768	12.97871	77.60112
769	12.97869	77.60118
770	12.97867	77.60124
771	12.97866	77.60129
772	12.97864	77.60135
773	12.97862	77.60141
774	12.97859	77.60147
775	12.97856	77.60153
776	12.97854	77.60158
777	12.97852	77.60164
778	12.97849	77.60169
779	12.97845	77.60177
780	12.97844	77.60184
781	12.97842	77.60191
782	12.97841	77.60196
783	12.97839	77.60203
784	12.97836	77.60212
785	12.97835	77.60217
786	12.97833	77.60223
787	12.97831	77.60229
788	12.97829	77.60236
789	12.97825	77.60243
790	12.97823	77.60249
791	12.97820	77.60254
792	12.97817	77.60261
793	12.97813	77.60269
794	12.97810	77.60275
795	12.97807	77.60281
796	12.97804	77.60288
797	12.97802	77.60293
798	12.97800	77.60300
799	12.97799	77.60305
800	12.97797	77.60312
801	12.97794	77.60318
802	12.97793	77.60324
803	12.97791	77.60332
804	12.97788	77.60340
805	12.97786	77.60345
806	12.97784	77.60353
807	12.97782	77.60361
808	12.97780	77.60367
809	12.97778	77.60374
810	12.97777	77.60379
811	12.97775	77.60386
812	12.97772	77.60393
813	12.97770	77.60401
814	12.97769	77.60407
815	12.97766	77.60415
816	12.97764	77.60421
817	12.97762	77.60426
818	12.97760	77.60434
819	12.97757	77.60441
820	12.97754	77.60448
821	12.97752	77.60453
822	12.97750	77.60459
823	12.97748	77.60466
824	12.97746	77.60472
825	12.97744	77.60479
826	12.97742	77.60486
827	12.97739	77.60494
828	12.97738	77.60500
829	12.97735	77.60506
830	12.97733	77.60513
831	12.97731	77.60519
832	12.97729	77.60525
833	12.97728	77.60531
834	12.97726	77.60537
835	12.97724	77.60543
836	12.97722	77.60549
837	12.97721	77.60555
838	12.97721	77.60561
839	12.97719	77.60567
840	12.97715	77.60575
841	12.97712	77.60581
842	12.97708	77.60589
843	12.97704	77.60597
844	12.97701	77.60603
845	12.97698	77.60609
846	12.97694	77.60617
847	12.97683	77.60643
848	12.97682	77.60649
849	12.97680	77.60654
850	12.97679	77.60660
851	12.97677	77.60666
852	12.97674	77.60673
853	12.97673	77.60680
854	12.97671	77.60687
855	12.97670	77.60692
856	12.97668	77.60698
857	12.97665	77.60706
858	12.97662	77.60712
859	12.97660	77.60717
860	12.97658	77.60723
861	12.97656	77.60729
862	12.97653	77.60737
863	12.97651	77.60745
864	12.97650	77.60751
865	12.97648	77.60757
866	12.97646	77.60763
867	12.97645	77.60768
868	12.97644	77.60774
869	12.97641	77.60781
870	12.97639	77.60788
871	12.97638	77.60795
872	12.97635	77.60801
873	12.97633	77.60808
874	12.97632	77.60813
875	12.97626	77.60832
876	12.97624	77.60840
877	12.97622	77.60846
878	12.97620	77.60852
879	12.97618	77.60860
880	12.97616	77.60866
881	12.97613	77.60872
882	12.97610	77.60879
883	12.97608	77.60885
884	12.97604	77.60892
885	12.97602	77.60899
886	12.97599	77.60906
887	12.97597	77.60912
888	12.97594	77.60919
889	12.97591	77.60925
890	12.97589	77.60932
891	12.97585	77.60938
892	12.97582	77.60944
893	12.97580	77.60951
894	12.97577	77.60957
895	12.97575	77.60963
896	12.97570	77.60974
897	12.97570	77.60981
898	12.97568	77.60987
899	12.97566	77.60994
900	12.97564	77.61002
901	12.97562	77.61008
902	12.97560	77.61015
903	12.97558	77.61022
904	12.97555	77.61029
905	12.97552	77.61036
906	12.97551	77.61041
907	12.97549	77.61048
908	12.97547	77.61056
909	12.97544	77.61063
910	12.97543	77.61068
911	12.97540	77.61076
912	12.97539	77.61082
913	12.97537	77.61089
914	12.97534	77.61097
915	12.97532	77.61103
916	12.97531	77.61108
917	12.97529	77.61113
918	12.97528	77.61120
919	12.97526	77.61125
920	12.97524	77.61131
921	12.97522	77.61137
922	12.97520	77.61145
923	12.97518	77.61153
924	12.97517	77.61160
925	12.97513	77.61168
926	12.97512	77.61173
927	12.97510	77.61179
928	12.97508	77.61187
929	12.97507	77.61193
930	12.97504	77.61200
931	12.97502	77.61206
932	12.97500	77.61212
933	12.97498	77.61220
934	12.97495	77.61227
935	12.97493	77.61235
936	12.97492	77.61241
937	12.97490	77.61248
938	12.97488	77.61254
939	12.97487	77.61260
940	12.97484	77.61266
941	12.97483	77.61272
942	12.97481	77.61278
943	12.97479	77.61286
944	12.97478	77.61291
945	12.97475	77.61297
946	12.97473	77.61304
947	12.97471	77.61311
948	12.97470	77.61317
949	12.97468	77.61325
950	12.97465	77.61332
951	12.97462	77.61339
952	12.97460	77.61345
953	12.97457	77.61352
954	12.97455	77.61357
955	12.97452	77.61364
956	12.97449	77.61371
957	12.97447	77.61377
958	12.97443	77.61383
959	12.97441	77.61389
960	12.97440	77.61395
961	12.97438	77.61400
962	12.97437	77.61405
963	12.97434	77.61412
964	12.97433	77.61418
965	12.97431	77.61423
966	12.97430	77.61429
967	12.97429	77.61436
968	12.97426	77.61441
969	12.97423	77.61449
970	12.97421	77.61455
971	12.97420	77.61460
972	12.97418	77.61466
973	12.97416	77.61473
974	12.97413	77.61480
975	12.97411	77.61486
976	12.97408	77.61494
977	12.97405	77.61501
978	12.97403	77.61508
979	12.97400	77.61515
980	12.97398	77.61521
981	12.97396	77.61526
982	12.97393	77.61533
983	12.97393	77.61540
984	12.97387	77.61543
985	12.97382	77.61541
986	12.97377	77.61539
987	12.97370	77.61537
988	12.97365	77.61535
989	12.97359	77.61533
990	12.97354	77.61530
991	12.97349	77.61528
992	12.97343	77.61525
993	12.97336	77.61522
994	12.97331	77.61521
995	12.97325	77.61519
996	12.97320	77.61517
997	12.97314	77.61515
998	12.97307	77.61512
999	12.97298	77.61509
1000	12.97293	77.61507
1001	12.97288	77.61506
1002	12.97282	77.61504
1003	12.97277	77.61503
1004	12.97270	77.61501
1005	12.97263	77.61499
1006	12.97257	77.61498
1007	12.97250	77.61496
1008	12.97242	77.61494
1009	12.97235	77.61492
1010	12.97230	77.61499
1011	12.97228	77.61505
1012	12.97226	77.61511
1013	12.97224	77.61518
1014	12.97222	77.61525
1015	12.97220	77.61533
1016	12.97219	77.61540
1017	12.97218	77.61546
1018	12.97217	77.61553
1019	12.97215	77.61559
1020	12.97214	77.61565
1021	12.97212	77.61572
1022	12.97211	77.61578
1023	12.97210	77.61585
1024	12.97208	77.61592
1025	12.97207	77.61597
1026	12.97206	77.61603
1027	12.97204	77.61609
1028	12.97202	77.61616
1029	12.97200	77.61622
1030	12.97199	77.61628
1031	12.97197	77.61635
1032	12.97196	77.61640
1033	12.97195	77.61648
1034	12.97194	77.61655
1035	12.97192	77.61661
1036	12.97191	77.61667
1037	12.97189	77.61673
1038	12.97187	77.61681
1039	12.97185	77.61687
1040	12.97185	77.61692
1041	12.97183	77.61699
1042	12.97181	77.61705
1043	12.97179	77.61710
1044	12.97177	77.61717
1045	12.97175	77.61724
1046	12.97174	77.61730
1047	12.97171	77.61737
1048	12.97170	77.61742
1049	12.97168	77.61749
1050	12.97166	77.61756
1051	12.97165	77.61762
1052	12.97164	77.61768
1053	12.97163	77.61774
1054	12.97162	77.61780
1055	12.97161	77.61786
1056	12.97159	77.61794
1057	12.97159	77.61801
1058	12.97158	77.61807
1059	12.97157	77.61814
1060	12.97156	77.61822
1061	12.97155	77.61829
1062	12.97153	77.61835
1063	12.97151	77.61842
1064	12.97149	77.61847
1065	12.97149	77.61853
1066	12.97148	77.61859
1067	12.97147	77.61866
1068	12.97145	77.61873
1069	12.97145	77.61879
1070	12.97144	77.61885
1071	12.97143	77.61892
1072	12.97142	77.61898
1073	12.97141	77.61905
1074	12.97139	77.61913
1075	12.97137	77.61918
1076	12.97136	77.61924
1077	12.97134	77.61932
1078	12.97131	77.61939
1079	12.97130	77.61944
1080	12.97128	77.61949
1081	12.97127	77.61955
1082	12.97125	77.61961
1083	12.97124	77.61967
1084	12.97124	77.61974
1085	12.97124	77.61979
1086	12.97124	77.61985
1087	12.97124	77.61992
1088	12.97124	77.61998
1089	12.97124	77.62003
1090	12.97124	77.62009
1091	12.97124	77.62016
1092	12.97124	77.62022
1093	12.97124	77.62028
1094	12.97124	77.62035
1095	12.97124	77.62041
1096	12.97124	77.62047
1097	12.97124	77.62054
1098	12.97124	77.62060
1099	12.97116	77.62061
1100	12.97109	77.62061
1101	12.97103	77.62061
1102	12.97097	77.62062
1103	12.97090	77.62062
1104	12.97084	77.62063
1105	12.97078	77.62063
1106	12.97071	77.62064
1107	12.97063	77.62064
1108	12.97057	77.62063
1109	12.97051	77.62063
1110	12.97045	77.62063
1111	12.97039	77.62064
1112	12.97033	77.62064
1113	12.97026	77.62064
1114	12.97018	77.62065
1115	12.97011	77.62065
1116	12.97004	77.62065
1117	12.96997	77.62065
1118	12.96989	77.62065
1119	12.96983	77.62065
1120	12.96976	77.62067
1121	12.96971	77.62069
1122	12.96965	77.62070
1123	12.96959	77.62070
1124	12.96952	77.62071
1125	12.96946	77.62071
1126	12.96939	77.62072
1127	12.96933	77.62074
1128	12.96927	77.62075
1129	12.96921	77.62076
1130	12.96915	77.62077
1131	12.96908	77.62078
1132	12.96900	77.62079
1133	12.96892	77.62080
1134	12.96886	77.62081
1135	12.96881	77.62081
1136	12.96874	77.62082
1137	12.96868	77.62083
1138	12.96861	77.62084
1139	12.96855	77.62085
1140	12.96849	77.62086
1141	12.96843	77.62086
1142	12.96837	77.62086
1143	12.96831	77.62087
1144	12.96825	77.62088
1145	12.96818	77.62088
1146	12.96811	77.62089
1147	12.96804	77.62090
1148	12.96797	77.62091
1149	12.96792	77.62091
1150	12.96784	77.62093
1151	12.96778	77.62094
1152	12.96772	77.62095
1153	12.96766	77.62096
1154	12.96760	77.62099
1155	12.96754	77.62099
1156	12.96747	77.62100
1157	12.96741	77.62102
1158	12.96734	77.62103
1159	12.96728	77.62105
1160	12.96722	77.62106
1161	12.96715	77.62106
1162	12.96709	77.62106
1163	12.96702	77.62107
1164	12.96696	77.62108
1165	12.96690	77.62109
1166	12.96683	77.62111
1167	12.96677	77.62113
1168	12.96670	77.62115
1169	12.96664	77.62117
1170	12.96658	77.62120
1171	12.96652	77.62121
1172	12.96646	77.62122
1173	12.96639	77.62125
1174	12.96633	77.62127
1175	12.96628	77.62128
1176	12.96620	77.62131
1177	12.96613	77.62133
1178	12.96607	77.62136
1179	12.96601	77.62138
1180	12.96594	77.62142
1181	12.96589	77.62145
1182	12.96581	77.62147
1183	12.96574	77.62149
1184	12.96569	77.62150
1185	12.96560	77.62151
1186	12.96554	77.62152
1187	12.96549	77.62152
1188	12.96543	77.62152
1189	12.96537	77.62152
1190	12.96531	77.62151
1191	12.96526	77.62149
1192	12.96520	77.62144
1193	12.96513	77.62138
1194	12.96506	77.62133
1195	12.96500	77.62128
1196	12.96494	77.62124
1197	12.96486	77.62120
1198	12.96480	77.62116
1199	12.96474	77.62112
1200	12.96468	77.62109
1201	12.96461	77.62103
1202	12.96454	77.62099
1203	12.96449	77.62096
1204	12.96444	77.62092
1205	12.96439	77.62088
1206	12.96431	77.62082
1207	12.96424	77.62076
1208	12.96420	77.62069
1209	12.96417	77.62061
1210	12.96415	77.62056
1211	12.96413	77.62050
1212	12.96412	77.62043
1213	12.96411	77.62038
1214	12.96410	77.62032
1215	12.96407	77.62024
1216	12.96405	77.62018
1217	12.96403	77.62013
1218	12.96402	77.62007
1219	12.96400	77.62002
1220	12.96400	77.61996
1221	12.96400	77.61986
1222	12.96400	77.61980
1223	12.96399	77.61974
1224	12.96399	77.61967
1225	12.96398	77.61961
1226	12.96398	77.61955
1227	12.96397	77.61949
1228	12.96397	77.61942
1229	12.96397	77.61935
1230	12.96396	77.61926
1231	12.96396	77.61919
1232	12.96396	77.61912
1233	12.96397	77.61906
1234	12.96397	77.61901
1235	12.96398	77.61895
1236	12.96399	77.61889
1237	12.96399	77.61883
1238	12.96392	77.61883
1239	12.96384	77.61886
1240	12.96378	77.61888
1241	12.96372	77.61890
1242	12.96366	77.61892
1243	12.96361	77.61893
1244	12.96355	77.61895
1245	12.96349	77.61896
1246	12.96343	77.61899
1247	12.96338	77.61900
1248	12.96333	77.61902
1249	12.96328	77.61903
1250	12.96321	77.61904
1251	12.96315	77.61904
1252	12.96309	77.61906
1253	12.96303	77.61908
1254	12.96297	77.61910
1255	12.96292	77.61912
1256	12.96287	77.61914
1257	12.96279	77.61916
1258	12.96273	77.61917
1259	12.96268	77.61919
1260	12.96261	77.61922
1261	12.96254	77.61924
1262	12.96247	77.61927
1263	12.96240	77.61930
1264	12.96232	77.61934
1265	12.96225	77.61938
1266	12.96218	77.61941
1267	12.96213	77.61944
1268	12.96206	77.61948
1269	12.96199	77.61952
1270	12.96194	77.61954
1271	12.96187	77.61958
1272	12.96181	77.61961
1273	12.96174	77.61965
1274	12.96167	77.61968
1275	12.96160	77.61972
1276	12.96153	77.61975
1277	12.96148	77.61977
1278	12.96140	77.61981
1279	12.96135	77.61983
1280	12.96128	77.61986
1281	12.96122	77.61989
1282	12.96117	77.61992
1283	12.96109	77.61995
1284	12.96101	77.61997
1285	12.96099	77.61991
1286	12.96099	77.61984
1287	12.96098	77.61978
1288	12.96096	77.61972
1289	12.96094	77.61966
1290	12.96092	77.61960
1291	12.96090	77.61953
1292	12.96089	77.61947
1293	12.96086	77.61938
1294	12.96085	77.61933
1295	12.96082	77.61927
1296	12.96081	77.61922
1297	12.96078	77.61916
1298	12.96077	77.61911
1299	12.96074	77.61904
1300	12.96072	77.61899
1301	12.96071	77.61893
1302	12.96069	77.61886
1303	12.96067	77.61879
1304	12.96066	77.61873
1305	12.96063	77.61865
1306	12.96062	77.61859
1307	12.96061	77.61854
1308	12.96057	77.61846
1309	12.96055	77.61841
1310	12.96053	77.61833
1311	12.96051	77.61828
1312	12.96049	77.61822
1313	12.96046	77.61814
1314	12.96044	77.61809
1315	12.96042	77.61804
1316	12.96039	77.61795
1317	12.96037	77.61789
1318	12.96035	77.61783
1319	12.96033	77.61777
1320	12.96031	77.61770
1321	12.96028	77.61764
1322	12.96025	77.61757
1323	12.96022	77.61748
1324	12.96019	77.61741
1325	12.96016	77.61735
1326	12.96015	77.61728
1327	12.96012	77.61721
1328	12.96011	77.61713
1329	12.96010	77.61706
1330	12.96010	77.61699
1331	12.96010	77.61691
1332	12.96010	77.61683
1333	12.96011	77.61677
1334	12.96011	77.61670
1335	12.96012	77.61662
1336	12.96011	77.61656
1337	12.96011	77.61647
1338	12.96011	77.61640
1339	12.96011	77.61632
1340	12.96011	77.61624
1341	12.96011	77.61616
1342	12.96011	77.61608
1343	12.96011	77.61601
1344	12.96011	77.61594
1345	12.96011	77.61586
1346	12.96011	77.61578
1347	12.96012	77.61572
1348	12.96013	77.61564
1349	12.96014	77.61557
1350	12.96014	77.61550
1351	12.96014	77.61544
1352	12.96013	77.61537
1353	12.96012	77.61531
1354	12.96012	77.61525
1355	12.96012	77.61518
1356	12.96012	77.61512
1357	12.96012	77.61505
1358	12.96013	77.61498
1359	12.96013	77.61492
1360	12.96013	77.61485
1361	12.96007	77.61484
1362	12.96001	77.61483
1363	12.95994	77.61483
1364	12.95988	77.61483
1365	12.95981	77.61483
1366	12.95975	77.61483
1367	12.95968	77.61483
1368	12.95962	77.61482
1369	12.95957	77.61481
1370	12.95950	77.61480
1371	12.95944	77.61479
1372	12.95938	77.61479
1373	12.95932	77.61478
1374	12.95927	77.61478
1375	12.95921	77.61477
1376	12.95915	77.61476
1377	12.95912	77.61469
1378	12.95911	77.61463
1379	12.95908	77.61456
1380	12.95903	77.61449
1381	12.95898	77.61444
1382	12.95893	77.61438
1383	12.95889	77.61432
1384	12.95886	77.61425
1385	12.95884	77.61419
1386	12.95881	77.61412
1387	12.95880	77.61407
1388	12.95879	77.61400
1389	12.95878	77.61394
1390	12.95878	77.61387
1391	12.95878	77.61381
1392	12.95878	77.61375
1393	12.95878	77.61369
1394	12.95878	77.61363
1395	12.95878	77.61356
1396	12.95878	77.61349
