Rank	Latitude	Longitude
1	12.94602	77.65054
2	12.94606	77.65048
3	12.94610	77.65042
4	12.94614	77.65037
5	12.94620	77.65034
6	12.94625	77.65029
7	12.94631	77.65025
8	12.94638	77.65021
9	12.94643	77.65019
10	12.94648	77.65017
11	12.94654	77.65016
12	12.94661	77.65015
13	12.94666	77.65014
14	12.94673	77.65014
15	12.94680	77.65014
16	12.94687	77.65014
17	12.94692	77.65014
18	12.94699	77.65015
19	12.94705	77.65016
20	12.94713	77.65017
21	12.94720	77.65018
22	12.94726	77.65018
23	12.94731	77.65020
24	12.94736	77.65022
25	12.94744	77.65024
26	12.94752	77.65026
27	12.94759	77.65030
28	12.94765	77.65036
29	12.94772	77.65041
30	12.94779	77.65046
31	12.94784	77.65050
32	12.94790	77.65053
33	12.94797	77.65057
34	12.94802	77.65061
35	12.94807	77.65064
36	12.94815	77.65068
37	12.94822	77.65072
38	12.94828	77.65077
39	12.94833	77.65081
40	12.94839	77.65085
41	12.94845	77.65090
42	12.94851	77.65096
43	12.94857	77.65102
44	12.94864	77.65107
45	12.94869	77.65112
46	12.94875	77.65118
47	12.94881	77.65125
48	12.94887	77.65132
49	12.94893	77.65137
50	12.94898	77.65143
51	12.94906	77.65149
52	12.94913	77.65156
53	12.94920	77.65162
54	12.94925	77.65168
55	12.94931	77.65175
56	12.94936	77.65180
57	12.94943	77.65187
58	12.94948	77.65192
59	12.94953	77.65197
60	12.94958	77.65202
61	12.94964	77.65208
62	12.94969	77.65215
63	12.94974	77.65221
64	12.94980	77.65228
65	12.94983	77.65234
66	12.94987	77.65239
67	12.94992	77.65247
68	12.94995	77.65253
69	12.94999	77.65260
70	12.95003	77.65267
71	12.95007	77.65274
72	12.95011	77.65282
73	12.95015	77.65289
74	12.95020	77.65296
75	12.95023	77.65303
76	12.95026	77.65310
77	12.95029	77.65316
78	12.95033	77.65323
79	12.95038	77.65328
80	12.95042	77.65334
81	12.95046	77.65340
82	12.95052	77.65345
83	12.95058	77.65349
84	12.95064	77.65353
85	12.95070	77.65355
86	12.95075	77.65357
87	12.95081	77.65359
88	12.95086	77.65360
89	12.95093	77.65361
90	12.95098	77.65362
91	12.95106	77.65363
92	12.95112	77.65364
93	12.95114	77.65372
94	12.95115	77.65377
95	12.95116	77.65383
96	12.95117	77.65389
97	12.95118	77.65397
98	12.95119	77.65404
99	12.95120	77.65409
100	12.95121	77.65415
101	12.95121	77.65421
102	12.95121	77.65428
103	12.95122	77.65433
104	12.95122	77.65441
105	12.95122	77.65448
106	12.95122	77.65455
107	12.95122	77.65462
108	12.95122	77.65468
109	12.95123	77.65474
110	12.95123	77.65480
111	12.95125	77.65486
112	12.95125	77.65494
113	12.95125	77.65500
114	12.95126	77.65506
115	12.95126	77.65511
116	12.95126	77.65518
117	12.95126	77.65524
118	12.95126	77.65532
119	12.95127	77.65538
120	12.95128	77.65544
121	12.95128	77.65550
122	12.95129	77.65555
123	12.95129	77.65561
124	12.95130	77.65568
125	12.95130	77.65574
126	12.95130	77.65581
127	12.95130	77.65586
128	12.95131	77.65592
129	12.95131	77.65597
130	12.95132	77.65603
131	12.95132	77.65609
132	12.95133	77.65616
133	12.95134	77.65621
134	12.95134	77.65627
135	12.95135	77.65634
136	12.95135	77.65642
137	12.95136	77.65649
138	12.95136	77.65655
139	12.95136	77.65661
140	12.95136	77.65668
141	12.95136	77.65675
142	12.95136	77.65682
143	12.95135	77.65688
144	12.95135	77.65694
145	12.95135	77.65701
146	12.95136	77.65707
147	12.95137	77.65714
148	12.95137	77.65720
149	12.95137	77.65727
150	12.95138	77.65734
151	12.95138	77.65743
152	12.95139	77.65750
153	12.95141	77.65757
154	12.95142	77.65763
155	12.95144	77.65768
156	12.95145	77.65774
157	12.95146	77.65781
158	12.95146	77.65787
159	12.95147	77.65794
160	12.95147	77.65802
161	12.95147	77.65809
162	12.95147	77.65815
163	12.95147	77.65820
164	12.95147	77.65827
165	12.95147	77.65833
166	12.95147	77.65840
167	12.95147	77.65846
168	12.95148	77.65852
169	12.95148	77.65859
170	12.95149	77.65865
171	12.95149	77.65870
172	12.95150	77.65878
173	12.95151	77.65883
174	12.95151	77.65891
175	12.95152	77.65896
176	12.95153	77.65904
177	12.95154	77.65909
178	12.95154	77.65916
179	12.95154	77.65922
180	12.95154	77.65928
181	12.95154	77.65934
182	12.95154	77.65940
183	12.95155	77.65947
184	12.95155	77.65955
185	12.95155	77.65961
186	12.95155	77.65967
187	12.95155	77.65974
188	12.95155	77.65982
189	12.95154	77.65988
190	12.95153	77.65993
191	12.95153	77.66000
192	12.95152	77.66006
193	12.95151	77.66011
194	12.95151	77.66017
195	12.95151	77.66023
196	12.95151	77.66030
197	12.95151	77.66036
198	12.95151	77.66042
199	12.95151	77.66049
200	12.95151	77.66055
201	12.95152	77.66062
202	12.95152	77.66069
203	12.95153	77.66075
204	12.95153	77.66081
205	12.95153	77.66086
206	12.95153	77.66094
207	12.95153	77.66100
208	12.95153	77.66105
209	12.95153	77.66113
210	12.95153	77.66119
211	12.95153	77.66124
212	12.95153	77.66131
213	12.95153	77.66138
214	12.95153	77.66145
215	12.95152	77.66150
216	12.95152	77.66158
217	12.95151	77.66164
218	12.95151	77.66170
219	12.95150	77.66177
220	12.95149	77.66184
221	12.95148	77.66191
222	12.95148	77.66197
223	12.95147	77.66203
224	12.95147	77.66209
225	12.95155	77.66212
226	12.95162	77.66213
227	12.95167	77.66214
228	12.95175	77.66214
229	12.95180	77.66214
230	12.95186	77.66214
231	12.95192	77.66215
232	12.95198	77.66215
233	12.95205	77.66215
234	12.95213	77.66215
235	12.95218	77.66215
236	12.95227	77.66216
237	12.95233	77.66216
238	12.95239	77.66216
239	12.95246	77.66216
240	12.95254	77.66216
241	12.95262	77.66217
242	12.95268	77.66218
243	12.95275	77.66218
244	12.95281	77.66218
245	12.95286	77.66219
246	12.95293	77.66219
247	12.95296	77.66226
248	12.95297	77.66234
249	12.95297	77.66242
250	12.95297	77.66249
251	12.95295	77.66256
252	12.95295	77.66262
253	12.95295	77.66268
254	12.95294	77.66274
255	12.95294	77.66280
256	12.95293	77.66286
257	12.95292	77.66292
258	12.95291	77.66297
259	12.95291	77.66304
260	12.95291	77.66312
261	12.95289	77.66319
262	12.95289	77.66326
263	12.95288	77.66336
264	12.95287	77.66341
265	12.95292	77.66347
266	12.95298	77.66348
267	12.95304	77.66349
268	12.95310	77.66349
269	12.95317	77.66351
270	12.95325	77.66352
271	12.95331	77.66353
272	12.95337	77.66354
273	12.95343	77.66354
274	12.95350	77.66355
275	12.95355	77.66353
276	12.95358	77.66346
277	12.95359	77.66341
278	12.95360	77.66334
279	12.95360	77.66328
280	12.95360	77.66321
281	12.95359	77.66314
282	12.95359	77.66307
283	12.95360	77.66301
284	12.95366	77.66296
285	12.95373	77.66294
286	12.95378	77.66293
287	12.95385	77.66292
288	12.95391	77.66291
289	12.95397	77.66290
290	12.95403	77.66288
291	12.95405	77.66281
292	12.95405	77.66272
293	12.95405	77.66265
294	12.95405	77.66258
295	12.95405	77.66251
296	12.95405	77.66243
297	12.95405	77.66234
298	12.95405	77.66228
299	12.95406	77.66222
300	12.95407	77.66215
301	12.95407	77.66208
302	12.95410	77.66202
303	12.95416	77.66201
304	12.95421	77.66203
305	12.95427	77.66208
306	12.95430	77.66215
307	12.95431	77.66220
308	12.95431	77.66227
309	12.95430	77.66233
310	12.95430	77.66238
311	12.95429	77.66245
312	12.95429	77.66252
313	12.95429	77.66258
314	12.95429	77.66266
315	12.95429	77.66273
316	12.95429	77.66280
317	12.95429	77.66285
318	12.95430	77.66291
319	12.95432	77.66296
320	12.95433	77.66302
321	12.95435	77.66308
322	12.95436	77.66314
323	12.95436	77.66319
324	12.95437	77.66325
325	12.95437	77.66333
326	12.95437	77.66338
327	12.95437	77.66345
328	12.95437	77.66351
329	12.95437	77.66356
330	12.95436	77.66363
331	12.95436	77.66369
332	12.95435	77.66375
333	12.95434	77.66382
334	12.95434	77.66390
335	12.95433	77.66397
336	12.95433	77.66403
337	12.95433	77.66408
338	12.95433	77.66414
339	12.95434	77.66420
340	12.95435	77.66428
341	12.95435	77.66434
342	12.95436	77.66440
343	12.95436	77.66447
344	12.95441	77.66446
345	12.95448	77.66441
346	12.95453	77.66436
347	12.95459	77.66433
348	12.95465	77.66430
349	12.95471	77.66428
350	12.95478	77.66425
351	12.95484	77.66424
352	12.95490	77.66422
353	12.95496	77.66420
354	12.95503	77.66420
355	12.95509	77.66419
356	12.95516	77.66419
357	12.95521	77.66418
358	12.95527	77.66418
359	12.95534	77.66418
360	12.95540	77.66418
361	12.95546	77.66418
362	12.95551	77.66419
363	12.95558	77.66419
364	12.95566	77.66422
365	12.95572	77.66424
366	12.95577	77.66425
367	12.95583	77.66425
368	12.95589	77.66427
369	12.95595	77.66429
370	12.95601	77.66431
371	12.95607	77.66433
372	12.95613	77.66434
373	12.95621	77.66436
374	12.95626	77.66438
375	12.95632	77.66440
376	12.95640	77.66441
377	12.95645	77.66443
378	12.95651	77.66445
379	12.95657	77.66447
380	12.95663	77.66448
381	12.95670	77.66451
382	12.95676	77.66453
383	12.95681	77.66454
384	12.95687	77.66456
385	12.95692	77.66457
386	12.95697	77.66459
387	12.95703	77.66461
388	12.95709	77.66462
389	12.95714	77.66464
390	12.95720	77.66466
391	12.95726	77.66467
392	12.95732	77.66469
393	12.95737	77.66470
394	12.95743	77.66471
395	12.95751	77.66472
396	12.95753	77.66467
397	12.95754	77.66460
398	12.95755	77.66455
399	12.95756	77.66449
400	12.95760	77.66442
401	12.95762	77.66434
402	12.95763	77.66428
403	12.95765	77.66420
404	12.95766	77.66415
405	12.95768	77.66409
406	12.95770	77.66403
407	12.95772	77.66395
408	12.95774	77.66388
409	12.95775	77.66381
410	12.95776	77.66375
411	12.95778	77.66368
412	12.95780	77.66363
413	12.95781	77.66357
414	12.95782	77.66350
415	12.95782	77.66344
416	12.95783	77.66338
417	12.95784	77.66332
418	12.95785	77.66326
419	12.95786	77.66320
420	12.95786	77.66313
421	12.95787	77.66306
422	12.95787	77.66300
423	12.95788	77.66293
424	12.95788	77.66285
425	12.95789	77.66278
426	12.95790	77.66272
427	12.95791	77.66265
428	12.95791	77.66257
429	12.95792	77.66250
430	12.95793	77.66244
431	12.95792	77.66236
432	12.95792	77.66230
433	12.95791	77.66223
434	12.95791	77.66216
435	12.95791	77.66210
436	12.95790	77.66203
437	12.95790	77.66198
438	12.95788	77.66191
439	12.95787	77.66185
440	12.95785	77.66179
441	12.95783	77.66173
442	12.95782	77.66166
443	12.95781	77.66159
444	12.95780	77.66153
445	12.95779	77.66145
446	12.95777	77.66139
447	12.95775	77.66132
448	12.95774	77.66125
449	12.95773	77.66117
450	12.95772	77.66110
451	12.95771	77.66102
452	12.95771	77.66096
453	12.95769	77.66087
454	12.95768	77.66080
455	12.95767	77.66075
456	12.95774	77.66076
457	12.95780	77.66078
458	12.95786	77.66079
459	12.95794	77.66080
460	12.95802	77.66081
461	12.95808	77.66081
462	12.95815	77.66082
463	12.95821	77.66083
464	12.95827	77.66084
465	12.95833	77.66085
466	12.95839	77.66085
467	12.95845	77.66086
468	12.95850	77.66087
469	12.95855	77.66088
470	12.95861	77.66090
471	12.95866	77.66091
472	12.95872	77.66091
473	12.95877	77.66093
474	12.95883	77.66097
475	12.95890	77.66102
476	12.95897	77.66107
477	12.95902	77.66110
478	12.95908	77.66115
479	12.95914	77.66120
480	12.95920	77.66125
481	12.95927	77.66129
482	12.95933	77.66132
483	12.95938	77.66134
484	12.95946	77.66138
485	12.95951	77.66136
486	12.95953	77.66131
487	12.95955	77.66125
488	12.95957	77.66120
489	12.95961	77.66115
490	12.95963	77.66109
491	12.95965	77.66103
492	12.95968	77.66096
493	12.95975	77.66093
494	12.95980	77.66095
495	12.95985	77.66097
496	12.95990	77.66098
497	12.95996	77.66100
498	12.96002	77.66101
499	12.96007	77.66103
500	12.96013	77.66104
501	12.96019	77.66106
502	12.96025	77.66108
503	12.96030	77.66110
504	12.96036	77.66110
505	12.96041	77.66112
506	12.96047	77.66113
507	12.96053	77.66114
508	12.96058	77.66115
509	12.96064	77.66116
510	12.96071	77.66118
511	12.96078	77.66119
512	12.96084	77.66119
513	12.96089	77.66120
514	12.96094	77.66122
515	12.96100	77.66123
516	12.96106	77.66125
517	12.96111	77.66126
518	12.96117	77.66127
519	12.96124	77.66127
520	12.96129	77.66128
521	12.96135	77.66128
522	12.96140	77.66121
523	12.96141	77.66116
524	12.96144	77.66110
525	12.96145	77.66104
526	12.96146	77.66097
527	12.96147	77.66092
528	12.96148	77.66087
529	12.96149	77.66081
530	12.96151	77.66076
531	12.96153	77.66070
532	12.96154	77.66065
533	12.96156	77.66060
534	12.96158	77.66054
535	12.96159	77.66048
536	12.96165	77.66047
537	12.96172	77.66047
538	12.96177	77.66047
539	12.96184	77.66047
540	12.96185	77.66042
541	12.96184	77.66036
542	12.96184	77.66029
543	12.96182	77.66022
544	12.96181	77.66017
545	12.96181	77.66011
546	12.96181	77.66005
547	12.96181	77.65998
548	12.96181	77.65991
549	12.96180	77.65985
550	12.96180	77.65978
551	12.96180	77.65971
552	12.96180	77.65964
553	12.96181	77.65958
554	12.96181	77.65953
555	12.96181	77.65947
556	12.96180	77.65941
557	12.96179	77.65934
558	12.96178	77.65928
559	12.96177	77.65921
560	12.96176	77.65915
561	12.96176	77.65907
562	12.96175	77.65900
563	12.96174	77.65894
564	12.96173	77.65888
565	12.96171	77.65881
566	12.96170	77.65874
567	12.96169	77.65867
568	12.96168	77.65861
569	12.96167	77.65855
570	12.96167	77.65849
571	12.96167	77.65841
572	12.96167	77.65835
573	12.96166	77.65830
574	12.96166	77.65823
575	12.96165	77.65816
576	12.96164	77.65810
577	12.96163	77.65804
578	12.96163	77.65797
579	12.96163	77.65791
580	12.96163	77.65785
581	12.96155	77.65778
582	12.96149	77.65773
583	12.96141	77.65766
584	12.96134	77.65760
585	12.96127	77.65754
586	12.96120	77.65748
587	12.96115	77.65744
588	12.96109	77.65739
589	12.96104	77.65736
590	12.96097	77.65730
591	12.96092	77.65727
592	12.96087	77.65723
593	12.96081	77.65721
594	12.96075	77.65717
595	12.96069	77.65715
596	12.96063	77.65712
597	12.96055	77.65710
598	12.96050	77.65708
599	12.96045	77.65706
600	12.96039	77.65705
601	12.96033	77.65703
602	12.96024	77.65700
603	12.96017	77.65698
604	12.96011	77.65696
605	12.96006	77.65694
606	12.95999	77.65692
607	12.95993	77.65688
608	12.95984	77.65684
609	12.95977	77.65682
610	12.95972	77.65680
611	12.95966	77.65679
612	12.95958	77.65678
613	12.95950	77.65676
614	12.95944	77.65676
615	12.95937	77.65675
616	12.95930	77.65675
617	12.95924	77.65675
618	12.95918	77.65674
619	12.95912	77.65673
620	12.95906	77.65673
621	12.95900	77.65672
622	12.95894	77.65671
623	12.95887	77.65670
624	12.95880	77.65670
625	12.95873	77.65669
626	12.95866	77.65668
627	12.95859	77.65668
628	12.95854	77.65666
629	12.95847	77.65664
630	12.95841	77.65662
631	12.95835	77.65661
632	12.95829	77.65660
633	12.95823	77.65660
634	12.95816	77.65659
635	12.95811	77.65657
636	12.95805	77.65655
637	12.95800	77.65654
638	12.95796	77.65646
639	12.95796	77.65640
640	12.95796	77.65634
641	12.95796	77.65628
642	12.95795	77.65623
643	12.95794	77.65615
644	12.95794	77.65608
645	12.95794	77.65600
646	12.95794	77.65594
647	12.95794	77.65588
648	12.95794	77.65580
649	12.95794	77.65573
650	12.95794	77.65566
651	12.95795	77.65559
652	12.95796	77.65551
653	12.95796	77.65545
654	12.95796	77.65539
655	12.95796	77.65533
656	12.95796	77.65528
657	12.95796	77.65521
658	12.95796	77.65515
659	12.95796	77.65509
660	12.95796	77.65503
661	12.95797	77.65496
662	12.95797	77.65491
663	12.95798	77.65485
664	12.95798	77.65480
665	12.95798	77.65474
666	12.95798	77.65469
667	12.95799	77.65462
668	12.95799	77.65454
669	12.95800	77.65446
670	12.95801	77.65437
671	12.95802	77.65430
672	12.95803	77.65423
673	12.95803	77.65416
674	12.95804	77.65411
675	12.95804	77.65406
676	12.95804	77.65399
677	12.95804	77.65392
678	12.95804	77.65385
679	12.95804	77.65378
680	12.95803	77.65370
681	12.95803	77.65364
682	12.95803	77.65358
683	12.95803	77.65352
684	12.95804	77.65346
685	12.95805	77.65339
686	12.95806	77.65334
687	12.95807	77.65327
688	12.95809	77.65322
689	12.95811	77.65315
690	12.95811	77.65308
691	12.95812	77.65302
692	12.95813	77.65294
693	12.95814	77.65288
694	12.95815	77.65281
695	12.95816	77.65273
696	12.95817	77.65266
697	12.95817	77.65259
698	12.95817	77.65252
699	12.95818	77.65246
700	12.95818	77.65240
701	12.95818	77.65234
702	12.95818	77.65225
703	12.95818	77.65219
704	12.95818	77.65212
705	12.95818	77.65206
706	12.95819	77.65201
707	12.95819	77.65195
708	12.95819	77.65190
709	12.95819	77.65184
710	12.95819	77.65177
711	12.95819	77.65170
712	12.95820	77.65162
713	12.95821	77.65156
714	12.95822	77.65150
715	12.95823	77.65143
716	12.95824	77.65137
717	12.95824	77.65130
718	12.95825	77.65123
719	12.95826	77.65118
720	12.95826	77.65112
721	12.95827	77.65105
722	12.95828	77.65097
723	12.95829	77.65092
724	12.95830	77.65087
725	12.95831	77.65078
726	12.95832	77.65072
727	12.95833	77.65065
728	12.95833	77.65058
729	12.95834	77.65053
730	12.95835	77.65046
731	12.95836	77.65038
732	12.95836	77.65032
733	12.95837	77.65027
734	12.95838	77.65021
735	12.95839	77.65015
736	12.95839	77.65009
737	12.95840	77.65001
738	12.95840	77.64994
739	12.95842	77.64989
740	12.95842	77.64982
741	12.95843	77.64976
742	12.95844	77.64970
743	12.95845	77.64962
744	12.95846	77.64956
745	12.95846	77.64949
746	12.95847	77.64942
747	12.95847	77.64935
748	12.95848	77.64929
749	12.95848	77.64921
750	12.95848	77.64914
751	12.95847	77.64908
752	12.95848	77.64902
753	12.95849	77.64895
754	12.95851	77.64889
755	12.95853	77.64881
756	12.95853	77.64875
757	12.95854	77.64869
758	12.95856	77.64862
759	12.95857	77.64856
760	12.95859	77.64849
761	12.95861	77.64842
762	12.95862	77.64837
763	12.95863	77.64828
764	12.95864	77.64822
765	12.95864	77.64814
766	12.95864	77.64808
767	12.95864	77.64801
768	12.95864	77.64793
769	12.95864	77.64783
770	12.95864	77.64775
771	12.95866	77.64768
772	12.95867	77.64762
773	12.95868	77.64756
774	12.95868	77.64749
775	12.95869	77.64740
776	12.95870	77.64734
777	12.95870	77.64727
778	12.95870	77.64720
779	12.95870	77.64713
780	12.95870	77.64704
781	12.95870	77.64698
782	12.95870	77.64691
783	12.95870	77.64685
784	12.95872	77.64677
785	12.95873	77.64669
786	12.95874	77.64661
787	12.95875	77.64655
788	12.95876	77.64648
789	12.95877	77.64641
790	12.95878	77.64636
791	12.95880	77.64627
792	12.95882	77.64620
793	12.95884	77.64614
794	12.95886	77.64605
795	12.95887	77.64598
796	12.95888	77.64592
797	12.95889	77.64584
798	12.95890	77.64578
799	12.95891	77.64571
800	12.95892	77.64565
801	12.95893	77.64558
802	12.95894	77.64551
803	12.95895	77.64542
804	12.95896	77.64537
805	12.95896	77.64530
806	12.95897	77.64523
807	12.95898	77.64517
808	12.95898	77.64509
809	12.95899	77.64504
810	12.95900	77.64498
811	12.95901	77.64492
812	12.95902	77.64487
813	12.95902	77.64480
814	12.95904	77.64473
815	12.95904	77.64467
816	12.95904	77.64461
817	12.95903	77.64455
818	12.95902	77.64448
819	12.95902	77.64441
820	12.95902	77.64434
821	12.95902	77.64429
822	12.95902	77.64421
823	12.95902	77.64415
824	12.95902	77.64409
825	12.95903	77.64403
826	12.95904	77.64398
827	12.95905	77.64391
828	12.95905	77.64385
829	12.95906	77.64379
830	12.95907	77.64374
831	12.95908	77.64366
832	12.95908	77.64361
833	12.95909	77.64355
834	12.95903	77.64356
835	12.95897	77.64360
836	12.95891	77.64363
837	12.95884	77.64365
838	12.95876	77.64367
839	12.95871	77.64369
840	12.95863	77.64372
841	12.95856	77.64374
842	12.95849	77.64376
843	12.95842	77.64379
844	12.95835	77.64380
845	12.95829	77.64382
846	12.95823	77.64383
847	12.95816	77.64385
848	12.95811	77.64386
849	12.95805	77.64387
850	12.95800	77.64389
851	12.95792	77.64391
852	12.95784	77.64394
853	12.95776	77.64396
854	12.95771	77.64397
855	12.95765	77.64399
856	12.95758	77.64400
857	12.95751	77.64403
858	12.95743	77.64407
859	12.95735	77.64411
860	12.95728	77.64413
861	12.95722	77.64415
862	12.95717	77.64416
863	12.95709	77.64420
864	12.95703	77.64425
865	12.95696	77.64432
866	12.95691	77.64438
867	12.95685	77.64444
868	12.95681	77.64452
869	12.95676	77.64459
870	12.95671	77.64466
871	12.95668	77.64471
872	12.95664	77.64477
873	12.95658	77.64483
874	12.95653	77.64485
875	12.95647	77.64480
876	12.95641	77.64475
877	12.95636	77.64470
878	12.95630	77.64465
879	12.95623	77.64463
880	12.95617	77.64465
881	12.95611	77.64466
882	12.95604	77.64468
883	12.95597	77.64470
884	12.95592	77.64471
885	12.95586	77.64473
886	12.95581	77.64474
887	12.95575	77.64476
888	12.95568	77.64479
889	12.95561	77.64482
890	12.95556	77.64484
891	12.95550	77.64485
892	12.95544	77.64486
893	12.95539	77.64487
894	12.95533	77.64488
895	12.95527	77.64489
896	12.95521	77.64491
897	12.95516	77.64492
898	12.95510	77.64492
899	12.95504	77.64494
900	12.95497	77.64497
901	12.95491	77.64497
902	12.95485	77.64495
903	12.95479	77.64494
904	12.95474	77.64493
905	12.95466	77.64490
906	12.95460	77.64488
907	12.95454	77.64487
908	12.95447	77.64487
909	12.95440	77.64485
910	12.95434	77.64485
911	12.95429	77.64482
912	12.95422	77.64479
913	12.95414	77.64477
914	12.95409	77.64475
915	12.95404	77.64474
916	12.95398	77.64472
917	12.95392	77.64471
918	12.95386	77.64470
919	12.95379	77.64468
920	12.95373	77.64466
921	12.95366	77.64464
922	12.95360	77.64462
923	12.95354	77.64460
924	12.95347	77.64458
925	12.95342	77.64457
926	12.95336	77.64454
927	12.95330	77.64451
928	12.95323	77.64447
929	12.95321	77.64442
930	12.95320	77.64436
931	12.95320	77.64431
932	12.95319	77.64425
933	12.95319	77.64419
934	12.95318	77.64412
935	12.95318	77.64406
936	12.95318	77.64400
937	12.95317	77.64394
938	12.95317	77.64387
939	12.95317	77.64381
940	12.95319	77.64373
941	12.95320	77.64365
942	12.95321	77.64359
943	12.95322	77.64352
944	12.95322	77.64346
945	12.95323	77.64340
946	12.95324	77.64335
947	12.95325	77.64328
948	12.95326	77.64319
949	12.95327	77.64311
950	12.95327	77.64305
951	12.95329	77.64299
952	12.95331	77.64291
953	12.95331	77.64284
954	12.95331	77.64278
955	12.95331	77.64271
956	12.95331	77.64264
957	12.95331	77.64258
958	12.95331	77.64251
959	12.95331	77.64245
960	12.95330	77.64239
961	12.95322	77.64239
962	12.95316	77.64239
963	12.95311	77.64239
964	12.95304	77.64239
965	12.95299	77.64240
966	12.95294	77.64240
967	12.95289	77.64241
968	12.95283	77.64240
969	12.95276	77.64236
970	12.95271	77.64233
971	12.95263	77.64229
972	12.95258	77.64227
973	12.95253	77.64225
974	12.95246	77.64221
975	12.95240	77.64219
976	12.95233	77.64215
977	12.95225	77.64211
978	12.95219	77.64208
979	12.95211	77.64204
980	12.95204	77.64200
981	12.95197	77.64195
982	12.95191	77.64191
983	12.95190	77.64196
984	12.95190	77.64202
985	12.95190	77.64209
986	12.95190	77.64216
987	12.95192	77.64222
988	12.95194	77.64228
989	12.95196	77.64233
990	12.95199	77.64239
991	12.95201	77.64245
992	12.95205	77.64252
993	12.95208	77.64259
994	12.95212	77.64265
995	12.95215	77.64271
996	12.95218	77.64276
997	12.95220	77.64282
998	12.95223	77.64290
999	12.95226	77.64295
1000	12.95229	77.64301
1001	12.95235	77.64309
1002	12.95241	77.64316
1003	12.95246	77.64322
1004	12.95251	77.64329
1005	12.95256	77.64334
1006	12.95258	77.64341
1007	12.95258	77.64347
1008	12.95258	77.64353
1009	12.95257	77.64359
1010	12.95256	77.64366
1011	12.95252	77.64373
1012	12.95249	77.64380
1013	12.95245	77.64389
1014	12.95240	77.64397
1015	12.95237	77.64404
1016	12.95234	77.64410
1017	12.95232	77.64415
1018	12.95229	77.64422
1019	12.95227	77.64430
1020	12.95225	77.64436
1021	12.95223	77.64442
1022	12.95221	77.64448
1023	12.95220	77.64453
1024	12.95218	77.64458
1025	12.95217	77.64465
1026	12.95215	77.64472
1027	12.95215	77.64478
1028	12.95214	77.64484
1029	12.95213	77.64490
1030	12.95212	77.64495
1031	12.95211	77.64501
1032	12.95210	77.64507
1033	12.95208	77.64513
1034	12.95205	77.64519
1035	12.95200	77.64525
1036	12.95193	77.64529
1037	12.95187	77.64530
1038	12.95182	77.64532
1039	12.95175	77.64534
1040	12.95170	77.64536
1041	12.95164	77.64538
1042	12.95159	77.64538
1043	12.95153	77.64539
1044	12.95146	77.64540
1045	12.95140	77.64540
1046	12.95132	77.64540
1047	12.95126	77.64541
1048	12.95119	77.64543
1049	12.95114	77.64544
1050	12.95108	77.64546
1051	12.95102	77.64549
1052	12.95097	77.64550
1053	12.95090	77.64551
1054	12.95085	77.64552
1055	12.95076	77.64553
1056	12.95070	77.64554
1057	12.95064	77.64556
1058	12.95058	77.64558
1059	12.95053	77.64559
1060	12.95047	77.64560
1061	12.95040	77.64561
1062	12.95035	77.64562
1063	12.95027	77.64563
1064	12.95021	77.64565
1065	12.95016	77.64565
1066	12.95009	77.64566
1067	12.95003	77.64567
1068	12.94998	77.64568
1069	12.94990	77.64570
1070	12.94985	77.64572
1071	12.94978	77.64573
1072	12.94972	77.64574
1073	12.94967	77.64574
1074	12.94961	77.64575
1075	12.94955	77.64576
1076	12.94949	77.64576
1077	12.94942	77.64578
1078	12.94934	77.64580
1079	12.94929	77.64581
1080	12.94923	77.64583
1081	12.94918	77.64584
1082	12.94911	77.64586
1083	12.94904	77.64589
1084	12.94897	77.64592
1085	12.94890	77.64596
1086	12.94884	77.64600
1087	12.94878	77.64602
1088	12.94870	77.64605
1089	12.94865	77.64608
1090	12.94858	77.64611
1091	12.94851	77.64614
1092	12.94845	77.64618
1093	12.94839	77.64621
1094	12.94834	77.64625
1095	12.94827	77.64630
1096	12.94820	77.64635
1097	12.94814	77.64641
1098	12.94808	77.64645
1099	12.94803	77.64649
1100	12.94797	77.64653
1101	12.94791	77.64658
1102	12.94785	77.64663
1103	12.94779	77.64668
1104	12.94773	77.64673
1105	12.94765	77.64678
1106	12.94759	77.64681
1107	12.94754	77.64684
1108	12.94747	77.64687
1109	12.94740	77.64691
1110	12.94735	77.64693
1111	12.94728	77.64698
1112	12.94722	77.64702
1113	12.94715	77.64707
1114	12.94709	77.64710
1115	12.94704	77.64715
1116	12.94698	77.64718
1117	12.94692	77.64723
1118	12.94686	77.64728
1119	12.94680	77.64733
1120	12.94674	77.64738
1121	12.94668	77.64743
1122	12.94662	77.64748
1123	12.94656	77.64755
1124	12.94651	77.64760
1125	12.94646	77.64767
1126	12.94639	77.64774
1127	12.94635	77.64781
1128	12.94630	77.64787
1129	12.94626	77.64793
1130	12.94623	77.64801
1131	12.94619	77.64808
1132	12.94616	77.64813
1133	12.94612	77.64820
1134	12.94608	77.64827
1135	12.94606	77.64833
1136	12.94604	77.64838
1137	12.94600	77.64845
1138	12.94598	77.64851
1139	12.94596	77.64856
1140	12.94593	77.64862
1141	12.94592	77.64867
1142	12.94589	77.64874
1143	12.94585	77.64881
1144	12.94582	77.64886
1145	12.94577	77.64892
1146	12.94571	77.64896
1147	12.94565	77.64902
1148	12.94558	77.64907
1149	12.94552	77.64913
1150	12.94546	77.64918
1151	12.94541	77.64922
1152	12.94535	77.64927
1153	12.94529	77.64932
1154	12.94525	77.64939
1155	12.94520	77.64944
1156	12.94513	77.64951
1157	12.94508	77.64956
1158	12.94502	77.64962
1159	12.94495	77.64969
1160	12.94489	77.64973
1161	12.94483	77.64981
1162	12.94477	77.64987
1163	12.94474	77.64993
1164	12.94470	77.65000
1165	12.94468	77.65006
1166	12.94467	77.65012
1167	12.94469	77.65018
1168	12.94474	77.65020
1169	12.94480	77.65023
1170	12.94487	77.65025
1171	12.94494	77.65029
1172	12.94502	77.65031
1173	12.94507	77.65032
1174	12.94514	77.65033
1175	12.94522	77.65034
1176	12.94528	77.65036
1177	12.94536	77.65038
1178	12.94542	77.65040
1179	12.94549	77.65042
1180	12.94555	77.65042
1181	12.94560	77.65043
1182	12.94567	77.65045
1183	12.94573	77.65046
1184	12.94581	77.65047
1185	12.94587	77.65048
1186	12.94595	77.65050
