Rank	Latitude	Longitude
1	12.97362	77.62643
2	12.97357	77.62646
3	12.97351	77.62649
4	12.97344	77.62653
5	12.97339	77.62657
6	12.97332	77.62662
7	12.97326	77.62666
8	12.97321	77.62669
9	12.97315	77.62672
10	12.97309	77.62677
11	12.97303	77.62682
12	12.97298	77.62686
13	12.97292	77.62690
14	12.97285	77.62694
15	12.97280	77.62698
16	12.97272	77.62705
17	12.97267	77.62708
18	12.97261	77.62712
19	12.97255	77.62716
20	12.97250	77.62720
21	12.97243	77.62723
22	12.97237	77.62726
23	12.97229	77.62731
24	12.97222	77.62736
25	12.97217	77.62739
26	12.97211	77.62742
27	12.97205	77.62746
28	12.97198	77.62752
29	12.97192	77.62755
30	12.97186	77.62757
31	12.97180	77.62760
32	12.97174	77.62763
33	12.97166	77.62768
34	12.97160	77.62771
35	12.97153	77.62777
36	12.97145	77.62781
37	12.97140	77.62784
38	12.97134	77.62787
39	12.97129	77.62790
40	12.97122	77.62796
41	12.97114	77.62803
42	12.97107	77.62807
43	12.97102	77.62810
44	12.97096	77.62814
45	12.97091	77.62817
46	12.97086	77.62821
47	12.97080	77.62824
48	12.97074	77.62828
49	12.97068	77.62832
50	12.97061	77.62838
51	12.97055	77.62841
52	12.97049	77.62845
53	12.97043	77.62849
54	12.97038	77.62853
55	12.97033	77.62855
56	12.97028	77.62860
57	12.97022	77.62864
58	12.97016	77.62867
59	12.97009	77.62870
60	12.97003	77.62874
61	12.96996	77.62880
62	12.96991	77.62883
63	12.96985	77.62885
64	12.96979	77.62888
65	12.96970	77.62892
66	12.96964	77.62895
67	12.96958	77.62898
68	12.96952	77.62900
69	12.96947	77.62903
70	12.96941	77.62906
71	12.96934	77.62912
72	12.96928	77.62914
73	12.96921	77.62918
74	12.96915	77.62922
75	12.96910	77.62926
76	12.96903	77.62929
77	12.96898	77.62932
78	12.96892	77.62935
79	12.96887	77.62938
80	12.96882	77.62942
81	12.96876	77.62945
82	12.96870	77.62949
83	12.96862	77.62954
84	12.96857	77.62958
85	12.96851	77.62962
86	12.96846	77.62966
87	12.96841	77.62970
88	12.96834	77.62975
89	12.96829	77.62978
90	12.96821	77.62983
91	12.96813	77.62988
92	12.96807	77.62993
93	12.96799	77.62999
94	12.96793	77.63002
95	12.96787	77.63006
96	12.96782	77.63009
97	12.96774	77.63013
98	12.96765	77.63013
99	12.96757	77.63013
100	12.96751	77.63011
101	12.96744	77.63011
102	12.96737	77.63011
103	12.96729	77.63009
104	12.96721	77.63008
105	12.96715	77.63007
106	12.96706	77.63006
107	12.96700	77.63005
108	12.96694	77.63003
109	12.96687	77.63003
110	12.96680	77.63003
111	12.96672	77.63002
112	12.96669	77.63008
113	12.96670	77.63015
114	12.96671	77.63022
115	12.96671	77.63028
116	12.96671	77.63035
117	12.96671	77.63043
118	12.96671	77.63050
119	12.96671	77.63055
120	12.96671	77.63062
121	12.96671	77.63069
122	12.96670	77.63076
123	12.96670	77.63085
124	12.96670	77.63092
125	12.96670	77.63099
126	12.96670	77.63105
127	12.96672	77.63111
128	12.96672	77.63117
129	12.96673	77.63123
130	12.96674	77.63129
131	12.96674	77.63138
132	12.96675	77.63143
133	12.96675	77.63150
134	12.96676	77.63155
135	12.96676	77.63162
136	12.96677	77.63168
137	12.96678	77.63173
138	12.96678	77.63181
139	12.96679	77.63189
140	12.96680	77.63194
141	12.96680	77.63203
142	12.96680	77.63209
143	12.96681	77.63215
144	12.96681	77.63222
145	12.96681	77.63228
146	12.96682	77.63235
147	12.96683	77.63241
148	12.96684	77.63249
149	12.96685	77.63255
150	12.96686	77.63261
151	12.96687	77.63266
152	12.96688	77.63273
153	12.96689	77.63279
154	12.96691	77.63285
155	12.96693	77.63290
156	12.96695	77.63297
157	12.96696	77.63303
158	12.96697	77.63310
159	12.96699	77.63317
160	12.96700	77.63324
161	12.96701	77.63332
162	12.96702	77.63338
163	12.96703	77.63345
164	12.96704	77.63352
165	12.96705	77.63357
166	12.96707	77.63364
167	12.96709	77.63371
168	12.96710	77.63377
169	12.96711	77.63383
170	12.96712	77.63389
171	12.96713	77.63394
172	12.96714	77.63400
173	12.96709	77.63406
174	12.96704	77.63410
175	12.96697	77.63413
176	12.96691	77.63415
177	12.96684	77.63418
178	12.96677	77.63420
179	12.96671	77.63422
180	12.96665	77.63423
181	12.96659	77.63426
182	12.96654	77.63428
183	12.96648	77.63429
184	12.96643	77.63431
185	12.96634	77.63430
186	12.96628	77.63429
187	12.96622	77.63429
188	12.96614	77.63432
189	12.96607	77.63436
190	12.96601	77.63438
191	12.96594	77.63441
192	12.96588	77.63441
193	12.96582	77.63442
194	12.96576	77.63443
195	12.96569	77.63444
196	12.96561	77.63445
197	12.96553	77.63448
198	12.96546	77.63449
199	12.96540	77.63451
200	12.96534	77.63453
201	12.96528	77.63455
202	12.96519	77.63457
203	12.96512	77.63459
204	12.96506	77.63461
205	12.96501	77.63463
206	12.96494	77.63464
207	12.96486	77.63466
208	12.96480	77.63469
209	12.96473	77.63470
210	12.96468	77.63472
211	12.96461	77.63475
212	12.96453	77.63477
213	12.96447	77.63479
214	12.96440	77.63481
215	12.96433	77.63482
216	12.96427	77.63484
217	12.96421	77.63482
218	12.96417	77.63474
219	12.96415	77.63468
220	12.96409	77.63463
221	12.96404	77.63463
222	12.96397	77.63464
223	12.96392	77.63464
224	12.96386	77.63465
225	12.96380	77.63465
226	12.96374	77.63466
227	12.96368	77.63468
228	12.96362	77.63469
229	12.96356	77.63470
230	12.96349	77.63470
231	12.96344	77.63472
232	12.96338	77.63473
233	12.96333	77.63474
234	12.96327	77.63479
235	12.96324	77.63486
236	12.96321	77.63494
237	12.96318	77.63499
238	12.96316	77.63506
239	12.96313	77.63513
240	12.96312	77.63518
241	12.96310	77.63525
242	12.96302	77.63529
243	12.96294	77.63528
244	12.96287	77.63528
245	12.96281	77.63528
246	12.96274	77.63526
247	12.96265	77.63524
248	12.96257	77.63522
249	12.96248	77.63521
250	12.96241	77.63519
251	12.96234	77.63519
252	12.96226	77.63519
253	12.96217	77.63521
254	12.96211	77.63521
255	12.96203	77.63522
256	12.96196	77.63522
257	12.96188	77.63524
258	12.96181	77.63526
259	12.96174	77.63529
260	12.96169	77.63531
261	12.96162	77.63533
262	12.96155	77.63536
263	12.96149	77.63537
264	12.96143	77.63538
265	12.96136	77.63538
266	12.96129	77.63540
267	12.96123	77.63541
268	12.96115	77.63541
269	12.96109	77.63541
270	12.96102	77.63541
271	12.96095	77.63541
272	12.96089	77.63541
273	12.96082	77.63543
274	12.96074	77.63544
275	12.96068	77.63545
276	12.96062	77.63546
277	12.96055	77.63547
278	12.96049	77.63548
279	12.96041	77.63550
280	12.96034	77.63551
281	12.96025	77.63552
282	12.96020	77.63552
283	12.96012	77.63555
284	12.96006	77.63556
285	12.96000	77.63557
286	12.95994	77.63560
287	12.95986	77.63562
288	12.95979	77.63564
289	12.95972	77.63566
290	12.95965	77.63568
291	12.95959	77.63572
292	12.95954	77.63574
293	12.95946	77.63576
294	12.95941	77.63579
295	12.95935	77.63581
296	12.95929	77.63583
297	12.95923	77.63585
298	12.95916	77.63587
299	12.95910	77.63588
300	12.95904	77.63589
301	12.95896	77.63592
302	12.95891	77.63594
303	12.95883	77.63597
304	12.95875	77.63601
305	12.95869	77.63602
306	12.95863	77.63604
307	12.95856	77.63607
308	12.95850	77.63609
309	12.95845	77.63611
310	12.95840	77.63613
311	12.95833	77.63616
312	12.95828	77.63619
313	12.95822	77.63621
314	12.95816	77.63624
315	12.95810	77.63626
316	12.95803	77.63629
317	12.95797	77.63631
318	12.95790	77.63634
319	12.95784	77.63637
320	12.95778	77.63639
321	12.95771	77.63641
322	12.95763	77.63645
323	12.95758	77.63646
324	12.95751	77.63648
325	12.95745	77.63650
326	12.95739	77.63653
327	12.95732	77.63655
328	12.95724	77.63657
329	12.95718	77.63660
330	12.95712	77.63661
331	12.95705	77.63664
332	12.95698	77.63667
333	12.95693	77.63669
334	12.95686	77.63672
335	12.95679	77.63674
336	12.95672	77.63675
337	12.95665	77.63679
338	12.95659	77.63680
339	12.95652	77.63682
340	12.95643	77.63683
341	12.95637	77.63684
342	12.95631	77.63685
343	12.95624	77.63686
344	12.95616	77.63688
345	12.95610	77.63691
346	12.95603	77.63695
347	12.95596	77.63699
348	12.95590	77.63700
349	12.95585	77.63703
350	12.95578	77.63706
351	12.95571	77.63708
352	12.95565	77.63710
353	12.95557	77.63714
354	12.95551	77.63716
355	12.95544	77.63718
356	12.95539	77.63720
357	12.95532	77.63722
358	12.95527	77.63723
359	12.95520	77.63726
360	12.95513	77.63727
361	12.95508	77.63729
362	12.95501	77.63731
363	12.95493	77.63734
364	12.95488	77.63737
365	12.95481	77.63739
366	12.95474	77.63742
367	12.95467	77.63745
368	12.95462	77.63747
369	12.95456	77.63749
370	12.95450	77.63751
371	12.95443	77.63753
372	12.95436	77.63754
373	12.95429	77.63756
374	12.95423	77.63758
375	12.95417	77.63760
376	12.95410	77.63763
377	12.95403	77.63767
378	12.95397	77.63770
379	12.95389	77.63774
380	12.95383	77.63777
381	12.95378	77.63778
382	12.95373	77.63780
383	12.95364	77.63782
384	12.95357	77.63785
385	12.95349	77.63791
386	12.95344	77.63796
387	12.95337	77.63801
388	12.95331	77.63807
389	12.95324	77.63811
390	12.95317	77.63817
391	12.95311	77.63822
392	12.95303	77.63829
393	12.95297	77.63834
394	12.95290	77.63839
395	12.95282	77.63845
396	12.95276	77.63850
397	12.95269	77.63856
398	12.95262	77.63862
399	12.95256	77.63866
400	12.95251	77.63872
401	12.95244	77.63877
402	12.95238	77.63883
403	12.95232	77.63887
404	12.95225	77.63893
405	12.95219	77.63898
406	12.95213	77.63903
407	12.95206	77.63909
408	12.95201	77.63914
409	12.95196	77.63917
410	12.95190	77.63923
411	12.95183	77.63929
412	12.95176	77.63935
413	12.95171	77.63939
414	12.95164	77.63944
415	12.95159	77.63949
416	12.95154	77.63952
417	12.95148	77.63958
418	12.95141	77.63965
419	12.95136	77.63969
420	12.95131	77.63975
421	12.95124	77.63981
422	12.95118	77.63987
423	12.95113	77.63991
424	12.95106	77.63997
425	12.95099	77.64003
426	12.95092	77.64010
427	12.95085	77.64016
428	12.95079	77.64023
429	12.95074	77.64030
430	12.95069	77.64034
431	12.95063	77.64040
432	12.95056	77.64046
433	12.95051	77.64050
434	12.95045	77.64055
435	12.95040	77.64060
436	12.95034	77.64064
437	12.95028	77.64070
438	12.95022	77.64075
439	12.95016	77.64079
440	12.95011	77.64085
441	12.95006	77.64090
442	12.95000	77.64096
443	12.94992	77.64101
444	12.94986	77.64105
445	12.94981	77.64109
446	12.94974	77.64115
447	12.94967	77.64122
448	12.94960	77.64129
449	12.94954	77.64134
450	12.94947	77.64141
451	12.94942	77.64147
452	12.94936	77.64153
453	12.94929	77.64160
454	12.94924	77.64166
455	12.94919	77.64172
456	12.94914	77.64178
457	12.94910	77.64183
458	12.94905	77.64189
459	12.94899	77.64195
460	12.94893	77.64203
461	12.94888	77.64210
462	12.94883	77.64216
463	12.94878	77.64223
464	12.94873	77.64228
465	12.94869	77.64233
466	12.94864	77.64239
467	12.94860	77.64245
468	12.94854	77.64252
469	12.94850	77.64257
470	12.94846	77.64262
471	12.94840	77.64270
472	12.94835	77.64275
473	12.94829	77.64283
474	12.94824	77.64289
475	12.94818	77.64297
476	12.94812	77.64303
477	12.94806	77.64310
478	12.94801	77.64317
479	12.94796	77.64323
480	12.94791	77.64330
481	12.94786	77.64336
482	12.94783	77.64341
483	12.94777	77.64349
484	12.94771	77.64357
485	12.94768	77.64362
486	12.94762	77.64369
487	12.94754	77.64376
488	12.94749	77.64380
489	12.94741	77.64387
490	12.94735	77.64391
491	12.94730	77.64396
492	12.94723	77.64402
493	12.94718	77.64407
494	12.94711	77.64412
495	12.94706	77.64417
496	12.94701	77.64423
497	12.94694	77.64431
498	12.94691	77.64436
499	12.94685	77.64443
500	12.94681	77.64448
501	12.94677	77.64454
502	12.94670	77.64461
503	12.94665	77.64467
504	12.94660	77.64475
505	12.94654	77.64481
506	12.94651	77.64487
507	12.94644	77.64494
508	12.94639	77.64500
509	12.94633	77.64508
510	12.94628	77.64513
511	12.94623	77.64518
512	12.94618	77.64526
513	12.94612	77.64532
514	12.94608	77.64538
515	12.94602	77.64545
516	12.94597	77.64551
517	12.94592	77.64556
518	12.94588	77.64562
519	12.94582	77.64569
520	12.94577	77.64576
521	12.94571	77.64584
522	12.94567	77.64590
523	12.94564	77.64597
524	12.94560	77.64606
525	12.94554	77.64613
526	12.94549	77.64620
527	12.94543	77.64627
528	12.94537	77.64635
529	12.94533	77.64640
530	12.94527	77.64647
531	12.94522	77.64654
532	12.94515	77.64658
533	12.94509	77.64665
534	12.94504	77.64671
535	12.94497	77.64678
536	12.94491	77.64686
537	12.94485	77.64694
538	12.94480	77.64701
539	12.94474	77.64707
540	12.94469	77.64714
541	12.94464	77.64720
542	12.94458	77.64727
543	12.94453	77.64733
544	12.94449	77.64739
545	12.94446	77.64746
546	12.94443	77.64751
547	12.94440	77.64758
548	12.94438	77.64764
549	12.94436	77.64769
550	12.94433	77.64775
551	12.94430	77.64782
552	12.94426	77.64787
553	12.94421	77.64793
554	12.94417	77.64798
555	12.94412	77.64804
556	12.94407	77.64811
557	12.94400	77.64820
558	12.94393	77.64828
559	12.94386	77.64835
560	12.94382	77.64841
561	12.94377	77.64846
562	12.94372	77.64850
563	12.94365	77.64856
564	12.94358	77.64863
565	12.94352	77.64869
566	12.94344	77.64875
567	12.94336	77.64879
568	12.94329	77.64879
569	12.94320	77.64880
570	12.94313	77.64881
571	12.94307	77.64882
572	12.94301	77.64883
573	12.94295	77.64884
574	12.94289	77.64886
575	12.94282	77.64889
576	12.94274	77.64891
577	12.94268	77.64894
578	12.94260	77.64900
579	12.94252	77.64905
580	12.94245	77.64909
581	12.94239	77.64914
582	12.94234	77.64921
583	12.94230	77.64927
584	12.94226	77.64933
585	12.94221	77.64938
586	12.94215	77.64945
587	12.94210	77.64951
588	12.94205	77.64958
589	12.94200	77.64964
590	12.94196	77.64971
591	12.94191	77.64977
592	12.94186	77.64985
593	12.94182	77.64990
594	12.94178	77.64995
595	12.94173	77.65002
596	12.94168	77.65008
597	12.94162	77.65016
598	12.94158	77.65022
599	12.94155	77.65027
600	12.94150	77.65033
601	12.94147	77.65040
602	12.94144	77.65046
603	12.94142	77.65052
604	12.94139	77.65057
605	12.94135	77.65065
606	12.94131	77.65074
607	12.94128	77.65081
608	12.94126	77.65089
609	12.94122	77.65095
610	12.94118	77.65103
611	12.94115	77.65110
612	12.94110	77.65117
613	12.94107	77.65124
614	12.94103	77.65132
615	12.94101	77.65137
616	12.94098	77.65143
617	12.94097	77.65148
618	12.94094	77.65155
619	12.94090	77.65163
620	12.94087	77.65169
621	12.94082	77.65177
622	12.94079	77.65183
623	12.94077	77.65188
624	12.94073	77.65194
625	12.94070	77.65201
626	12.94066	77.65207
627	12.94063	77.65213
628	12.94059	77.65221
629	12.94055	77.65227
630	12.94051	77.65234
631	12.94048	77.65240
632	12.94045	77.65247
633	12.94042	77.65253
634	12.94039	77.65260
635	12.94037	77.65267
636	12.94035	77.65273
637	12.94033	77.65280
638	12.94030	77.65287
639	12.94029	77.65293
640	12.94027	77.65301
641	12.94025	77.65307
642	12.94023	77.65312
643	12.94020	77.65318
644	12.94016	77.65326
645	12.94012	77.65334
646	12.94008	77.65341
647	12.94003	77.65349
648	12.94001	77.65355
649	12.93996	77.65362
650	12.93992	77.65368
651	12.93990	77.65373
652	12.93987	77.65378
653	12.93984	77.65385
654	12.93981	77.65391
655	12.93978	77.65397
656	12.93975	77.65402
657	12.93972	77.65409
658	12.93970	77.65414
659	12.93967	77.65421
660	12.93963	77.65429
661	12.93960	77.65435
662	12.93957	77.65443
663	12.93954	77.65450
664	12.93952	77.65456
665	12.93951	77.65462
666	12.93949	77.65467
667	12.93947	77.65474
668	12.93944	77.65480
669	12.93941	77.65487
670	12.93939	77.65493
671	12.93936	77.65501
672	12.93934	77.65506
673	12.93931	77.65514
674	12.93928	77.65522
675	12.93925	77.65528
676	12.93922	77.65533
677	12.93918	77.65541
678	12.93914	77.65550
679	12.93911	77.65555
680	12.93908	77.65561
681	12.93906	77.65568
682	12.93904	77.65574
683	12.93902	77.65580
684	12.93900	77.65586
685	12.93897	77.65592
686	12.93894	77.65598
687	12.93892	77.65603
688	12.93888	77.65612
689	12.93886	77.65619
690	12.93884	77.65624
691	12.93880	77.65632
692	12.93877	77.65640
693	12.93874	77.65646
694	12.93871	77.65651
695	12.93868	77.65658
696	12.93865	77.65664
697	12.93862	77.65671
698	12.93858	77.65679
699	12.93854	77.65687
700	12.93850	77.65695
701	12.93847	77.65700
702	12.93845	77.65706
703	12.93842	77.65711
704	12.93839	77.65719
705	12.93836	77.65725
706	12.93832	77.65734
707	12.93830	77.65739
708	12.93828	77.65745
709	12.93825	77.65751
710	12.93821	77.65758
711	12.93819	77.65764
712	12.93815	77.65772
713	12.93812	77.65779
714	12.93809	77.65786
715	12.93805	77.65791
716	12.93801	77.65798
717	12.93797	77.65805
718	12.93793	77.65811
719	12.93788	77.65818
720	12.93782	77.65826
721	12.93778	77.65832
722	12.93773	77.65838
723	12.93769	77.65843
724	12.93762	77.65850
725	12.93755	77.65857
726	12.93748	77.65863
727	12.93743	77.65868
728	12.93738	77.65872
729	12.93734	77.65877
730	12.93728	77.65884
731	12.93722	77.65891
732	12.93718	77.65897
733	12.93713	77.65903
734	12.93708	77.65909
735	12.93703	77.65913
736	12.93696	77.65918
737	12.93688	77.65922
738	12.93683	77.65926
739	12.93677	77.65929
740	12.93670	77.65932
741	12.93664	77.65935
742	12.93658	77.65936
743	12.93650	77.65940
744	12.93643	77.65941
745	12.93637	77.65944
746	12.93635	77.65951
747	12.93634	77.65957
748	12.93634	77.65964
749	12.93633	77.65970
750	12.93632	77.65977
751	12.93631	77.65984
752	12.93631	77.65990
753	12.93631	77.65995
754	12.93637	77.66000
755	12.93643	77.65999
756	12.93646	77.66006
757	12.93646	77.66013
758	12.93646	77.66018
759	12.93645	77.66025
760	12.93644	77.66030
761	12.93644	77.66038
762	12.93643	77.66046
763	12.93643	77.66052
764	12.93642	77.66058
765	12.93641	77.66063
766	12.93640	77.66071
767	12.93639	77.66077
768	12.93638	77.66083
769	12.93638	77.66090
770	12.93638	77.66097
771	12.93639	77.66102
772	12.93640	77.66108
773	12.93640	77.66115
774	12.93639	77.66120
775	12.93637	77.66127
776	12.93631	77.66129
777	12.93626	77.66130
778	12.93620	77.66128
779	12.93615	77.66126
780	12.93609	77.66122
781	12.93602	77.66115
782	12.93598	77.66110
783	12.93594	77.66104
784	12.93588	77.66098
785	12.93585	77.66093
786	12.93580	77.66085
787	12.93576	77.66080
788	12.93573	77.66073
789	12.93570	77.66066
790	12.93567	77.66059
791	12.93564	77.66052
792	12.93560	77.66045
793	12.93557	77.66038
794	12.93554	77.66032
795	12.93550	77.66024
796	12.93547	77.66016
797	12.93543	77.66008
798	12.93540	77.66001
799	12.93537	77.65994
800	12.93532	77.65985
801	12.93529	77.65978
802	12.93526	77.65971
803	12.93522	77.65963
804	12.93519	77.65957
805	12.93516	77.65950
806	12.93514	77.65945
807	12.93510	77.65936
808	12.93507	77.65930
809	12.93504	77.65923
810	12.93500	77.65916
811	12.93497	77.65910
812	12.93493	77.65903
813	12.93489	77.65896
814	12.93485	77.65888
815	12.93479	77.65880
816	12.93475	77.65874
817	12.93471	77.65868
818	12.93467	77.65863
819	12.93461	77.65855
820	12.93459	77.65850
821	12.93453	77.65843
822	12.93447	77.65835
823	12.93443	77.65828
824	12.93438	77.65823
825	12.93433	77.65816
826	12.93430	77.65810
827	12.93426	77.65803
828	12.93424	77.65797
829	12.93420	77.65788
830	12.93416	77.65781
831	12.93414	77.65775
832	12.93413	77.65767
833	12.93410	77.65759
834	12.93408	77.65753
835	12.93407	77.65747
836	12.93404	77.65740
837	12.93401	77.65734
838	12.93399	77.65727
839	12.93396	77.65720
840	12.93394	77.65714
841	12.93391	77.65708
842	12.93388	77.65701
843	12.93384	77.65692
844	12.93382	77.65686
845	12.93379	77.65680
846	12.93376	77.65673
847	12.93371	77.65672
848	12.93366	77.65675
849	12.93359	77.65680
850	12.93353	77.65683
851	12.93345	77.65686
852	12.93338	77.65688
853	12.93330	77.65691
854	12.93322	77.65693
855	12.93313	77.65696
856	12.93304	77.65698
857	12.93295	77.65702
858	12.93288	77.65704
859	12.93281	77.65706
860	12.93275	77.65708
861	12.93267	77.65710
862	12.93260	77.65713
863	12.93254	77.65715
864	12.93245	77.65717
865	12.93235	77.65721
866	12.93227	77.65725
867	12.93220	77.65728
868	12.93213	77.65733
869	12.93207	77.65736
870	12.93199	77.65739
871	12.93193	77.65743
872	12.93186	77.65746
873	12.93180	77.65750
874	12.93175	77.65752
875	12.93169	77.65756
876	12.93164	77.65759
877	12.93158	77.65761
878	12.93150	77.65766
879	12.93145	77.65768
880	12.93138	77.65772
881	12.93133	77.65773
882	12.93126	77.65776
883	12.93118	77.65780
884	12.93113	77.65782
885	12.93107	77.65785
886	12.93100	77.65789
887	12.93095	77.65791
888	12.93087	77.65795
889	12.93081	77.65799
890	12.93073	77.65802
891	12.93063	77.65807
892	12.93055	77.65812
893	12.93047	77.65816
894	12.93039	77.65819
895	12.93031	77.65824
896	12.93024	77.65828
897	12.93017	77.65832
898	12.93009	77.65836
899	12.93004	77.65839
900	12.92998	77.65841
901	12.92992	77.65844
902	12.92984	77.65848
903	12.92976	77.65852
904	12.92968	77.65856
905	12.92962	77.65859
906	12.92957	77.65862
907	12.92951	77.65865
908	12.92944	77.65868
909	12.92937	77.65873
910	12.92931	77.65876
911	12.92923	77.65880
912	12.92916	77.65884
913	12.92911	77.65888
914	12.92904	77.65891
915	12.92897	77.65894
916	12.92891	77.65897
917	12.92885	77.65903
918	12.92877	77.65907
919	12.92871	77.65911
920	12.92865	77.65918
921	12.92861	77.65923
922	12.92856	77.65931
923	12.92852	77.65937
924	12.92847	77.65944
925	12.92842	77.65951
926	12.92838	77.65958
927	12.92835	77.65964
928	12.92832	77.65970
929	12.92828	77.65977
930	12.92825	77.65982
931	12.92822	77.65989
932	12.92819	77.65995
933	12.92816	77.66001
934	12.92812	77.66008
935	12.92810	77.66013
936	12.92808	77.66019
937	12.92811	77.66024
938	12.92812	77.66030
939	12.92813	77.66037
940	12.92813	77.66044
941	12.92813	77.66051
942	12.92814	77.66056
943	12.92814	77.66062
944	12.92814	77.66068
945	12.92813	77.66075
946	12.92814	77.66082
947	12.92815	77.66090
948	12.92816	77.66095
949	12.92817	77.66101
950	12.92819	77.66107
951	12.92820	77.66113
952	12.92821	77.66120
953	12.92821	77.66128
954	12.92821	77.66135
955	12.92821	77.66143
956	12.92821	77.66150
957	12.92821	77.66157
958	12.92822	77.66166
959	12.92822	77.66173
960	12.92824	77.66180
961	12.92825	77.66185
962	12.92827	77.66191
963	12.92830	77.66196
964	12.92833	77.66204
965	12.92837	77.66212
966	12.92838	77.66218
967	12.92839	77.66224
968	12.92840	77.66230
969	12.92840	77.66236
970	12.92841	77.66243
971	12.92842	77.66248
972	12.92843	77.66255
973	12.92844	77.66262
974	12.92844	77.66269
975	12.92844	77.66276
976	12.92843	77.66282
977	12.92840	77.66289
978	12.92833	77.66295
979	12.92828	77.66299
980	12.92822	77.66302
981	12.92815	77.66306
982	12.92809	77.66312
983	12.92802	77.66316
984	12.92797	77.66320
985	12.92790	77.66326
986	12.92785	77.66329
987	12.92779	77.66334
988	12.92772	77.66339
989	12.92766	77.66343
990	12.92761	77.66347
991	12.92754	77.66352
992	12.92748	77.66357
993	12.92741	77.66364
994	12.92733	77.66371
995	12.92728	77.66376
996	12.92722	77.66380
997	12.92717	77.66384
998	12.92713	77.66389
999	12.92709	77.66395
1000	12.92702	77.66401
1001	12.92696	77.66407
1002	12.92692	77.66412
1003	12.92689	77.66418
1004	12.92685	77.66425
1005	12.92678	77.66433
1006	12.92674	77.66438
1007	12.92671	77.66444
1008	12.92667	77.66449
1009	12.92662	77.66454
1010	12.92656	77.66462
1011	12.92649	77.66468
1012	12.92644	77.66470
1013	12.92637	77.66470
1014	12.92630	77.66468
1015	12.92624	77.66464
1016	12.92619	77.66460
1017	12.92612	77.66457
1018	12.92605	77.66453
1019	12.92600	77.66449
1020	12.92593	77.66443
1021	12.92587	77.66439
1022	12.92581	77.66435
1023	12.92574	77.66432
1024	12.92568	77.66427
1025	12.92562	77.66423
1026	12.92555	77.66417
1027	12.92549	77.66411
1028	12.92544	77.66408
1029	12.92537	77.66402
1030	12.92528	77.66395
1031	12.92521	77.66389
1032	12.92515	77.66385
1033	12.92509	77.66381
1034	12.92504	77.66380
1035	12.92497	77.66379
1036	12.92488	77.66378
1037	12.92482	77.66377
1038	12.92475	77.66376
1039	12.92469	77.66374
1040	12.92463	77.66374
1041	12.92457	77.66373
1042	12.92450	77.66371
1043	12.92445	77.66369
1044	12.92439	77.66368
1045	12.92432	77.66366
1046	12.92425	77.66364
1047	12.92419	77.66362
1048	12.92414	77.66361
1049	12.92407	77.66359
1050	12.92399	77.66357
1051	12.92391	77.66355
1052	12.92386	77.66353
1053	12.92379	77.66351
1054	12.92374	77.66350
1055	12.92367	77.66348
1056	12.92360	77.66346
1057	12.92354	77.66344
1058	12.92345	77.66340
1059	12.92339	77.66338
1060	12.92334	77.66336
1061	12.92326	77.66333
1062	12.92319	77.66331
1063	12.92314	77.66330
1064	12.92307	77.66328
1065	12.92301	77.66326
1066	12.92295	77.66323
1067	12.92289	77.66322
1068	12.92283	77.66320
1069	12.92276	77.66317
1070	12.92268	77.66315
1071	12.92262	77.66312
1072	12.92255	77.66310
1073	12.92247	77.66308
1074	12.92241	77.66306
1075	12.92234	77.66303
1076	12.92226	77.66301
1077	12.92218	77.66299
1078	12.92211	77.66296
1079	12.92205	77.66295
1080	12.92197	77.66293
1081	12.92189	77.66291
1082	12.92183	77.66289
1083	12.92176	77.66288
1084	12.92168	77.66285
1085	12.92162	77.66284
1086	12.92157	77.66283
1087	12.92150	77.66280
1088	12.92143	77.66278
1089	12.92137	77.66277
1090	12.92131	77.66276
1091	12.92125	77.66274
1092	12.92116	77.66272
1093	12.92108	77.66270
1094	12.92100	77.66269
1095	12.92093	77.66268
1096	12.92087	77.66266
1097	12.92080	77.66264
1098	12.92073	77.66262
1099	12.92065	77.66259
1100	12.92058	77.66257
1101	12.92051	77.66254
1102	12.92044	77.66250
1103	12.92038	77.66248
1104	12.92032	77.66247
1105	12.92027	77.66251
1106	12.92021	77.66258
1107	12.92019	77.66264
1108	12.92017	77.66270
1109	12.92015	77.66275
1110	12.92014	77.66280
1111	12.92012	77.66286
1112	12.92011	77.66292
1113	12.92010	77.66298
1114	12.92008	77.66305
1115	12.92006	77.66311
1116	12.92005	77.66317
1117	12.92003	77.66325
1118	12.92000	77.66334
1119	12.91998	77.66340
1120	12.91996	77.66346
1121	12.91994	77.66353
1122	12.91992	77.66359
1123	12.91990	77.66366
1124	12.91989	77.66371
1125	12.91987	77.66377
1126	12.91986	77.66384
1127	12.91985	77.66389
1128	12.91983	77.66396
1129	12.91976	77.66397
1130	12.91968	77.66398
1131	12.91958	77.66398
1132	12.91949	77.66397
1133	12.91942	77.66396
1134	12.91935	77.66395
1135	12.91928	77.66394
1136	12.91923	77.66394
1137	12.91917	77.66393
1138	12.91910	77.66392
1139	12.91903	77.66391
1140	12.91897	77.66390
1141	12.91890	77.66390
1142	12.91883	77.66389
1143	12.91876	77.66389
1144	12.91870	77.66388
1145	12.91864	77.66388
1146	12.91858	77.66385
1147	12.91851	77.66382
1148	12.91845	77.66379
1149	12.91839	77.66377
1150	12.91833	77.66375
1151	12.91826	77.66373
1152	12.91817	77.66369
1153	12.91812	77.66367
1154	12.91806	77.66366
1155	12.91799	77.66363
1156	12.91793	77.66360
1157	12.91788	77.66359
1158	12.91780	77.66356
1159	12.91774	77.66352
1160	12.91767	77.66350
1161	12.91762	77.66347
1162	12.91755	77.66343
1163	12.91749	77.66340
1164	12.91744	77.66336
1165	12.91738	77.66332
1166	12.91733	77.66328
1167	12.91726	77.66321
1168	12.91719	77.66313
1169	12.91712	77.66307
1170	12.91706	77.66302
1171	12.91700	77.66297
1172	12.91695	77.66293
1173	12.91689	77.66288
1174	12.91684	77.66284
1175	12.91676	77.66278
1176	12.91671	77.66275
1177	12.91666	77.66271
1178	12.91658	77.66265
1179	12.91652	77.66261
1180	12.91646	77.66256
1181	12.91641	77.66251
1182	12.91634	77.66246
1183	12.91629	77.66241
1184	12.91623	77.66236
1185	12.91618	77.66233
1186	12.91612	77.66228
1187	12.91605	77.66222
1188	12.91600	77.66218
1189	12.91593	77.66213
1190	12.91586	77.66207
1191	12.91580	77.66202
1192	12.91574	77.66196
1193	12.91567	77.66191
1194	12.91561	77.66185
1195	12.91559	77.66179
1196	12.91564	77.66172
1197	12.91567	77.66166
1198	12.91572	77.66160
1199	12.91575	77.66154
1200	12.91580	77.66147
1201	12.91583	77.66142
1202	12.91586	77.66136
1203	12.91590	77.66130
1204	12.91593	77.66123
1205	12.91596	77.66117
1206	12.91600	77.66112
1207	12.91603	77.66104
1208	12.91608	77.66098
1209	12.91613	77.66091
1210	12.91619	77.66084
1211	12.91623	77.66078
1212	12.91627	77.66071
1213	12.91632	77.66064
1214	12.91637	77.66057
1215	12.91641	77.66052
1216	12.91645	77.66046
1217	12.91649	77.66037
1218	12.91654	77.66029
1219	12.91658	77.66023
1220	12.91661	77.66017
1221	12.91665	77.66011
1222	12.91670	77.66004
1223	12.91674	77.65997
1224	12.91678	77.65991
1225	12.91682	77.65985
1226	12.91687	77.65979
1227	12.91694	77.65971
1228	12.91700	77.65965
1229	12.91704	77.65959
1230	12.91709	77.65953
1231	12.91713	77.65947
1232	12.91718	77.65940
1233	12.91723	77.65934
1234	12.91728	77.65927
1235	12.91733	77.65922
1236	12.91736	77.65916
1237	12.91742	77.65909
1238	12.91746	77.65902
1239	12.91751	77.65897
1240	12.91756	77.65890
1241	12.91761	77.65883
1242	12.91766	77.65878
1243	12.91770	77.65873
1244	12.91774	77.65867
1245	12.91779	77.65862
1246	12.91783	77.65857
1247	12.91788	77.65849
1248	12.91792	77.65843
1249	12.91794	77.65837
1250	12.91797	77.65830
1251	12.91802	77.65824
1252	12.91806	77.65819
1253	12.91812	77.65811
1254	12.91816	77.65804
1255	12.91820	77.65798
1256	12.91825	77.65792
1257	12.91830	77.65786
1258	12.91834	77.65780
1259	12.91839	77.65772
1260	12.91843	77.65765
1261	12.91846	77.65758
1262	12.91849	77.65753
1263	12.91852	77.65746
1264	12.91855	77.65739
1265	12.91858	77.65733
1266	12.91861	77.65727
1267	12.91863	77.65719
1268	12.91864	77.65714
1269	12.91866	77.65708
1270	12.91870	77.65701
1271	12.91872	77.65695
1272	12.91876	77.65689
1273	12.91878	77.65683
1274	12.91879	77.65678
1275	12.91882	77.65672
1276	12.91886	77.65665
1277	12.91888	77.65658
1278	12.91892	77.65651
1279	12.91894	77.65645
1280	12.91897	77.65639
1281	12.91901	77.65633
1282	12.91905	77.65625
1283	12.91910	77.65619
1284	12.91914	77.65612
1285	12.91918	77.65606
1286	12.91921	77.65600
1287	12.91921	77.65594
1288	12.91922	77.65589
1289	12.91924	77.65583
1290	12.91926	77.65577
1291	12.91927	77.65571
1292	12.91930	77.65564
1293	12.91931	77.65558
1294	12.91933	77.65552
1295	12.91934	77.65547
1296	12.91935	77.65540
1297	12.91937	77.65531
1298	12.91939	77.65526
1299	12.91941	77.65520
1300	12.91942	77.65512
1301	12.91944	77.65504
1302	12.91945	77.65499
1303	12.91947	77.65493
1304	12.91948	77.65488
1305	12.91956	77.65484
1306	12.91961	77.65483
1307	12.91968	77.65482
1308	12.91973	77.65481
1309	12.91981	77.65478
1310	12.91986	77.65473
1311	12.91990	77.65466
1312	12.91992	77.65460
1313	12.91994	77.65455
1314	12.91995	77.65448
1315	12.91997	77.65441
1316	12.91998	77.65434
1317	12.91998	77.65427
1318	12.92000	77.65422
1319	12.92000	77.65415
1320	12.92001	77.65409
1321	12.92002	77.65402
1322	12.92002	77.65395
1323	12.92004	77.65388
1324	12.92004	77.65382
1325	12.92004	77.65377
1326	12.92004	77.65371
1327	12.92004	77.65363
1328	12.91998	77.65356
1329	12.91990	77.65352
1330	12.91984	77.65350
1331	12.91978	77.65349
1332	12.91976	77.65343
1333	12.91975	77.65336
1334	12.91975	77.65328
1335	12.91974	77.65323
1336	12.91973	77.65315
1337	12.91973	77.65309
1338	12.91973	77.65303
1339	12.91973	77.65297
1340	12.91973	77.65290
1341	12.91974	77.65284
1342	12.91975	77.65278
1343	12.91976	77.65273
1344	12.91976	77.65268
1345	12.91982	77.65267
1346	12.91987	77.65266
1347	12.91994	77.65264
1348	12.92000	77.65263
1349	12.92006	77.65262
1350	12.92013	77.65262
1351	12.92018	77.65262
1352	12.92024	77.65261
1353	12.92030	77.65261
1354	12.92037	77.65261
1355	12.92044	77.65261
1356	12.92051	77.65261
1357	12.92058	77.65261
1358	12.92066	77.65261
1359	12.92073	77.65261
1360	12.92080	77.65261
1361	12.92087	77.65261
1362	12.92094	77.65261
1363	12.92102	77.65261
1364	12.92109	77.65261
1365	12.92115	77.65262
1366	12.92123	77.65262
1367	12.92130	77.65262
1368	12.92136	77.65262
1369	12.92142	77.65262
1370	12.92148	77.65263
1371	12.92154	77.65264
1372	12.92160	77.65265
1373	12.92165	77.65265
1374	12.92172	77.65266
1375	12.92177	77.65268
1376	12.92183	77.65269
1377	12.92191	77.65269
1378	12.92196	77.65269
1379	12.92202	77.65269
1380	12.92207	77.65270
1381	12.92213	77.65271
1382	12.92220	77.65272
1383	12.92225	77.65273
1384	12.92231	77.65273
1385	12.92238	77.65275
1386	12.92244	77.65275
1387	12.92250	77.65277
1388	12.92257	77.65278
1389	12.92262	77.65279
1390	12.92268	77.65279
1391	12.92274	77.65280
1392	12.92280	77.65282
1393	12.92284	77.65275
1394	12.92285	77.65269
1395	12.92286	77.65262
1396	12.92288	77.65254
1397	12.92289	77.65247
1398	12.92290	77.65241
1399	12.92292	77.65233
1400	12.92293	77.65228
1401	12.92295	77.65222
1402	12.92296	77.65216
1403	12.92298	77.65208
1404	12.92301	77.65200
1405	12.92303	77.65193
1406	12.92304	77.65188
1407	12.92306	77.65182
1408	12.92308	77.65176
1409	12.92310	77.65170
1410	12.92312	77.65162
1411	12.92314	77.65156
1412	12.92315	77.65151
1413	12.92317	77.65144
1414	12.92318	77.65138
1415	12.92319	77.65132
1416	12.92321	77.65126
1417	12.92321	77.65121
1418	12.92322	77.65113
1419	12.92323	77.65107
1420	12.92324	77.65099
1421	12.92324	77.65093
1422	12.92326	77.65086
1423	12.92326	77.65079
1424	12.92327	77.65073
1425	12.92327	77.65066
1426	12.92328	77.65060
1427	12.92328	77.65052
1428	12.92330	77.65044
1429	12.92330	77.65036
1430	12.92330	77.65029
1431	12.92330	77.65021
1432	12.92330	77.65014
1433	12.92329	77.65008
1434	12.92328	77.65001
1435	12.92328	77.64996
1436	12.92328	77.64990
1437	12.92328	77.64985
1438	12.92327	77.64979
1439	12.92326	77.64974
1440	12.92326	77.64967
1441	12.92325	77.64961
1442	12.92325	77.64951
1443	12.92325	77.64945
1444	12.92325	77.64938
1445	12.92325	77.64931
1446	12.92325	77.64923
1447	12.92325	77.64916
1448	12.92325	77.64908
1449	12.92325	77.64900
1450	12.92325	77.64893
1451	12.92325	77.64887
1452	12.92324	77.64881
1453	12.92324	77.64875
1454	12.92324	77.64868
1455	12.92324	77.64862
1456	12.92324	77.64856
1457	12.92324	77.64849
1458	12.92323	77.64841
1459	12.92323	77.64836
1460	12.92321	77.64827
1461	12.92321	77.64821
1462	12.92319	77.64816
1463	12.92317	77.64808
1464	12.92315	77.64801
1465	12.92314	77.64794
1466	12.92314	77.64788
1467	12.92314	77.64783
1468	12.92314	77.64777
1469	12.92314	77.64770
1470	12.92313	77.64764
1471	12.92312	77.64756
1472	12.92312	77.64750
1473	12.92312	77.64744
1474	12.92312	77.64738
1475	12.92312	77.64732
1476	12.92312	77.64727
1477	12.92312	77.64720
1478	12.92312	77.64714
1479	12.92312	77.64709
1480	12.92313	77.64702
1481	12.92314	77.64697
1482	12.92314	77.64690
1483	12.92314	77.64683
1484	12.92314	77.64676
1485	12.92314	77.64669
1486	12.92314	77.64663
1487	12.92313	77.64658
1488	12.92313	77.64652
1489	12.92312	77.64647
1490	12.92311	77.64639
1491	12.92311	77.64634
1492	12.92310	77.64628
1493	12.92310	77.64622
1494	12.92309	77.64617
1495	12.92308	77.64610
1496	12.92307	77.64604
1497	12.92306	77.64597
1498	12.92305	77.64592
1499	12.92303	77.64585
1500	12.92301	77.64578
1501	12.92298	77.64572
1502	12.92296	77.64567
1503	12.92294	77.64560
1504	12.92291	77.64555
1505	12.92288	77.64549
1506	12.92285	77.64543
1507	12.92283	77.64535
1508	12.92281	77.64528
1509	12.92279	77.64522
1510	12.92277	77.64515
1511	12.92275	77.64508
1512	12.92273	77.64503
1513	12.92271	77.64497
1514	12.92267	77.64490
1515	12.92265	77.64484
1516	12.92264	77.64477
1517	12.92261	77.64469
1518	12.92258	77.64462
1519	12.92255	77.64457
1520	12.92252	77.64449
1521	12.92250	77.64442
1522	12.92247	77.64435
1523	12.92246	77.64430
1524	12.92244	77.64423
1525	12.92243	77.64416
1526	12.92241	77.64409
1527	12.92240	77.64404
1528	12.92239	77.64398
1529	12.92238	77.64393
1530	12.92237	77.64386
1531	12.92235	77.64379
1532	12.92233	77.64372
1533	12.92231	77.64365
1534	12.92229	77.64357
1535	12.92226	77.64347
1536	12.92224	77.64339
1537	12.92222	77.64334
1538	12.92220	77.64327
1539	12.92218	77.64321
1540	12.92216	77.64315
1541	12.92214	77.64310
1542	12.92213	77.64303
1543	12.92212	77.64297
1544	12.92210	77.64288
1545	12.92208	77.64281
1546	12.92207	77.64272
1547	12.92206	77.64267
1548	12.92205	77.64260
1549	12.92204	77.64254
1550	12.92202	77.64247
1551	12.92202	77.64240
1552	12.92202	77.64234
1553	12.92202	77.64228
1554	12.92202	77.64221
1555	12.92204	77.64213
1556	12.92208	77.64205
1557	12.92212	77.64199
1558	12.92216	77.64193
1559	12.92218	77.64186
1560	12.92221	77.64180
1561	12.92223	77.64173
1562	12.92225	77.64168
1563	12.92227	77.64162
1564	12.92229	77.64156
1565	12.92231	77.64151
1566	12.92232	77.64145
1567	12.92234	77.64138
1568	12.92236	77.64131
1569	12.92238	77.64125
1570	12.92240	77.64117
1571	12.92243	77.64110
1572	12.92245	77.64105
1573	12.92247	77.64099
1574	12.92250	77.64092
1575	12.92253	77.64085
1576	12.92255	77.64079
1577	12.92256	77.64073
1578	12.92258	77.64067
1579	12.92261	77.64062
1580	12.92263	77.64055
1581	12.92266	77.64048
1582	12.92274	77.64046
1583	12.92280	77.64046
1584	12.92287	77.64048
1585	12.92293	77.64048
1586	12.92301	77.64048
1587	12.92311	77.64048
1588	12.92317	77.64048
1589	12.92323	77.64048
1590	12.92328	77.64046
1591	12.92335	77.64045
1592	12.92343	77.64044
1593	12.92351	77.64044
1594	12.92358	77.64042
1595	12.92364	77.64042
1596	12.92371	77.64042
1597	12.92377	77.64042
1598	12.92383	77.64042
1599	12.92392	77.64041
1600	12.92399	77.64041
1601	12.92405	77.64041
1602	12.92412	77.64041
1603	12.92418	77.64043
1604	12.92424	77.64045
1605	12.92432	77.64049
1606	12.92438	77.64053
1607	12.92444	77.64061
1608	12.92448	77.64067
1609	12.92453	77.64074
1610	12.92455	77.64080
1611	12.92456	77.64086
1612	12.92456	77.64094
1613	12.92456	77.64101
1614	12.92456	77.64107
1615	12.92456	77.64114
1616	12.92455	77.64120
1617	12.92455	77.64127
1618	12.92455	77.64135
1619	12.92455	77.64141
1620	12.92455	77.64147
1621	12.92455	77.64153
1622	12.92455	77.64158
1623	12.92455	77.64164
1624	12.92455	77.64171
1625	12.92455	77.64178
1626	12.92455	77.64185
1627	12.92456	77.64192
1628	12.92456	77.64198
1629	12.92457	77.64206
1630	12.92457	77.64212
1631	12.92458	77.64219
1632	12.92459	77.64225
1633	12.92461	77.64232
1634	12.92464	77.64237
1635	12.92466	77.64243
1636	12.92471	77.64250
1637	12.92479	77.64256
1638	12.92486	77.64258
1639	12.92492	77.64259
1640	12.92497	77.64262
1641	12.92505	77.64264
1642	12.92511	77.64265
1643	12.92516	77.64265
1644	12.92523	77.64266
1645	12.92529	77.64268
1646	12.92535	77.64268
1647	12.92542	77.64269
1648	12.92549	77.64270
1649	12.92557	77.64271
1650	12.92563	77.64272
1651	12.92569	77.64272
1652	12.92575	77.64273
1653	12.92581	77.64274
1654	12.92587	77.64276
1655	12.92593	77.64277
1656	12.92598	77.64278
1657	12.92605	77.64280
1658	12.92612	77.64281
1659	12.92618	77.64283
1660	12.92626	77.64285
1661	12.92632	77.64286
1662	12.92639	77.64288
1663	12.92646	77.64291
1664	12.92653	77.64293
1665	12.92658	77.64295
1666	12.92664	77.64298
1667	12.92670	77.64301
1668	12.92677	77.64303
1669	12.92684	77.64307
1670	12.92690	77.64308
1671	12.92696	77.64310
1672	12.92702	77.64311
1673	12.92707	77.64313
1674	12.92714	77.64313
1675	12.92721	77.64315
1676	12.92727	77.64317
1677	12.92734	77.64318
1678	12.92739	77.64320
1679	12.92749	77.64322
1680	12.92758	77.64325
1681	12.92764	77.64327
1682	12.92772	77.64327
1683	12.92772	77.64321
1684	12.92771	77.64315
1685	12.92770	77.64309
1686	12.92769	77.64303
1687	12.92767	77.64298
1688	12.92765	77.64290
1689	12.92764	77.64283
1690	12.92764	77.64276
1691	12.92764	77.64269
1692	12.92765	77.64262
1693	12.92766	77.64255
1694	12.92767	77.64249
1695	12.92768	77.64242
1696	12.92769	77.64235
1697	12.92769	77.64229
1698	12.92769	77.64223
1699	12.92769	77.64214
1700	12.92770	77.64208
1701	12.92772	77.64202
1702	12.92774	77.64195
1703	12.92776	77.64188
1704	12.92777	77.64181
1705	12.92779	77.64174
1706	12.92781	77.64168
1707	12.92783	77.64161
1708	12.92785	77.64154
1709	12.92786	77.64147
1710	12.92789	77.64141
1711	12.92792	77.64136
1712	12.92796	77.64129
1713	12.92799	77.64123
1714	12.92801	77.64117
1715	12.92804	77.64111
1716	12.92807	77.64105
1717	12.92809	77.64100
1718	12.92814	77.64093
1719	12.92817	77.64087
1720	12.92821	77.64082
1721	12.92826	77.64077
1722	12.92830	77.64069
1723	12.92835	77.64064
1724	12.92839	77.64056
1725	12.92843	77.64049
1726	12.92845	77.64042
1727	12.92848	77.64036
1728	12.92850	77.64030
1729	12.92853	77.64025
1730	12.92857	77.64017
1731	12.92860	77.64011
1732	12.92864	77.64005
1733	12.92867	77.63998
1734	12.92872	77.63990
1735	12.92876	77.63982
1736	12.92881	77.63974
1737	12.92884	77.63968
1738	12.92886	77.63960
1739	12.92886	77.63953
1740	12.92886	77.63946
1741	12.92886	77.63938
1742	12.92886	77.63932
1743	12.92885	77.63925
1744	12.92882	77.63918
1745	12.92879	77.63912
1746	12.92876	77.63905
1747	12.92871	77.63898
1748	12.92864	77.63892
1749	12.92858	77.63887
1750	12.92850	77.63881
1751	12.92844	77.63875
1752	12.92838	77.63871
1753	12.92830	77.63865
1754	12.92824	77.63861
1755	12.92817	77.63856
1756	12.92810	77.63852
1757	12.92805	77.63848
1758	12.92799	77.63844
1759	12.92794	77.63841
1760	12.92786	77.63837
1761	12.92779	77.63832
1762	12.92774	77.63830
1763	12.92768	77.63828
1764	12.92763	77.63825
1765	12.92758	77.63822
1766	12.92750	77.63818
1767	12.92743	77.63815
1768	12.92736	77.63811
1769	12.92728	77.63808
1770	12.92722	77.63803
1771	12.92718	77.63796
1772	12.92715	77.63788
1773	12.92716	77.63782
1774	12.92716	77.63776
1775	12.92716	77.63769
1776	12.92716	77.63763
1777	12.92717	77.63757
1778	12.92720	77.63751
1779	12.92723	77.63745
1780	12.92726	77.63739
1781	12.92729	77.63731
1782	12.92732	77.63725
1783	12.92734	77.63720
1784	12.92736	77.63713
1785	12.92738	77.63706
1786	12.92742	77.63700
1787	12.92747	77.63694
1788	12.92753	77.63686
1789	12.92758	77.63679
1790	12.92764	77.63673
1791	12.92772	77.63667
1792	12.92779	77.63661
1793	12.92785	77.63657
1794	12.92790	77.63653
1795	12.92796	77.63649
1796	12.92802	77.63644
1797	12.92809	77.63638
1798	12.92814	77.63634
1799	12.92820	77.63626
1800	12.92825	77.63621
1801	12.92832	77.63614
1802	12.92838	77.63607
1803	12.92842	77.63602
1804	12.92847	77.63596
1805	12.92854	77.63589
1806	12.92858	77.63583
1807	12.92864	77.63577
1808	12.92869	77.63570
1809	12.92875	77.63562
1810	12.92879	77.63557
1811	12.92885	77.63550
1812	12.92889	77.63543
1813	12.92894	77.63537
1814	12.92902	77.63530
1815	12.92906	77.63524
1816	12.92913	77.63517
1817	12.92918	77.63514
1818	12.92922	77.63508
1819	12.92926	77.63503
1820	12.92933	77.63506
1821	12.92941	77.63510
1822	12.92948	77.63510
1823	12.92953	77.63511
1824	12.92959	77.63511
1825	12.92965	77.63512
1826	12.92970	77.63510
1827	12.92976	77.63501
1828	12.92982	77.63495
1829	12.92990	77.63488
1830	12.92997	77.63482
1831	12.93005	77.63477
1832	12.93010	77.63469
1833	12.93015	77.63462
1834	12.93024	77.63454
1835	12.93032	77.63448
1836	12.93042	77.63446
1837	12.93048	77.63449
1838	12.93053	77.63451
1839	12.93058	77.63453
1840	12.93065	77.63455
1841	12.93070	77.63456
1842	12.93076	77.63456
1843	12.93087	77.63459
1844	12.93093	77.63461
1845	12.93098	77.63462
1846	12.93104	77.63463
1847	12.93109	77.63464
1848	12.93118	77.63466
1849	12.93124	77.63468
1850	12.93130	77.63470
1851	12.93135	77.63472
1852	12.93140	77.63473
1853	12.93146	77.63475
1854	12.93151	77.63477
1855	12.93156	77.63478
1856	12.93161	77.63480
1857	12.93167	77.63481
1858	12.93172	77.63483
1859	12.93178	77.63485
1860	12.93189	77.63490
1861	12.93198	77.63493
1862	12.93205	77.63496
1863	12.93210	77.63498
1864	12.93215	77.63500
1865	12.93222	77.63506
1866	12.93229	77.63508
1867	12.93235	77.63509
1868	12.93245	77.63512
1869	12.93250	77.63514
1870	12.93255	77.63515
1871	12.93260	77.63519
1872	12.93266	77.63522
1873	12.93271	77.63523
1874	12.93276	77.63525
1875	12.93285	77.63530
1876	12.93293	77.63536
1877	12.93301	77.63543
1878	12.93309	77.63550
1879	12.93316	77.63556
1880	12.93321	77.63564
1881	12.93325	77.63569
1882	12.93327	77.63574
1883	12.93330	77.63580
1884	12.93331	77.63585
1885	12.93334	77.63591
1886	12.93335	77.63597
1887	12.93338	77.63608
1888	12.93340	77.63613
1889	12.93345	77.63622
1890	12.93348	77.63631
1891	12.93355	77.63631
1892	12.93361	77.63631
1893	12.93367	77.63630
1894	12.93372	77.63629
1895	12.93378	77.63628
1896	12.93386	77.63627
1897	12.93392	77.63627
1898	12.93398	77.63626
1899	12.93409	77.63623
1900	12.93414	77.63622
1901	12.93420	77.63622
1902	12.93431	77.63620
1903	12.93437	77.63612
1904	12.93443	77.63603
1905	12.93451	77.63597
1906	12.93457	77.63590
1907	12.93465	77.63583
1908	12.93472	77.63576
1909	12.93479	77.63570
1910	12.93485	77.63567
1911	12.93492	77.63560
1912	12.93500	77.63554
1913	12.93508	77.63547
1914	12.93515	77.63541
1915	12.93521	77.63535
1916	12.93528	77.63526
1917	12.93535	77.63519
1918	12.93542	77.63511
1919	12.93549	77.63503
1920	12.93556	77.63497
1921	12.93563	77.63490
1922	12.93571	77.63482
1923	12.93579	77.63475
1924	12.93584	77.63467
1925	12.93591	77.63458
1926	12.93599	77.63451
1927	12.93608	77.63446
1928	12.93616	77.63438
1929	12.93623	77.63432
1930	12.93629	77.63429
1931	12.93637	77.63424
1932	12.93647	77.63419
1933	12.93656	77.63413
1934	12.93661	77.63411
1935	12.93667	77.63409
1936	12.93676	77.63404
1937	12.93681	77.63402
1938	12.93687	77.63398
1939	12.93695	77.63394
1940	12.93703	77.63390
1941	12.93711	77.63385
1942	12.93717	77.63385
1943	12.93726	77.63381
1944	12.93735	77.63376
1945	12.93740	77.63373
1946	12.93747	77.63372
1947	12.93752	77.63368
1948	12.93761	77.63365
1949	12.93771	77.63360
1950	12.93776	77.63356
1951	12.93785	77.63351
1952	12.93791	77.63348
1953	12.93799	77.63344
1954	12.93808	77.63339
1955	12.93816	77.63333
1956	12.93824	77.63329
1957	12.93834	77.63323
1958	12.93839	77.63321
1959	12.93849	77.63318
1960	12.93858	77.63314
1961	12.93867	77.63308
1962	12.93875	77.63302
1963	12.93880	77.63300
1964	12.93885	77.63297
1965	12.93895	77.63292
1966	12.93900	77.63291
1967	12.93908	77.63290
1968	12.93914	77.63290
1969	12.93923	77.63288
1970	12.93929	77.63288
1971	12.93938	77.63286
1972	12.93943	77.63284
1973	12.93949	77.63281
1974	12.93954	77.63279
1975	12.93962	77.63274
1976	12.93972	77.63268
1977	12.93980	77.63263
1978	12.93989	77.63259
1979	12.93995	77.63256
1980	12.94003	77.63251
1981	12.94012	77.63246
1982	12.94017	77.63244
1983	12.94025	77.63240
1984	12.94031	77.63236
1985	12.94037	77.63235
1986	12.94043	77.63234
1987	12.94053	77.63230
1988	12.94061	77.63226
1989	12.94066	77.63223
1990	12.94072	77.63220
1991	12.94077	77.63218
1992	12.94088	77.63214
1993	12.94096	77.63212
1994	12.94101	77.63211
1995	12.94106	77.63209
1996	12.94112	77.63208
1997	12.94117	77.63207
1998	12.94122	77.63205
1999	12.94129	77.63203
2000	12.94137	77.63198
2001	12.94145	77.63192
2002	12.94156	77.63186
2003	12.94165	77.63182
2004	12.94171	77.63178
2005	12.94180	77.63174
2006	12.94185	77.63172
2007	12.94195	77.63168
2008	12.94204	77.63163
2009	12.94210	77.63162
2010	12.94216	77.63158
2011	12.94221	77.63156
2012	12.94226	77.63153
2013	12.94232	77.63149
2014	12.94240	77.63146
2015	12.94246	77.63143
2016	12.94256	77.63138
2017	12.94265	77.63132
2018	12.94272	77.63129
2019	12.94281	77.63124
2020	12.94291	77.63119
2021	12.94296	77.63117
2022	12.94305	77.63112
2023	12.94315	77.63108
2024	12.94320	77.63103
2025	12.94325	77.63101
2026	12.94334	77.63096
2027	12.94343	77.63091
2028	12.94349	77.63089
2029	12.94357	77.63085
2030	12.94365	77.63081
2031	12.94371	77.63078
2032	12.94380	77.63074
2033	12.94385	77.63071
2034	12.94396	77.63067
2035	12.94402	77.63064
2036	12.94410	77.63060
2037	12.94416	77.63057
2038	12.94421	77.63055
2039	12.94431	77.63050
2040	12.94439	77.63045
2041	12.94449	77.63041
2042	12.94457	77.63034
2043	12.94462	77.63030
2044	12.94467	77.63027
2045	12.94478	77.63023
2046	12.94483	77.63020
2047	12.94488	77.63017
2048	12.94498	77.63013
2049	12.94503	77.63011
2050	12.94512	77.63007
2051	12.94520	77.63001
2052	12.94525	77.63000
2053	12.94535	77.62996
2054	12.94543	77.62991
2055	12.94548	77.62990
2056	12.94557	77.62982
2057	12.94566	77.62977
2058	12.94572	77.62974
2059	12.94580	77.62970
2060	12.94590	77.62965
2061	12.94598	77.62959
2062	12.94606	77.62955
2063	12.94615	77.62950
2064	12.94621	77.62948
2065	12.94630	77.62942
2066	12.94639	77.62938
2067	12.94646	77.62932
2068	12.94652	77.62929
2069	12.94660	77.62925
2070	12.94670	77.62921
2071	12.94678	77.62917
2072	12.94685	77.62911
2073	12.94692	77.62906
2074	12.94699	77.62900
2075	12.94704	77.62895
2076	12.94711	77.62891
2077	12.94716	77.62888
2078	12.94722	77.62885
2079	12.94729	77.62882
2080	12.94735	77.62878
2081	12.94742	77.62875
2082	12.94747	77.62873
2083	12.94752	77.62871
2084	12.94759	77.62867
2085	12.94765	77.62864
2086	12.94771	77.62862
2087	12.94777	77.62858
2088	12.94784	77.62854
2089	12.94790	77.62851
2090	12.94795	77.62849
2091	12.94802	77.62845
2092	12.94811	77.62840
2093	12.94818	77.62836
2094	12.94825	77.62832
2095	12.94833	77.62828
2096	12.94840	77.62823
2097	12.94845	77.62821
2098	12.94851	77.62817
2099	12.94856	77.62814
2100	12.94864	77.62810
2101	12.94870	77.62808
2102	12.94877	77.62803
2103	12.94884	77.62800
2104	12.94890	77.62797
2105	12.94896	77.62793
2106	12.94904	77.62791
2107	12.94909	77.62787
2108	12.94914	77.62785
2109	12.94922	77.62781
2110	12.94927	77.62779
2111	12.94933	77.62777
2112	12.94940	77.62775
2113	12.94945	77.62772
2114	12.94953	77.62768
2115	12.94960	77.62764
2116	12.94965	77.62761
2117	12.94971	77.62759
2118	12.94978	77.62755
2119	12.94984	77.62752
2120	12.94992	77.62747
2121	12.94997	77.62745
2122	12.95004	77.62743
2123	12.95009	77.62740
2124	12.95015	77.62738
2125	12.95021	77.62733
2126	12.95026	77.62729
2127	12.95033	77.62725
2128	12.95041	77.62723
2129	12.95046	77.62722
2130	12.95052	77.62720
2131	12.95059	77.62717
2132	12.95065	77.62714
2133	12.95072	77.62710
2134	12.95078	77.62707
2135	12.95085	77.62703
2136	12.95092	77.62700
2137	12.95098	77.62696
2138	12.95104	77.62691
2139	12.95110	77.62686
2140	12.95116	77.62681
2141	12.95121	77.62675
2142	12.95126	77.62669
2143	12.95132	77.62664
2144	12.95137	77.62660
2145	12.95144	77.62656
2146	12.95151	77.62652
2147	12.95157	77.62647
2148	12.95164	77.62642
2149	12.95169	77.62638
2150	12.95176	77.62635
2151	12.95182	77.62631
2152	12.95188	77.62628
2153	12.95195	77.62623
2154	12.95200	77.62620
2155	12.95207	77.62615
2156	12.95213	77.62611
2157	12.95218	77.62607
2158	12.95224	77.62601
2159	12.95229	77.62595
2160	12.95235	77.62588
2161	12.95242	77.62583
2162	12.95247	77.62578
2163	12.95253	77.62573
2164	12.95259	77.62570
2165	12.95266	77.62565
2166	12.95272	77.62560
2167	12.95277	77.62555
2168	12.95282	77.62549
2169	12.95286	77.62541
2170	12.95291	77.62534
2171	12.95297	77.62526
2172	12.95299	77.62521
2173	12.95303	77.62514
2174	12.95307	77.62506
2175	12.95310	77.62501
2176	12.95314	77.62494
2177	12.95318	77.62488
2178	12.95321	77.62481
2179	12.95325	77.62475
2180	12.95330	77.62469
2181	12.95335	77.62462
2182	12.95339	77.62457
2183	12.95344	77.62450
2184	12.95349	77.62444
2185	12.95355	77.62437
2186	12.95359	77.62430
2187	12.95364	77.62425
2188	12.95368	77.62417
2189	12.95372	77.62410
2190	12.95375	77.62404
2191	12.95379	77.62397
2192	12.95382	77.62390
2193	12.95387	77.62382
2194	12.95390	77.62377
2195	12.95392	77.62370
2196	12.95395	77.62363
2197	12.95397	77.62358
2198	12.95398	77.62352
2199	12.95401	77.62347
2200	12.95404	77.62342
2201	12.95407	77.62334
2202	12.95410	77.62327
2203	12.95415	77.62320
2204	12.95419	77.62314
2205	12.95423	77.62307
2206	12.95426	77.62300
2207	12.95429	77.62294
2208	12.95432	77.62288
2209	12.95434	77.62283
2210	12.95435	77.62277
2211	12.95438	77.62271
2212	12.95440	77.62265
2213	12.95442	77.62257
2214	12.95445	77.62252
2215	12.95447	77.62246
2216	12.95449	77.62240
2217	12.95450	77.62234
2218	12.95453	77.62227
2219	12.95454	77.62221
2220	12.95455	77.62216
2221	12.95457	77.62210
2222	12.95464	77.62210
2223	12.95471	77.62210
2224	12.95478	77.62210
2225	12.95485	77.62211
2226	12.95491	77.62212
2227	12.95496	77.62213
2228	12.95502	77.62215
2229	12.95507	77.62216
2230	12.95513	77.62217
2231	12.95518	77.62211
2232	12.95518	77.62204
2233	12.95518	77.62197
2234	12.95518	77.62191
2235	12.95518	77.62184
2236	12.95518	77.62176
2237	12.95518	77.62168
2238	12.95518	77.62162
2239	12.95518	77.62155
2240	12.95518	77.62147
2241	12.95518	77.62139
2242	12.95518	77.62133
2243	12.95518	77.62127
2244	12.95518	77.62119
2245	12.95518	77.62111
2246	12.95518	77.62103
2247	12.95518	77.62097
2248	12.95520	77.62092
2249	12.95521	77.62086
2250	12.95523	77.62080
2251	12.95525	77.62072
2252	12.95526	77.62067
2253	12.95528	77.62062
2254	12.95529	77.62056
2255	12.95530	77.62050
2256	12.95532	77.62045
2257	12.95534	77.62037
2258	12.95535	77.62031
2259	12.95536	77.62026
2260	12.95537	77.62020
2261	12.95539	77.62014
2262	12.95545	77.62014
2263	12.95551	77.62015
2264	12.95557	77.62015
2265	12.95563	77.62015
2266	12.95569	77.62014
2267	12.95575	77.62014
2268	12.95581	77.62014
2269	12.95586	77.62014
2270	12.95593	77.62014
2271	12.95596	77.62008
2272	12.95594	77.62002
2273	12.95593	77.61995
2274	12.95592	77.61989
2275	12.95591	77.61983
2276	12.95591	77.61976
2277	12.95590	77.61970
2278	12.95594	77.61964
2279	12.95592	77.61958
2280	12.95591	77.61951
2281	12.95590	77.61945
2282	12.95589	77.61938
2283	12.95589	77.61933
2284	12.95589	77.61926
2285	12.95589	77.61921
2286	12.95589	77.61914
2287	12.95587	77.61908
2288	12.95585	77.61901
2289	12.95584	77.61896
2290	12.95582	77.61889
2291	12.95581	77.61883
2292	12.95576	77.61881
2293	12.95569	77.61883
2294	12.95564	77.61885
2295	12.95558	77.61888
2296	12.95553	77.61890
2297	12.95554	77.61881
2298	12.95555	77.61874
2299	12.95556	77.61867
2300	12.95556	77.61861
2301	12.95556	77.61855
2302	12.95557	77.61849
2303	12.95558	77.61842
2304	12.95559	77.61835
2305	12.95561	77.61828
2306	12.95564	77.61821
2307	12.95564	77.61815
2308	12.95564	77.61808
2309	12.95564	77.61802
2310	12.95564	77.61795
2311	12.95564	77.61789
2312	12.95568	77.61784
2313	12.95575	77.61780
2314	12.95580	77.61778
2315	12.95586	77.61777
2316	12.95591	77.61775
2317	12.95596	77.61774
2318	12.95602	77.61773
2319	12.95608	77.61772
2320	12.95615	77.61771
2321	12.95621	77.61771
2322	12.95628	77.61771
2323	12.95635	77.61771
2324	12.95640	77.61772
2325	12.95646	77.61773
2326	12.95651	77.61773
2327	12.95657	77.61772
2328	12.95657	77.61764
2329	12.95658	77.61756
2330	12.95659	77.61749
2331	12.95659	77.61743
2332	12.95660	77.61737
2333	12.95661	77.61730
2334	12.95662	77.61725
2335	12.95663	77.61719
2336	12.95664	77.61713
2337	12.95665	77.61706
2338	12.95666	77.61701
2339	12.95666	77.61695
2340	12.95666	77.61688
2341	12.95666	77.61682
2342	12.95666	77.61675
2343	12.95667	77.61668
2344	12.95668	77.61662
2345	12.95669	77.61654
2346	12.95669	77.61648
2347	12.95669	77.61642
2348	12.95670	77.61635
2349	12.95671	77.61629
2350	12.95672	77.61622
2351	12.95674	77.61615
2352	12.95675	77.61609
2353	12.95675	77.61603
2354	12.95676	77.61598
2355	12.95676	77.61591
2356	12.95677	77.61583
2357	12.95678	77.61576
2358	12.95680	77.61570
2359	12.95680	77.61564
2360	12.95680	77.61558
2361	12.95680	77.61551
2362	12.95680	77.61544
2363	12.95679	77.61537
2364	12.95679	77.61531
2365	12.95678	77.61523
2366	12.95678	77.61518
2367	12.95678	77.61512
2368	12.95679	77.61505
2369	12.95680	77.61497
2370	12.95681	77.61490
2371	12.95682	77.61483
2372	12.95683	77.61476
2373	12.95684	77.61469
2374	12.95685	77.61463
2375	12.95686	77.61456
2376	12.95686	77.61449
2377	12.95687	77.61443
2378	12.95688	77.61436
2379	12.95688	77.61429
2380	12.95689	77.61424
2381	12.95690	77.61417
2382	12.95691	77.61410
2383	12.95693	77.61404
2384	12.95693	77.61398
2385	12.95694	77.61392
2386	12.95694	77.61384
2387	12.95695	77.61378
2388	12.95695	77.61372
2389	12.95696	77.61366
2390	12.95697	77.61358
2391	12.95698	77.61352
2392	12.95699	77.61346
2393	12.95699	77.61338
2394	12.95699	77.61331
2395	12.95700	77.61326
2396	12.95706	77.61322
2397	12.95712	77.61323
2398	12.95718	77.61323
2399	12.95724	77.61323
2400	12.95730	77.61323
2401	12.95737	77.61323
2402	12.95744	77.61324
2403	12.95751	77.61325
2404	12.95756	77.61326
2405	12.95762	77.61326
2406	12.95769	77.61327
2407	12.95775	77.61327
2408	12.95781	77.61327
2409	12.95787	77.61327
2410	12.95794	77.61328
2411	12.95801	77.61329
2412	12.95808	77.61330
2413	12.95815	77.61331
2414	12.95820	77.61332
2415	12.95827	77.61333
2416	12.95834	77.61334
2417	12.95839	77.61335
2418	12.95848	77.61335
2419	12.95855	77.61337
2420	12.95861	77.61337
2421	12.95867	77.61338
2422	12.95875	77.61339
2423	12.95880	77.61340
2424	12.95879	77.61346
2425	12.95878	77.61352
2426	12.95878	77.61359
2427	12.95878	77.61366
2428	12.95878	77.61371
2429	12.95878	77.61379
2430	12.95878	77.61387
2431	12.95878	77.61394
2432	12.95879	77.61400
2433	12.95880	77.61407
2434	12.95881	77.61412
2435	12.95883	77.61417
2436	12.95885	77.61423
2437	12.95888	77.61430
2438	12.95891	77.61436
2439	12.95897	77.61442
2440	12.95901	77.61448
2441	12.95906	77.61454
2442	12.95910	77.61460
2443	12.95912	77.61466
2444	12.95912	77.61472
2445	12.95918	77.61477
2446	12.95923	77.61477
2447	12.95930	77.61478
2448	12.95935	77.61479
2449	12.95941	77.61479
2450	12.95947	77.61479
2451	12.95953	77.61481
2452	12.95960	77.61482
2453	12.95966	77.61483
2454	12.95971	77.61483
2455	12.95978	77.61483
2456	12.95985	77.61483
2457	12.95991	77.61483
2458	12.95997	77.61483
2459	12.96004	77.61483
2460	12.96010	77.61484
2461	12.96013	77.61492
2462	12.96013	77.61498
2463	12.96012	77.61505
2464	12.96012	77.61512
2465	12.96012	77.61518
2466	12.96012	77.61525
2467	12.96012	77.61531
2468	12.96013	77.61537
2469	12.96014	77.61544
2470	12.96014	77.61550
2471	12.96014	77.61557
2472	12.96013	77.61564
2473	12.96012	77.61572
2474	12.96011	77.61578
2475	12.96011	77.61586
2476	12.96011	77.61594
2477	12.96011	77.61601
2478	12.96011	77.61608
2479	12.96011	77.61616
2480	12.96011	77.61624
2481	12.96011	77.61632
2482	12.96011	77.61640
2483	12.96011	77.61647
2484	12.96011	77.61656
2485	12.96012	77.61662
2486	12.96011	77.61670
2487	12.96011	77.61677
2488	12.96010	77.61683
2489	12.96010	77.61691
2490	12.96010	77.61699
2491	12.96010	77.61706
2492	12.96011	77.61713
2493	12.96012	77.61719
2494	12.96015	77.61728
2495	12.96016	77.61735
2496	12.96019	77.61741
2497	12.96022	77.61748
2498	12.96024	77.61755
2499	12.96027	77.61762
2500	12.96031	77.61770
2501	12.96033	77.61777
2502	12.96035	77.61783
2503	12.96037	77.61789
2504	12.96039	77.61795
2505	12.96041	77.61801
2506	12.96044	77.61809
2507	12.96046	77.61814
2508	12.96049	77.61822
2509	12.96051	77.61828
2510	12.96053	77.61833
2511	12.96055	77.61841
2512	12.96057	77.61846
2513	12.96060	77.61852
2514	12.96061	77.61857
2515	12.96063	77.61865
2516	12.96065	77.61871
2517	12.96066	77.61876
2518	12.96068	77.61882
2519	12.96070	77.61889
2520	12.96072	77.61895
2521	12.96073	77.61901
2522	12.96076	77.61908
2523	12.96077	77.61914
2524	12.96080	77.61919
2525	12.96082	77.61924
2526	12.96083	77.61930
2527	12.96086	77.61936
2528	12.96087	77.61943
2529	12.96089	77.61950
2530	12.96090	77.61955
2531	12.96092	77.61962
2532	12.96095	77.61969
2533	12.96097	77.61975
2534	12.96098	77.61981
2535	12.96099	77.61986
2536	12.96101	77.61994
2537	12.96107	77.61996
2538	12.96114	77.61993
2539	12.96122	77.61989
2540	12.96128	77.61986
2541	12.96133	77.61984
2542	12.96140	77.61981
2543	12.96146	77.61978
2544	12.96153	77.61975
2545	12.96160	77.61972
2546	12.96167	77.61968
2547	12.96172	77.61966
2548	12.96179	77.61962
2549	12.96187	77.61958
2550	12.96192	77.61955
2551	12.96199	77.61952
2552	12.96206	77.61948
2553	12.96213	77.61944
2554	12.96218	77.61941
2555	12.96225	77.61938
2556	12.96230	77.61935
2557	12.96238	77.61932
2558	12.96245	77.61927
2559	12.96250	77.61925
2560	12.96257	77.61923
2561	12.96264	77.61921
2562	12.96270	77.61918
2563	12.96276	77.61917
2564	12.96282	77.61915
2565	12.96290	77.61912
2566	12.96297	77.61910
2567	12.96303	77.61908
2568	12.96309	77.61906
2569	12.96315	77.61904
2570	12.96321	77.61904
2571	12.96328	77.61903
2572	12.96333	77.61902
2573	12.96338	77.61900
2574	12.96343	77.61899
2575	12.96349	77.61896
2576	12.96355	77.61895
2577	12.96361	77.61893
2578	12.96366	77.61892
2579	12.96372	77.61890
2580	12.96378	77.61888
2581	12.96384	77.61886
2582	12.96390	77.61884
2583	12.96397	77.61881
2584	12.96399	77.61889
2585	12.96398	77.61895
2586	12.96397	77.61901
2587	12.96397	77.61906
2588	12.96396	77.61912
2589	12.96396	77.61919
2590	12.96396	77.61926
2591	12.96397	77.61932
2592	12.96397	77.61939
2593	12.96397	77.61945
2594	12.96397	77.61952
2595	12.96398	77.61959
2596	12.96399	77.61967
2597	12.96399	77.61974
2598	12.96400	77.61980
2599	12.96400	77.61986
2600	12.96400	77.61992
2601	12.96400	77.61998
2602	12.96401	77.62005
2603	12.96403	77.62013
2604	12.96405	77.62018
2605	12.96407	77.62024
2606	12.96409	77.62029
2607	12.96410	77.62035
2608	12.96411	77.62041
2609	12.96413	77.62047
2610	12.96414	77.62052
2611	12.96416	77.62058
2612	12.96418	77.62064
2613	12.96421	77.62071
2614	12.96427	77.62078
2615	12.96434	77.62085
2616	12.96441	77.62091
2617	12.96449	77.62096
2618	12.96454	77.62099
2619	12.96461	77.62103
2620	12.96468	77.62109
2621	12.96474	77.62112
2622	12.96480	77.62116
2623	12.96486	77.62120
2624	12.96492	77.62122
2625	12.96500	77.62128
2626	12.96506	77.62133
2627	12.96513	77.62138
2628	12.96520	77.62144
2629	12.96526	77.62149
2630	12.96531	77.62151
2631	12.96537	77.62152
2632	12.96543	77.62152
2633	12.96549	77.62152
2634	12.96554	77.62152
2635	12.96560	77.62151
2636	12.96566	77.62150
2637	12.96574	77.62149
2638	12.96581	77.62147
2639	12.96586	77.62146
2640	12.96594	77.62142
2641	12.96601	77.62138
2642	12.96607	77.62136
2643	12.96613	77.62133
2644	12.96618	77.62132
2645	12.96623	77.62130
2646	12.96631	77.62127
2647	12.96639	77.62125
2648	12.96646	77.62122
2649	12.96652	77.62121
2650	12.96658	77.62120
2651	12.96664	77.62117
2652	12.96670	77.62115
2653	12.96677	77.62113
2654	12.96683	77.62111
2655	12.96690	77.62109
2656	12.96696	77.62108
2657	12.96702	77.62107
2658	12.96709	77.62106
2659	12.96715	77.62106
2660	12.96722	77.62106
2661	12.96728	77.62105
2662	12.96734	77.62103
2663	12.96741	77.62102
2664	12.96747	77.62100
2665	12.96754	77.62099
2666	12.96760	77.62099
2667	12.96766	77.62096
2668	12.96772	77.62095
2669	12.96778	77.62094
2670	12.96784	77.62093
2671	12.96792	77.62091
2672	12.96797	77.62091
2673	12.96802	77.62090
2674	12.96811	77.62089
2675	12.96818	77.62088
2676	12.96825	77.62088
2677	12.96831	77.62087
2678	12.96837	77.62086
2679	12.96843	77.62086
2680	12.96849	77.62086
2681	12.96855	77.62085
2682	12.96861	77.62084
2683	12.96868	77.62083
2684	12.96874	77.62082
2685	12.96881	77.62081
2686	12.96886	77.62081
2687	12.96892	77.62080
2688	12.96900	77.62079
2689	12.96906	77.62079
2690	12.96912	77.62078
2691	12.96918	77.62076
2692	12.96924	77.62075
2693	12.96930	77.62074
2694	12.96936	77.62073
2695	12.96942	77.62072
2696	12.96949	77.62071
2697	12.96955	77.62071
2698	12.96962	77.62070
2699	12.96968	77.62070
2700	12.96973	77.62068
2701	12.96979	77.62066
2702	12.96986	77.62065
2703	12.96994	77.62065
2704	12.97001	77.62065
2705	12.97007	77.62065
2706	12.97015	77.62065
2707	12.97022	77.62065
2708	12.97029	77.62064
2709	12.97037	77.62064
2710	12.97042	77.62063
2711	12.97048	77.62063
2712	12.97054	77.62063
2713	12.97060	77.62063
2714	12.97066	77.62064
2715	12.97076	77.62064
2716	12.97082	77.62063
2717	12.97087	77.62063
2718	12.97093	77.62062
2719	12.97099	77.62061
2720	12.97107	77.62061
2721	12.97113	77.62061
2722	12.97119	77.62061
2723	12.97124	77.62060
2724	12.97125	77.62066
2725	12.97125	77.62073
2726	12.97125	77.62078
2727	12.97124	77.62084
2728	12.97123	77.62091
2729	12.97123	77.62096
2730	12.97124	77.62102
2731	12.97126	77.62108
2732	12.97127	77.62114
2733	12.97128	77.62120
2734	12.97129	77.62125
2735	12.97129	77.62131
2736	12.97129	77.62137
2737	12.97130	77.62143
2738	12.97132	77.62149
2739	12.97133	77.62155
2740	12.97133	77.62162
2741	12.97133	77.62168
2742	12.97134	77.62176
2743	12.97135	77.62183
2744	12.97136	77.62188
2745	12.97137	77.62195
2746	12.97138	77.62202
2747	12.97140	77.62208
2748	12.97140	77.62213
2749	12.97142	77.62219
2750	12.97143	77.62227
2751	12.97144	77.62233
2752	12.97146	77.62241
2753	12.97148	77.62248
2754	12.97150	77.62254
2755	12.97153	77.62262
2756	12.97156	77.62269
2757	12.97158	77.62275
2758	12.97160	77.62281
2759	12.97163	77.62286
2760	12.97164	77.62292
2761	12.97166	77.62298
2762	12.97170	77.62305
2763	12.97173	77.62313
2764	12.97174	77.62319
2765	12.97174	77.62324
2766	12.97176	77.62330
2767	12.97177	77.62335
2768	12.97179	77.62341
2769	12.97182	77.62348
2770	12.97185	77.62353
2771	12.97187	77.62359
2772	12.97189	77.62365
2773	12.97193	77.62372
2774	12.97198	77.62380
2775	12.97203	77.62387
2776	12.97207	77.62393
2777	12.97213	77.62400
2778	12.97218	77.62407
2779	12.97223	77.62414
2780	12.97228	77.62421
2781	12.97231	77.62428
2782	12.97235	77.62433
2783	12.97238	77.62439
2784	12.97241	77.62446
2785	12.97245	77.62453
2786	12.97248	77.62460
2787	12.97251	77.62466
2788	12.97255	77.62472
2789	12.97259	77.62478
2790	12.97263	77.62485
2791	12.97267	77.62491
2792	12.97271	77.62499
2793	12.97275	77.62505
2794	12.97280	77.62511
2795	12.97283	77.62517
2796	12.97286	77.62522
2797	12.97290	77.62529
2798	12.97295	77.62536
2799	12.97299	77.62542
2800	12.97304	77.62548
2801	12.97308	77.62555
2802	12.97313	77.62561
2803	12.97317	77.62568
2804	12.97321	77.62575
2805	12.97324	77.62580
2806	12.97327	77.62586
2807	12.97329	77.62591
2808	12.97333	77.62599
2809	12.97336	77.62605
2810	12.97341	77.62611
2811	12.97345	77.62618
2812	12.97349	77.62623
2813	12.97355	77.62630
2814	12.97359	77.62637
