Rank	Latitude	Longitude
1	12.94812	77.60853
2	12.94811	77.60859
3	12.94810	77.60866
4	12.94809	77.60875
5	12.94807	77.60881
6	12.94807	77.60887
7	12.94806	77.60895
8	12.94805	77.60903
9	12.94804	77.60908
10	12.94802	77.60914
11	12.94800	77.60921
12	12.94799	77.60927
13	12.94797	77.60933
14	12.94797	77.60939
15	12.94796	77.60945
16	12.94796	77.60951
17	12.94796	77.60957
18	12.94796	77.60963
19	12.94795	77.60971
20	12.94794	77.60977
21	12.94793	77.60984
22	12.94792	77.60990
23	12.94791	77.60996
24	12.94790	77.61004
25	12.94790	77.61010
26	12.94789	77.61016
27	12.94789	77.61021
28	12.94787	77.61028
29	12.94786	77.61034
30	12.94786	77.61041
31	12.94786	77.61048
32	12.94784	77.61053
33	12.94782	77.61059
34	12.94781	77.61065
35	12.94780	77.61071
36	12.94779	77.61077
37	12.94777	77.61082
38	12.94777	77.61089
39	12.94776	77.61095
40	12.94775	77.61102
41	12.94774	77.61109
42	12.94773	77.61117
43	12.94773	77.61122
44	12.94772	77.61130
45	12.94770	77.61137
46	12.94770	77.61143
47	12.94769	77.61149
48	12.94768	77.61156
49	12.94767	77.61163
50	12.94766	77.61169
51	12.94765	77.61177
52	12.94764	77.61185
53	12.94764	77.61190
54	12.94763	77.61196
55	12.94762	77.61202
56	12.94762	77.61210
57	12.94762	77.61216
58	12.94762	77.61223
59	12.94762	77.61229
60	12.94764	77.61236
61	12.94765	77.61241
62	12.94768	77.61248
63	12.94771	77.61255
64	12.94775	77.61262
65	12.94778	77.61268
66	12.94780	77.61274
67	12.94782	77.61280
68	12.94784	77.61287
69	12.94784	77.61294
70	12.94784	77.61302
71	12.94784	77.61307
72	12.94783	77.61314
73	12.94783	77.61320
74	12.94782	77.61328
75	12.94782	77.61334
76	12.94782	77.61341
77	12.94782	77.61346
78	12.94782	77.61354
79	12.94782	77.61362
80	12.94782	77.61369
81	12.94782	77.61376
82	12.94782	77.61383
83	12.94782	77.61391
84	12.94782	77.61399
85	12.94782	77.61407
86	12.94782	77.61413
87	12.94782	77.61421
88	12.94782	77.61428
89	12.94782	77.61434
90	12.94782	77.61440
91	12.94782	77.61446
92	12.94781	77.61454
93	12.94781	77.61461
94	12.94781	77.61467
95	12.94781	77.61473
96	12.94782	77.61479
97	12.94783	77.61485
98	12.94784	77.61493
99	12.94784	77.61499
100	12.94784	77.61508
101	12.94784	77.61515
102	12.94785	77.61521
103	12.94786	77.61528
104	12.94787	77.61533
105	12.94788	77.61539
106	12.94789	77.61547
107	12.94790	77.61553
108	12.94790	77.61560
109	12.94790	77.61568
110	12.94790	77.61575
111	12.94790	77.61583
112	12.94789	77.61589
113	12.94789	77.61596
114	12.94787	77.61603
115	12.94787	77.61609
116	12.94787	77.61615
117	12.94787	77.61622
118	12.94787	77.61629
119	12.94787	77.61636
120	12.94787	77.61642
121	12.94787	77.61649
122	12.94787	77.61656
123	12.94786	77.61662
124	12.94786	77.61668
125	12.94785	77.61674
126	12.94785	77.61682
127	12.94785	77.61688
128	12.94785	77.61697
129	12.94785	77.61704
130	12.94786	77.61710
131	12.94786	77.61716
132	12.94786	77.61723
133	12.94786	77.61731
134	12.94786	77.61738
135	12.94786	77.61745
136	12.94786	77.61752
137	12.94786	77.61759
138	12.94787	77.61765
139	12.94788	77.61772
140	12.94790	77.61777
141	12.94791	77.61783
142	12.94792	77.61789
143	12.94793	77.61795
144	12.94793	77.61802
145	12.94792	77.61807
146	12.94792	77.61814
147	12.94783	77.61820
148	12.94775	77.61820
149	12.94769	77.61822
150	12.94762	77.61828
151	12.94756	77.61835
152	12.94753	77.61841
153	12.94750	77.61847
154	12.94745	77.61854
155	12.94739	77.61861
156	12.94734	77.61866
157	12.94730	77.61872
158	12.94724	77.61879
159	12.94720	77.61884
160	12.94717	77.61890
161	12.94714	77.61895
162	12.94710	77.61901
163	12.94704	77.61908
164	12.94700	77.61913
165	12.94695	77.61919
166	12.94691	77.61924
167	12.94687	77.61930
168	12.94684	77.61936
169	12.94680	77.61942
170	12.94674	77.61949
171	12.94671	77.61954
172	12.94666	77.61962
173	12.94663	77.61968
174	12.94660	77.61975
175	12.94657	77.61980
176	12.94652	77.61986
177	12.94646	77.61993
178	12.94642	77.61999
179	12.94637	77.62005
180	12.94632	77.62012
181	12.94627	77.62019
182	12.94623	77.62025
183	12.94619	77.62031
184	12.94615	77.62037
185	12.94612	77.62044
186	12.94612	77.62049
187	12.94621	77.62057
188	12.94627	77.62061
189	12.94635	77.62065
190	12.94641	77.62068
191	12.94646	77.62071
192	12.94653	77.62074
193	12.94659	77.62079
194	12.94664	77.62082
195	12.94670	77.62086
196	12.94675	77.62089
197	12.94681	77.62091
198	12.94687	77.62095
199	12.94693	77.62099
200	12.94703	77.62103
201	12.94710	77.62106
202	12.94716	77.62110
203	12.94722	77.62113
204	12.94728	77.62108
205	12.94731	77.62102
206	12.94737	77.62094
207	12.94741	77.62088
208	12.94744	77.62082
209	12.94748	77.62077
210	12.94752	77.62072
211	12.94756	77.62065
212	12.94758	77.62060
213	12.94762	77.62054
214	12.94769	77.62046
215	12.94772	77.62041
216	12.94778	77.62034
217	12.94782	77.62027
218	12.94788	77.62020
219	12.94792	77.62015
220	12.94798	77.62015
221	12.94804	77.62012
222	12.94810	77.62005
223	12.94813	77.61999
224	12.94821	77.62000
225	12.94826	77.62003
226	12.94831	77.62006
227	12.94837	77.62006
228	12.94841	77.62001
229	12.94847	77.62002
230	12.94852	77.62005
231	12.94858	77.62008
232	12.94863	77.62011
233	12.94869	77.62014
234	12.94874	77.62017
235	12.94880	77.62020
236	12.94888	77.62025
237	12.94893	77.62029
238	12.94901	77.62034
239	12.94907	77.62037
240	12.94912	77.62041
241	12.94919	77.62043
242	12.94925	77.62046
243	12.94932	77.62050
244	12.94938	77.62053
245	12.94944	77.62056
246	12.94950	77.62060
247	12.94955	77.62064
248	12.94961	77.62067
249	12.94967	77.62071
250	12.94973	77.62074
251	12.94979	77.62077
252	12.94985	77.62080
253	12.94991	77.62083
254	12.94996	77.62086
255	12.95002	77.62089
256	12.95008	77.62092
257	12.95013	77.62095
258	12.95019	77.62098
259	12.95025	77.62102
260	12.95031	77.62104
261	12.95037	77.62104
262	12.95037	77.62097
263	12.95038	77.62091
264	12.95039	77.62084
265	12.95039	77.62078
266	12.95039	77.62072
267	12.95039	77.62065
268	12.95039	77.62059
269	12.95038	77.62051
270	12.95037	77.62046
271	12.95035	77.62040
272	12.95034	77.62034
273	12.95033	77.62028
274	12.95032	77.62022
275	12.95031	77.62017
276	12.95029	77.62011
277	12.95033	77.62005
278	12.95038	77.62004
279	12.95045	77.62002
280	12.95052	77.62000
281	12.95058	77.61998
282	12.95064	77.61997
283	12.95072	77.61997
284	12.95076	77.61992
285	12.95077	77.61985
286	12.95078	77.61978
287	12.95081	77.61972
288	12.95084	77.61966
289	12.95090	77.61959
290	12.95095	77.61952
291	12.95102	77.61944
292	12.95107	77.61936
293	12.95110	77.61931
294	12.95113	77.61924
295	12.95118	77.61918
296	12.95124	77.61912
297	12.95131	77.61906
298	12.95138	77.61900
299	12.95144	77.61898
300	12.95151	77.61895
301	12.95157	77.61892
302	12.95163	77.61890
303	12.95170	77.61887
304	12.95178	77.61885
305	12.95185	77.61883
306	12.95191	77.61882
307	12.95198	77.61880
308	12.95203	77.61878
309	12.95211	77.61879
310	12.95219	77.61880
311	12.95223	77.61873
312	12.95225	77.61866
313	12.95228	77.61860
314	12.95230	77.61853
315	12.95233	77.61847
316	12.95237	77.61841
317	12.95240	77.61835
318	12.95243	77.61829
319	12.95246	77.61824
320	12.95250	77.61818
321	12.95254	77.61813
322	12.95260	77.61806
323	12.95263	77.61800
324	12.95265	77.61793
325	12.95266	77.61788
326	12.95268	77.61782
327	12.95270	77.61777
328	12.95273	77.61770
329	12.95275	77.61764
330	12.95278	77.61758
331	12.95280	77.61751
332	12.95281	77.61745
333	12.95283	77.61740
334	12.95285	77.61734
335	12.95286	77.61728
336	12.95288	77.61722
337	12.95291	77.61716
338	12.95292	77.61711
339	12.95296	77.61703
340	12.95299	77.61697
341	12.95302	77.61691
342	12.95304	77.61684
343	12.95305	77.61678
344	12.95308	77.61671
345	12.95310	77.61665
346	12.95313	77.61657
347	12.95315	77.61651
348	12.95317	77.61645
349	12.95320	77.61638
350	12.95323	77.61632
351	12.95324	77.61627
352	12.95326	77.61620
353	12.95327	77.61615
354	12.95329	77.61610
355	12.95331	77.61603
356	12.95333	77.61596
357	12.95335	77.61590
358	12.95339	77.61583
359	12.95342	77.61576
360	12.95345	77.61570
361	12.95347	77.61565
362	12.95351	77.61559
363	12.95353	77.61552
364	12.95356	77.61546
365	12.95359	77.61541
366	12.95363	77.61533
367	12.95367	77.61527
368	12.95367	77.61520
369	12.95360	77.61518
370	12.95353	77.61516
371	12.95347	77.61515
372	12.95342	77.61514
373	12.95337	77.61512
374	12.95331	77.61512
375	12.95326	77.61510
376	12.95321	77.61509
377	12.95315	77.61507
378	12.95310	77.61506
379	12.95304	77.61505
380	12.95297	77.61502
381	12.95292	77.61501
382	12.95286	77.61500
383	12.95281	77.61498
384	12.95273	77.61496
385	12.95268	77.61495
386	12.95260	77.61493
387	12.95254	77.61492
388	12.95249	77.61491
389	12.95243	77.61490
390	12.95238	77.61487
391	12.95233	77.61486
392	12.95226	77.61485
393	12.95220	77.61480
394	12.95221	77.61475
395	12.95223	77.61469
396	12.95225	77.61463
397	12.95228	77.61456
398	12.95230	77.61450
399	12.95232	77.61444
400	12.95239	77.61446
401	12.95246	77.61447
402	12.95253	77.61449
403	12.95258	77.61442
404	12.95259	77.61435
405	12.95259	77.61429
406	12.95260	77.61422
407	12.95261	77.61416
408	12.95263	77.61410
409	12.95263	77.61403
410	12.95265	77.61397
411	12.95265	77.61390
412	12.95268	77.61384
413	12.95269	77.61377
414	12.95271	77.61371
415	12.95272	77.61365
416	12.95275	77.61359
417	12.95270	77.61354
418	12.95264	77.61352
419	12.95256	77.61351
420	12.95251	77.61354
421	12.95245	77.61358
422	12.95239	77.61360
423	12.95232	77.61361
424	12.95223	77.61361
425	12.95218	77.61360
426	12.95212	77.61358
427	12.95206	77.61357
428	12.95201	77.61354
429	12.95194	77.61351
430	12.95188	77.61347
431	12.95183	77.61345
432	12.95177	77.61342
433	12.95172	77.61340
434	12.95166	77.61338
435	12.95160	77.61336
436	12.95153	77.61334
437	12.95146	77.61331
438	12.95139	77.61329
439	12.95132	77.61327
440	12.95126	77.61325
441	12.95120	77.61322
442	12.95114	77.61321
443	12.95109	77.61319
444	12.95103	77.61317
445	12.95096	77.61314
446	12.95090	77.61312
447	12.95083	77.61306
448	12.95076	77.61303
449	12.95069	77.61300
450	12.95064	77.61295
451	12.95062	77.61288
452	12.95059	77.61282
453	12.95053	77.61275
454	12.95046	77.61268
455	12.95040	77.61263
456	12.95032	77.61256
457	12.95026	77.61252
458	12.95023	77.61246
459	12.95021	77.61240
460	12.95021	77.61233
461	12.95021	77.61226
462	12.95022	77.61220
463	12.95022	77.61214
464	12.95023	77.61208
465	12.95023	77.61202
466	12.95024	77.61194
467	12.95025	77.61188
468	12.95025	77.61181
469	12.95026	77.61175
470	12.95027	77.61168
471	12.95027	77.61161
472	12.95027	77.61155
473	12.95028	77.61149
474	12.95028	77.61143
475	12.95030	77.61136
476	12.95030	77.61130
477	12.95030	77.61124
478	12.95031	77.61117
479	12.95031	77.61110
480	12.95031	77.61104
481	12.95032	77.61099
482	12.95026	77.61096
483	12.95020	77.61095
484	12.95013	77.61094
485	12.95008	77.61093
486	12.95002	77.61093
487	12.94997	77.61092
488	12.94991	77.61091
489	12.94984	77.61090
490	12.94977	77.61089
491	12.94971	77.61087
492	12.94964	77.61087
493	12.94959	77.61085
494	12.94954	77.61084
495	12.94947	77.61082
496	12.94941	77.61081
497	12.94935	77.61079
498	12.94930	77.61078
499	12.94924	77.61077
500	12.94917	77.61075
501	12.94911	77.61074
502	12.94904	77.61073
503	12.94899	77.61071
504	12.94893	77.61068
505	12.94887	77.61067
506	12.94881	77.61066
507	12.94876	77.61065
508	12.94870	77.61063
509	12.94864	77.61061
510	12.94861	77.61056
511	12.94863	77.61051
512	12.94864	77.61045
513	12.94865	77.61040
514	12.94867	77.61035
515	12.94870	77.61029
516	12.94871	77.61024
517	12.94873	77.61019
518	12.94875	77.61013
519	12.94876	77.61008
520	12.94877	77.61003
521	12.94878	77.60997
522	12.94879	77.60991
523	12.94880	77.60986
524	12.94882	77.60980
525	12.94883	77.60975
526	12.94883	77.60968
527	12.94883	77.60963
528	12.94883	77.60957
529	12.94882	77.60952
530	12.94882	77.60945
531	12.94884	77.60939
532	12.94885	77.60934
533	12.94886	77.60929
534	12.94888	77.60923
535	12.94889	77.60917
536	12.94890	77.60912
537	12.94892	77.60907
538	12.94893	77.60901
539	12.94894	77.60895
540	12.94895	77.60890
541	12.94896	77.60884
542	12.94897	77.60877
543	12.94899	77.60872
544	12.94900	77.60866
545	12.94894	77.60863
546	12.94888	77.60863
547	12.94882	77.60862
548	12.94877	77.60862
549	12.94871	77.60861
550	12.94864	77.60859
551	12.94859	77.60858
552	12.94852	77.60857
553	12.94846	77.60856
554	12.94840	77.60855
555	12.94834	77.60855
556	12.94827	77.60855
557	12.94821	77.60854
