Rank	Latitude	Longitude
1	13.04599	77.57698
2	13.04592	77.57696
3	13.04586	77.57694
4	13.04580	77.57691
5	13.04574	77.57689
6	13.04568	77.57685
7	13.04562	77.57682
8	13.04556	77.57678
9	13.04551	77.57675
10	13.04543	77.57671
11	13.04538	77.57668
12	13.04532	77.57665
13	13.04526	77.57661
14	13.04520	77.57658
15	13.04513	77.57654
16	13.04507	77.57651
17	13.04501	77.57649
18	13.04495	77.57646
19	13.04488	77.57644
20	13.04481	77.57642
21	13.04475	77.57641
22	13.04469	77.57639
23	13.04463	77.57636
24	13.04457	77.57633
25	13.04450	77.57630
26	13.04442	77.57629
27	13.04437	77.57627
28	13.04430	77.57625
29	13.04424	77.57622
30	13.04419	77.57620
31	13.04412	77.57616
32	13.04404	77.57611
33	13.04398	77.57608
34	13.04392	77.57605
35	13.04386	77.57602
36	13.04380	77.57599
37	13.04373	77.57595
38	13.04367	77.57594
39	13.04360	77.57591
40	13.04355	77.57590
41	13.04347	77.57586
42	13.04341	77.57584
43	13.04334	77.57581
44	13.04328	77.57578
45	13.04322	77.57576
46	13.04316	77.57572
47	13.04310	77.57568
48	13.04304	77.57565
49	13.04298	77.57561
50	13.04293	77.57557
51	13.04289	77.57550
52	13.04283	77.57555
53	13.04280	77.57561
54	13.04277	77.57567
55	13.04274	77.57573
56	13.04272	77.57578
57	13.04268	77.57585
58	13.04266	77.57591
59	13.04264	77.57598
60	13.04262	77.57604
61	13.04260	77.57611
62	13.04259	77.57616
63	13.04257	77.57623
64	13.04256	77.57628
65	13.04254	77.57634
66	13.04251	77.57640
67	13.04248	77.57646
68	13.04247	77.57653
69	13.04246	77.57659
70	13.04238	77.57659
71	13.04230	77.57658
72	13.04222	77.57658
73	13.04216	77.57657
74	13.04209	77.57657
75	13.04203	77.57654
76	13.04196	77.57652
77	13.04191	77.57651
78	13.04188	77.57645
79	13.04191	77.57638
80	13.04192	77.57632
81	13.04194	77.57626
82	13.04195	77.57618
83	13.04192	77.57613
84	13.04186	77.57612
85	13.04179	77.57609
86	13.04173	77.57607
87	13.04168	77.57606
88	13.04161	77.57603
89	13.04155	77.57601
90	13.04148	77.57599
91	13.04142	77.57597
92	13.04135	77.57593
93	13.04130	77.57592
94	13.04123	77.57590
95	13.04117	77.57588
96	13.04110	77.57586
97	13.04104	77.57583
98	13.04104	77.57577
99	13.04105	77.57571
100	13.04106	77.57565
101	13.04107	77.57559
102	13.04108	77.57554
103	13.04109	77.57547
104	13.04110	77.57541
105	13.04110	77.57535
106	13.04111	77.57528
107	13.04112	77.57522
108	13.04112	77.57517
109	13.04114	77.57509
110	13.04114	77.57503
111	13.04115	77.57497
112	13.04116	77.57491
113	13.04116	77.57484
114	13.04116	77.57476
115	13.04116	77.57469
116	13.04117	77.57463
117	13.04117	77.57457
118	13.04117	77.57449
119	13.04116	77.57443
120	13.04113	77.57435
121	13.04108	77.57428
122	13.04101	77.57421
123	13.04093	77.57416
124	13.04087	77.57413
125	13.04082	77.57409
126	13.04077	77.57404
127	13.04071	77.57401
128	13.04065	77.57398
129	13.04060	77.57396
130	13.04053	77.57394
131	13.04047	77.57392
132	13.04042	77.57391
133	13.04035	77.57388
134	13.04030	77.57385
135	13.04024	77.57381
136	13.04019	77.57379
137	13.04013	77.57376
138	13.04006	77.57373
139	13.03999	77.57369
140	13.03992	77.57365
141	13.03985	77.57361
142	13.03978	77.57358
143	13.03972	77.57356
144	13.03965	77.57354
145	13.03959	77.57352
146	13.03953	77.57349
147	13.03948	77.57347
148	13.03941	77.57344
149	13.03934	77.57343
150	13.03928	77.57341
151	13.03921	77.57338
152	13.03914	77.57335
153	13.03909	77.57333
154	13.03903	77.57330
155	13.03898	77.57328
156	13.03892	77.57326
157	13.03885	77.57323
158	13.03879	77.57320
159	13.03878	77.57327
160	13.03878	77.57333
161	13.03878	77.57340
162	13.03878	77.57346
163	13.03878	77.57351
164	13.03878	77.57358
165	13.03877	77.57364
166	13.03877	77.57371
167	13.03871	77.57372
168	13.03864	77.57371
169	13.03857	77.57371
170	13.03849	77.57370
171	13.03841	77.57369
172	13.03832	77.57369
173	13.03824	77.57369
174	13.03817	77.57369
175	13.03811	77.57368
176	13.03804	77.57365
177	13.03797	77.57364
178	13.03790	77.57363
179	13.03782	77.57363
180	13.03775	77.57363
181	13.03769	77.57362
182	13.03761	77.57360
183	13.03754	77.57359
184	13.03747	77.57358
185	13.03740	77.57357
186	13.03734	77.57356
187	13.03727	77.57354
188	13.03720	77.57353
189	13.03714	77.57353
190	13.03708	77.57353
191	13.03701	77.57351
192	13.03696	77.57350
193	13.03692	77.57358
194	13.03691	77.57364
195	13.03690	77.57371
196	13.03690	77.57378
197	13.03683	77.57380
198	13.03677	77.57380
199	13.03669	77.57379
200	13.03663	77.57377
201	13.03657	77.57375
202	13.03651	77.57374
203	13.03646	77.57373
204	13.03641	77.57372
205	13.03636	77.57371
206	13.03628	77.57370
207	13.03620	77.57370
208	13.03612	77.57370
209	13.03609	77.57364
210	13.03609	77.57358
211	13.03608	77.57351
212	13.03607	77.57346
213	13.03607	77.57340
214	13.03607	77.57333
215	13.03607	77.57327
216	13.03608	77.57320
217	13.03608	77.57314
218	13.03608	77.57307
219	13.03609	77.57301
220	13.03610	77.57295
221	13.03610	77.57289
222	13.03610	77.57282
223	13.03610	77.57275
224	13.03602	77.57274
225	13.03594	77.57274
226	13.03586	77.57274
227	13.03578	77.57274
228	13.03568	77.57274
229	13.03562	77.57272
230	13.03554	77.57272
231	13.03548	77.57272
232	13.03540	77.57273
233	13.03535	77.57274
234	13.03529	77.57273
235	13.03523	77.57272
236	13.03516	77.57271
237	13.03509	77.57271
238	13.03503	77.57271
239	13.03496	77.57271
240	13.03490	77.57271
241	13.03484	77.57271
242	13.03478	77.57271
243	13.03473	77.57272
244	13.03465	77.57273
245	13.03456	77.57274
246	13.03449	77.57273
247	13.03440	77.57273
248	13.03433	77.57275
249	13.03426	77.57276
250	13.03419	77.57277
251	13.03411	77.57278
252	13.03403	77.57279
253	13.03396	77.57280
254	13.03390	77.57281
255	13.03385	77.57282
256	13.03377	77.57282
257	13.03375	77.57290
258	13.03375	77.57297
259	13.03375	77.57304
260	13.03375	77.57311
261	13.03374	77.57316
262	13.03374	77.57323
263	13.03375	77.57329
264	13.03375	77.57336
265	13.03376	77.57342
266	13.03377	77.57348
267	13.03377	77.57354
268	13.03377	77.57360
269	13.03377	77.57367
270	13.03377	77.57373
271	13.03377	77.57380
272	13.03377	77.57386
273	13.03378	77.57392
274	13.03378	77.57400
275	13.03378	77.57407
276	13.03378	77.57413
277	13.03379	77.57418
278	13.03381	77.57423
279	13.03382	77.57429
280	13.03384	77.57435
281	13.03385	77.57440
282	13.03387	77.57448
283	13.03386	77.57455
284	13.03386	77.57461
285	13.03386	77.57468
286	13.03388	77.57474
287	13.03383	77.57481
288	13.03376	77.57488
289	13.03370	77.57495
290	13.03367	77.57500
291	13.03367	77.57507
292	13.03367	77.57513
293	13.03367	77.57520
294	13.03366	77.57525
295	13.03365	77.57532
296	13.03364	77.57538
297	13.03358	77.57540
298	13.03352	77.57543
299	13.03345	77.57545
300	13.03338	77.57548
301	13.03333	77.57550
302	13.03327	77.57553
303	13.03322	77.57555
304	13.03321	77.57560
305	13.03321	77.57566
306	13.03320	77.57573
307	13.03319	77.57579
308	13.03319	77.57587
309	13.03318	77.57593
310	13.03317	77.57600
311	13.03316	77.57607
312	13.03317	77.57614
313	13.03319	77.57621
314	13.03321	77.57627
315	13.03323	77.57632
316	13.03325	77.57637
317	13.03325	77.57644
318	13.03326	77.57649
319	13.03321	77.57655
320	13.03315	77.57658
321	13.03309	77.57661
322	13.03304	77.57665
323	13.03298	77.57668
324	13.03292	77.57672
325	13.03286	77.57675
326	13.03280	77.57679
327	13.03275	77.57681
328	13.03269	77.57684
329	13.03263	77.57687
330	13.03257	77.57690
331	13.03252	77.57693
332	13.03245	77.57696
333	13.03238	77.57700
334	13.03232	77.57703
335	13.03226	77.57706
336	13.03221	77.57709
337	13.03214	77.57713
338	13.03207	77.57716
339	13.03202	77.57719
340	13.03196	77.57722
341	13.03191	77.57724
342	13.03186	77.57727
343	13.03180	77.57731
344	13.03173	77.57733
345	13.03167	77.57736
346	13.03162	77.57739
347	13.03156	77.57742
348	13.03151	77.57745
349	13.03144	77.57748
350	13.03139	77.57751
351	13.03133	77.57754
352	13.03126	77.57757
353	13.03120	77.57760
354	13.03112	77.57762
355	13.03107	77.57764
356	13.03101	77.57768
357	13.03095	77.57771
358	13.03089	77.57775
359	13.03084	77.57777
360	13.03078	77.57781
361	13.03072	77.57784
362	13.03067	77.57788
363	13.03060	77.57793
364	13.03055	77.57797
365	13.03049	77.57800
366	13.03042	77.57803
367	13.03037	77.57806
368	13.03031	77.57809
369	13.03025	77.57812
370	13.03019	77.57815
371	13.03013	77.57819
372	13.03007	77.57822
373	13.03001	77.57827
374	13.02996	77.57830
375	13.02990	77.57834
376	13.02985	77.57838
377	13.02980	77.57841
378	13.02974	77.57844
379	13.02968	77.57848
380	13.02962	77.57852
381	13.02955	77.57855
382	13.02949	77.57858
383	13.02944	77.57860
384	13.02936	77.57864
385	13.02931	77.57866
386	13.02925	77.57868
387	13.02918	77.57870
388	13.02911	77.57876
389	13.02905	77.57879
390	13.02900	77.57883
391	13.02893	77.57889
392	13.02886	77.57894
393	13.02881	77.57899
394	13.02875	77.57907
395	13.02870	77.57912
396	13.02865	77.57916
397	13.02858	77.57922
398	13.02852	77.57927
399	13.02853	77.57935
400	13.02853	77.57941
401	13.02853	77.57947
402	13.02852	77.57954
403	13.02851	77.57960
404	13.02849	77.57967
405	13.02848	77.57974
406	13.02847	77.57980
407	13.02846	77.57985
408	13.02845	77.57992
409	13.02845	77.57999
410	13.02844	77.58005
411	13.02843	77.58012
412	13.02838	77.58014
413	13.02832	77.58017
414	13.02826	77.58020
415	13.02827	77.58026
416	13.02827	77.58032
417	13.02827	77.58039
418	13.02828	77.58045
419	13.02829	77.58051
420	13.02830	77.58056
421	13.02830	77.58063
422	13.02830	77.58069
423	13.02830	77.58076
424	13.02831	77.58082
425	13.02831	77.58088
426	13.02831	77.58094
427	13.02831	77.58101
428	13.02832	77.58106
429	13.02833	77.58112
430	13.02833	77.58119
431	13.02833	77.58126
432	13.02833	77.58132
433	13.02833	77.58139
434	13.02833	77.58145
435	13.02833	77.58150
436	13.02833	77.58157
437	13.02833	77.58163
438	13.02826	77.58166
439	13.02820	77.58167
440	13.02813	77.58168
441	13.02808	77.58170
442	13.02807	77.58176
443	13.02807	77.58182
444	13.02807	77.58189
445	13.02807	77.58195
446	13.02807	77.58202
447	13.02812	77.58208
448	13.02817	77.58209
449	13.02823	77.58209
450	13.02830	77.58209
451	13.02837	77.58209
452	13.02842	77.58209
453	13.02848	77.58210
454	13.02854	77.58210
455	13.02861	77.58211
456	13.02868	77.58211
457	13.02874	77.58211
458	13.02881	77.58211
459	13.02887	77.58211
460	13.02893	77.58211
461	13.02899	77.58211
462	13.02905	77.58211
463	13.02910	77.58211
464	13.02916	77.58211
465	13.02923	77.58212
466	13.02929	77.58212
467	13.02936	77.58212
468	13.02943	77.58212
469	13.02949	77.58211
470	13.02955	77.58210
471	13.02961	77.58210
472	13.02967	77.58210
473	13.02973	77.58210
474	13.02980	77.58210
475	13.02987	77.58209
476	13.02994	77.58209
477	13.03000	77.58209
478	13.03006	77.58212
479	13.03007	77.58219
480	13.03008	77.58224
481	13.03015	77.58229
482	13.03021	77.58231
483	13.03028	77.58232
484	13.03034	77.58232
485	13.03041	77.58234
486	13.03050	77.58235
487	13.03055	77.58236
488	13.03061	77.58237
489	13.03067	77.58238
490	13.03073	77.58239
491	13.03078	77.58240
492	13.03083	77.58240
493	13.03090	77.58241
494	13.03096	77.58242
495	13.03103	77.58243
496	13.03109	77.58243
497	13.03116	77.58243
498	13.03123	77.58243
499	13.03130	77.58243
500	13.03136	77.58243
501	13.03143	77.58243
502	13.03149	77.58244
503	13.03156	77.58244
504	13.03163	77.58242
505	13.03168	77.58241
506	13.03174	77.58240
507	13.03179	77.58238
508	13.03185	77.58237
509	13.03190	77.58235
510	13.03195	77.58234
511	13.03204	77.58231
512	13.03211	77.58229
513	13.03217	77.58227
514	13.03223	77.58226
515	13.03231	77.58224
516	13.03237	77.58225
517	13.03242	77.58225
518	13.03247	77.58225
519	13.03254	77.58225
520	13.03259	77.58224
521	13.03265	77.58223
522	13.03271	77.58221
523	13.03276	77.58219
524	13.03284	77.58217
525	13.03289	77.58216
526	13.03295	77.58216
527	13.03301	77.58215
528	13.03307	77.58214
529	13.03313	77.58213
530	13.03320	77.58212
531	13.03326	77.58210
532	13.03333	77.58208
533	13.03338	77.58206
534	13.03344	77.58205
535	13.03352	77.58203
536	13.03359	77.58201
537	13.03365	77.58200
538	13.03372	77.58196
539	13.03373	77.58191
540	13.03373	77.58183
541	13.03373	77.58177
542	13.03374	77.58171
543	13.03377	77.58164
544	13.03382	77.58157
545	13.03385	77.58150
546	13.03386	77.58144
547	13.03388	77.58138
548	13.03388	77.58131
549	13.03388	77.58124
550	13.03387	77.58116
551	13.03387	77.58109
552	13.03387	77.58103
553	13.03388	77.58097
554	13.03394	77.58098
555	13.03399	77.58098
556	13.03407	77.58095
557	13.03412	77.58093
558	13.03419	77.58092
559	13.03426	77.58091
560	13.03432	77.58091
561	13.03438	77.58091
562	13.03445	77.58091
563	13.03446	77.58085
564	13.03447	77.58078
565	13.03447	77.58072
566	13.03447	77.58065
567	13.03446	77.58060
568	13.03445	77.58053
569	13.03445	77.58047
570	13.03444	77.58041
571	13.03443	77.58034
572	13.03443	77.58027
573	13.03442	77.58020
574	13.03442	77.58013
575	13.03449	77.58010
576	13.03456	77.58009
577	13.03463	77.58008
578	13.03468	77.58006
579	13.03474	77.58006
580	13.03480	77.58005
581	13.03486	77.58005
582	13.03493	77.58005
583	13.03499	77.58005
584	13.03506	77.58005
585	13.03513	77.58005
586	13.03519	77.58004
587	13.03526	77.58004
588	13.03531	77.58003
589	13.03538	77.58002
590	13.03544	77.58002
591	13.03549	77.58003
592	13.03551	77.58008
593	13.03551	77.58014
594	13.03551	77.58021
595	13.03551	77.58029
596	13.03550	77.58036
597	13.03549	77.58043
598	13.03548	77.58049
599	13.03547	77.58056
600	13.03547	77.58063
601	13.03546	77.58069
602	13.03545	77.58076
603	13.03545	77.58082
604	13.03544	77.58087
605	13.03543	77.58093
606	13.03542	77.58101
607	13.03541	77.58109
608	13.03540	77.58117
609	13.03539	77.58123
610	13.03538	77.58130
611	13.03538	77.58136
612	13.03537	77.58142
613	13.03536	77.58149
614	13.03535	77.58157
615	13.03534	77.58163
616	13.03535	77.58170
617	13.03535	77.58176
618	13.03535	77.58182
619	13.03536	77.58189
620	13.03536	77.58195
621	13.03536	77.58201
622	13.03537	77.58208
623	13.03537	77.58213
624	13.03538	77.58222
625	13.03538	77.58229
626	13.03538	77.58237
627	13.03538	77.58243
628	13.03538	77.58251
629	13.03538	77.58256
630	13.03538	77.58263
631	13.03538	77.58270
632	13.03538	77.58275
633	13.03538	77.58283
634	13.03538	77.58290
635	13.03539	77.58297
636	13.03540	77.58303
637	13.03540	77.58310
638	13.03540	77.58316
639	13.03546	77.58319
640	13.03552	77.58320
641	13.03558	77.58321
642	13.03565	77.58322
643	13.03571	77.58323
644	13.03578	77.58324
645	13.03584	77.58325
646	13.03589	77.58326
647	13.03597	77.58327
648	13.03604	77.58328
649	13.03611	77.58329
650	13.03617	77.58330
651	13.03623	77.58331
652	13.03630	77.58331
653	13.03637	77.58330
654	13.03642	77.58330
655	13.03648	77.58331
656	13.03653	77.58333
657	13.03660	77.58336
658	13.03665	77.58339
659	13.03671	77.58342
660	13.03677	77.58343
661	13.03683	77.58344
662	13.03690	77.58345
663	13.03698	77.58346
664	13.03704	77.58347
665	13.03710	77.58349
666	13.03718	77.58351
667	13.03724	77.58352
668	13.03732	77.58354
669	13.03738	77.58354
670	13.03743	77.58355
671	13.03752	77.58356
672	13.03758	77.58357
673	13.03765	77.58357
674	13.03772	77.58357
675	13.03779	77.58357
676	13.03788	77.58358
677	13.03794	77.58358
678	13.03801	77.58358
679	13.03808	77.58359
680	13.03813	77.58359
681	13.03819	77.58360
682	13.03826	77.58361
683	13.03832	77.58362
684	13.03838	77.58362
685	13.03843	77.58363
686	13.03851	77.58364
687	13.03857	77.58365
688	13.03862	77.58366
689	13.03869	77.58366
690	13.03875	77.58368
691	13.03882	77.58369
692	13.03888	77.58370
693	13.03894	77.58370
694	13.03901	77.58371
695	13.03908	77.58372
696	13.03913	77.58373
697	13.03920	77.58374
698	13.03926	77.58374
699	13.03933	77.58376
700	13.03941	77.58378
701	13.03948	77.58379
702	13.03954	77.58380
703	13.03960	77.58380
704	13.03966	77.58381
705	13.03973	77.58383
706	13.03980	77.58384
707	13.03986	77.58385
708	13.03992	77.58385
709	13.03998	77.58386
710	13.04005	77.58387
711	13.04013	77.58387
712	13.04020	77.58387
713	13.04027	77.58387
714	13.04034	77.58387
715	13.04039	77.58387
716	13.04044	77.58388
717	13.04051	77.58391
718	13.04057	77.58393
719	13.04063	77.58393
720	13.04068	77.58395
721	13.04074	77.58395
722	13.04081	77.58397
723	13.04088	77.58398
724	13.04094	77.58399
725	13.04100	77.58400
726	13.04105	77.58401
727	13.04111	77.58401
728	13.04116	77.58403
729	13.04123	77.58405
730	13.04128	77.58406
731	13.04136	77.58408
732	13.04143	77.58410
733	13.04149	77.58411
734	13.04156	77.58414
735	13.04162	77.58415
736	13.04167	77.58417
737	13.04172	77.58418
738	13.04178	77.58419
739	13.04185	77.58420
740	13.04191	77.58421
741	13.04197	77.58421
742	13.04205	77.58423
743	13.04210	77.58423
744	13.04216	77.58424
745	13.04222	77.58425
746	13.04229	77.58425
747	13.04237	77.58427
748	13.04243	77.58428
749	13.04250	77.58428
750	13.04257	77.58428
751	13.04263	77.58428
752	13.04269	77.58428
753	13.04277	77.58428
754	13.04283	77.58428
755	13.04289	77.58428
756	13.04296	77.58427
757	13.04302	77.58427
758	13.04308	77.58426
759	13.04314	77.58427
760	13.04320	77.58421
761	13.04326	77.58415
762	13.04333	77.58408
763	13.04338	77.58402
764	13.04342	77.58397
765	13.04345	77.58390
766	13.04352	77.58381
767	13.04355	77.58374
768	13.04358	77.58369
769	13.04361	77.58364
770	13.04365	77.58358
771	13.04369	77.58352
772	13.04375	77.58345
773	13.04379	77.58339
774	13.04384	77.58332
775	13.04386	77.58327
776	13.04391	77.58318
777	13.04394	77.58311
778	13.04398	77.58306
779	13.04403	77.58299
780	13.04408	77.58292
781	13.04413	77.58285
782	13.04418	77.58279
783	13.04423	77.58273
784	13.04430	77.58265
785	13.04434	77.58259
786	13.04438	77.58253
787	13.04441	77.58247
788	13.04446	77.58240
789	13.04452	77.58233
790	13.04457	77.58225
791	13.04462	77.58218
792	13.04468	77.58211
793	13.04473	77.58206
794	13.04480	77.58201
795	13.04486	77.58195
796	13.04492	77.58190
797	13.04500	77.58182
798	13.04505	77.58177
799	13.04511	77.58170
800	13.04517	77.58163
801	13.04523	77.58158
802	13.04529	77.58150
803	13.04535	77.58143
804	13.04540	77.58137
805	13.04544	77.58131
806	13.04547	77.58125
807	13.04553	77.58118
808	13.04559	77.58111
809	13.04566	77.58105
810	13.04572	77.58098
811	13.04576	77.58092
812	13.04580	77.58087
813	13.04583	77.58081
814	13.04585	77.58074
815	13.04588	77.58069
816	13.04592	77.58060
817	13.04596	77.58054
818	13.04600	77.58047
819	13.04604	77.58040
820	13.04607	77.58031
821	13.04610	77.58022
822	13.04610	77.58016
823	13.04611	77.58011
824	13.04613	77.58005
825	13.04615	77.57999
826	13.04617	77.57993
827	13.04619	77.57987
828	13.04621	77.57980
829	13.04622	77.57974
830	13.04624	77.57967
831	13.04626	77.57960
832	13.04626	77.57954
833	13.04627	77.57948
834	13.04628	77.57942
835	13.04629	77.57934
836	13.04629	77.57928
837	13.04629	77.57921
838	13.04628	77.57916
839	13.04628	77.57909
840	13.04628	77.57902
841	13.04627	77.57897
842	13.04626	77.57891
843	13.04625	77.57885
844	13.04624	77.57879
845	13.04624	77.57873
846	13.04622	77.57867
847	13.04623	77.57860
848	13.04623	77.57853
849	13.04623	77.57847
850	13.04623	77.57839
851	13.04622	77.57833
852	13.04621	77.57827
853	13.04621	77.57821
854	13.04620	77.57816
855	13.04619	77.57810
856	13.04619	77.57803
857	13.04619	77.57796
858	13.04618	77.57789
859	13.04617	77.57783
860	13.04617	77.57777
861	13.04616	77.57769
862	13.04616	77.57763
863	13.04615	77.57756
864	13.04614	77.57750
865	13.04611	77.57743
866	13.04610	77.57736
867	13.04610	77.57730
868	13.04609	77.57724
869	13.04607	77.57717
870	13.04607	77.57710
871	13.04606	77.57704
