Rank	Latitude	Longitude
1	13.02702	77.59647
2	13.02701	77.59653
3	13.02700	77.59659
4	13.02700	77.59665
5	13.02699	77.59670
6	13.02698	77.59678
7	13.02696	77.59683
8	13.02696	77.59689
9	13.02694	77.59696
10	13.02701	77.59701
11	13.02706	77.59703
12	13.02712	77.59704
13	13.02718	77.59704
14	13.02724	77.59705
15	13.02731	77.59706
16	13.02737	77.59707
17	13.02743	77.59707
18	13.02750	77.59707
19	13.02755	77.59707
20	13.02762	77.59707
21	13.02769	77.59707
22	13.02775	77.59707
23	13.02781	77.59707
24	13.02786	77.59707
25	13.02793	77.59707
26	13.02799	77.59707
27	13.02805	77.59707
28	13.02812	77.59707
29	13.02819	77.59710
30	13.02824	77.59711
31	13.02830	77.59714
32	13.02836	77.59714
33	13.02843	77.59714
34	13.02849	77.59715
35	13.02857	77.59716
36	13.02864	77.59717
37	13.02869	77.59717
38	13.02875	77.59721
39	13.02873	77.59728
40	13.02872	77.59734
41	13.02868	77.59742
42	13.02875	77.59746
43	13.02881	77.59747
44	13.02887	77.59747
45	13.02894	77.59748
46	13.02899	77.59748
47	13.02905	77.59749
48	13.02912	77.59746
49	13.02912	77.59740
50	13.02912	77.59733
51	13.02913	77.59727
52	13.02913	77.59720
53	13.02913	77.59714
54	13.02912	77.59707
55	13.02910	77.59701
56	13.02908	77.59694
57	13.02907	77.59688
58	13.02907	77.59680
59	13.02907	77.59673
60	13.02913	77.59668
61	13.02921	77.59665
62	13.02926	77.59663
63	13.02933	77.59665
64	13.02939	77.59667
65	13.02945	77.59668
66	13.02952	77.59670
67	13.02958	77.59670
68	13.02965	77.59670
69	13.02971	77.59670
70	13.02978	77.59670
71	13.02986	77.59670
72	13.02993	77.59670
73	13.03000	77.59668
74	13.03007	77.59667
75	13.03013	77.59667
76	13.03019	77.59666
77	13.03025	77.59665
78	13.03034	77.59664
79	13.03039	77.59663
80	13.03045	77.59663
81	13.03051	77.59663
82	13.03057	77.59662
83	13.03064	77.59662
84	13.03071	77.59662
85	13.03075	77.59667
86	13.03078	77.59674
87	13.03081	77.59681
88	13.03085	77.59687
89	13.03089	77.59694
90	13.03092	77.59700
91	13.03096	77.59707
92	13.03098	77.59712
93	13.03099	77.59718
94	13.03100	77.59723
95	13.03102	77.59729
96	13.03104	77.59734
97	13.03105	77.59740
98	13.03106	77.59746
99	13.03108	77.59752
100	13.03109	77.59759
101	13.03110	77.59764
102	13.03113	77.59772
103	13.03114	77.59778
104	13.03116	77.59785
105	13.03117	77.59791
106	13.03118	77.59797
107	13.03119	77.59805
108	13.03119	77.59812
109	13.03120	77.59821
110	13.03120	77.59827
111	13.03121	77.59833
112	13.03122	77.59839
113	13.03122	77.59846
114	13.03122	77.59852
115	13.03122	77.59859
116	13.03123	77.59865
117	13.03125	77.59872
118	13.03127	77.59879
119	13.03128	77.59885
120	13.03131	77.59892
121	13.03135	77.59900
122	13.03139	77.59906
123	13.03144	77.59913
124	13.03149	77.59918
125	13.03154	77.59924
126	13.03160	77.59930
127	13.03166	77.59936
128	13.03172	77.59942
129	13.03178	77.59946
130	13.03182	77.59953
131	13.03187	77.59959
132	13.03191	77.59965
133	13.03194	77.59972
134	13.03195	77.59979
135	13.03196	77.59984
136	13.03196	77.59991
137	13.03196	77.59998
138	13.03196	77.60004
139	13.03197	77.60011
140	13.03198	77.60017
141	13.03198	77.60028
142	13.03198	77.60034
143	13.03198	77.60041
144	13.03198	77.60049
145	13.03197	77.60055
146	13.03197	77.60062
147	13.03197	77.60069
148	13.03197	77.60076
149	13.03197	77.60083
150	13.03197	77.60091
151	13.03197	77.60098
152	13.03197	77.60106
153	13.03197	77.60113
154	13.03197	77.60120
155	13.03196	77.60126
156	13.03196	77.60133
157	13.03198	77.60138
158	13.03199	77.60145
159	13.03201	77.60151
160	13.03205	77.60158
161	13.03208	77.60165
162	13.03212	77.60171
163	13.03218	77.60177
164	13.03222	77.60183
165	13.03227	77.60189
166	13.03230	77.60196
167	13.03233	77.60203
168	13.03236	77.60210
169	13.03238	77.60215
170	13.03241	77.60222
171	13.03244	77.60227
172	13.03247	77.60234
173	13.03251	77.60241
174	13.03256	77.60248
175	13.03260	77.60254
176	13.03265	77.60262
177	13.03269	77.60269
178	13.03273	77.60275
179	13.03278	77.60281
180	13.03282	77.60287
181	13.03288	77.60292
182	13.03293	77.60297
183	13.03299	77.60302
184	13.03306	77.60305
185	13.03311	77.60307
186	13.03317	77.60309
187	13.03322	77.60311
188	13.03328	77.60312
189	13.03333	77.60313
190	13.03340	77.60313
191	13.03346	77.60313
192	13.03351	77.60312
193	13.03358	77.60312
194	13.03363	77.60311
195	13.03368	77.60309
196	13.03374	77.60308
197	13.03376	77.60300
198	13.03376	77.60294
199	13.03375	77.60288
200	13.03374	77.60282
201	13.03373	77.60277
202	13.03373	77.60269
203	13.03372	77.60263
204	13.03371	77.60257
205	13.03370	77.60252
206	13.03369	77.60246
207	13.03367	77.60241
208	13.03365	77.60233
209	13.03363	77.60227
210	13.03363	77.60221
211	13.03363	77.60215
212	13.03363	77.60207
213	13.03363	77.60200
214	13.03363	77.60193
215	13.03363	77.60187
216	13.03363	77.60179
217	13.03364	77.60172
218	13.03365	77.60163
219	13.03366	77.60156
220	13.03368	77.60150
221	13.03369	77.60144
222	13.03370	77.60137
223	13.03370	77.60130
224	13.03371	77.60123
225	13.03372	77.60116
226	13.03372	77.60110
227	13.03373	77.60105
228	13.03375	77.60098
229	13.03377	77.60088
230	13.03380	77.60082
231	13.03384	77.60073
232	13.03386	77.60067
233	13.03388	77.60061
234	13.03389	77.60054
235	13.03390	77.60048
236	13.03391	77.60042
237	13.03392	77.60035
238	13.03392	77.60030
239	13.03392	77.60024
240	13.03392	77.60017
241	13.03394	77.60010
242	13.03395	77.60005
243	13.03396	77.59998
244	13.03397	77.59991
245	13.03398	77.59984
246	13.03399	77.59978
247	13.03400	77.59973
248	13.03402	77.59966
249	13.03404	77.59960
250	13.03405	77.59954
251	13.03406	77.59948
252	13.03407	77.59941
253	13.03410	77.59936
254	13.03410	77.59931
255	13.03412	77.59924
256	13.03414	77.59918
257	13.03416	77.59911
258	13.03419	77.59905
259	13.03422	77.59895
260	13.03424	77.59889
261	13.03425	77.59884
262	13.03427	77.59877
263	13.03431	77.59869
264	13.03433	77.59862
265	13.03435	77.59857
266	13.03437	77.59851
267	13.03441	77.59845
268	13.03446	77.59840
269	13.03453	77.59834
270	13.03460	77.59829
271	13.03465	77.59828
272	13.03470	77.59828
273	13.03476	77.59828
274	13.03482	77.59829
275	13.03490	77.59831
276	13.03495	77.59833
277	13.03503	77.59836
278	13.03509	77.59838
279	13.03514	77.59841
280	13.03521	77.59842
281	13.03526	77.59841
282	13.03535	77.59840
283	13.03542	77.59838
284	13.03549	77.59837
285	13.03555	77.59835
286	13.03560	77.59833
287	13.03567	77.59826
288	13.03574	77.59819
289	13.03581	77.59813
290	13.03586	77.59809
291	13.03593	77.59804
292	13.03598	77.59800
293	13.03605	77.59794
294	13.03611	77.59791
295	13.03617	77.59787
296	13.03625	77.59782
297	13.03630	77.59779
298	13.03638	77.59777
299	13.03644	77.59775
300	13.03650	77.59774
301	13.03657	77.59771
302	13.03664	77.59768
303	13.03670	77.59765
304	13.03676	77.59763
305	13.03684	77.59760
306	13.03689	77.59758
307	13.03696	77.59756
308	13.03702	77.59753
309	13.03709	77.59750
310	13.03717	77.59748
311	13.03723	77.59747
312	13.03729	77.59745
313	13.03736	77.59743
314	13.03743	77.59741
315	13.03749	77.59739
316	13.03757	77.59737
317	13.03763	77.59735
318	13.03770	77.59734
319	13.03778	77.59732
320	13.03787	77.59731
321	13.03792	77.59727
322	13.03792	77.59721
323	13.03793	77.59716
324	13.03793	77.59709
325	13.03794	77.59703
326	13.03796	77.59696
327	13.03798	77.59690
328	13.03801	77.59684
329	13.03804	77.59678
330	13.03808	77.59672
331	13.03812	77.59664
332	13.03814	77.59657
333	13.03815	77.59650
334	13.03818	77.59643
335	13.03819	77.59638
336	13.03822	77.59632
337	13.03823	77.59626
338	13.03825	77.59621
339	13.03826	77.59614
340	13.03828	77.59608
341	13.03830	77.59603
342	13.03831	77.59594
343	13.03831	77.59589
344	13.03833	77.59582
345	13.03835	77.59575
346	13.03836	77.59569
347	13.03838	77.59564
348	13.03840	77.59557
349	13.03841	77.59552
350	13.03843	77.59545
351	13.03845	77.59539
352	13.03848	77.59531
353	13.03849	77.59524
354	13.03850	77.59519
355	13.03852	77.59512
356	13.03853	77.59505
357	13.03854	77.59499
358	13.03856	77.59493
359	13.03858	77.59485
360	13.03860	77.59479
361	13.03860	77.59473
362	13.03862	77.59466
363	13.03864	77.59457
364	13.03865	77.59452
365	13.03868	77.59444
366	13.03869	77.59438
367	13.03870	77.59431
368	13.03872	77.59418
369	13.03873	77.59410
370	13.03873	77.59405
371	13.03875	77.59397
372	13.03876	77.59391
373	13.03878	77.59385
374	13.03879	77.59380
375	13.03880	77.59373
376	13.03882	77.59365
377	13.03884	77.59358
378	13.03884	77.59351
379	13.03885	77.59344
380	13.03885	77.59335
381	13.03885	77.59327
382	13.03889	77.59319
383	13.03891	77.59312
384	13.03894	77.59305
385	13.03896	77.59300
386	13.03899	77.59295
387	13.03902	77.59288
388	13.03905	77.59282
389	13.03907	77.59276
390	13.03911	77.59270
391	13.03914	77.59263
392	13.03913	77.59258
393	13.03910	77.59251
394	13.03909	77.59246
395	13.03905	77.59239
396	13.03901	77.59232
397	13.03894	77.59225
398	13.03889	77.59221
399	13.03882	77.59218
400	13.03875	77.59215
401	13.03870	77.59209
402	13.03868	77.59204
403	13.03867	77.59199
404	13.03868	77.59192
405	13.03869	77.59185
406	13.03869	77.59179
407	13.03870	77.59172
408	13.03870	77.59165
409	13.03872	77.59157
410	13.03874	77.59151
411	13.03876	77.59144
412	13.03878	77.59139
413	13.03879	77.59132
414	13.03880	77.59126
415	13.03881	77.59118
416	13.03882	77.59112
417	13.03883	77.59105
418	13.03883	77.59099
419	13.03885	77.59091
420	13.03888	77.59085
421	13.03890	77.59079
422	13.03893	77.59072
423	13.03887	77.59068
424	13.03880	77.59068
425	13.03874	77.59068
426	13.03867	77.59068
427	13.03862	77.59066
428	13.03856	77.59065
429	13.03851	77.59063
430	13.03843	77.59061
431	13.03838	77.59061
432	13.03832	77.59058
433	13.03825	77.59057
434	13.03818	77.59056
435	13.03813	77.59054
436	13.03806	77.59053
437	13.03799	77.59051
438	13.03794	77.59050
439	13.03787	77.59049
440	13.03781	77.59047
441	13.03775	77.59046
442	13.03770	77.59044
443	13.03763	77.59043
444	13.03757	77.59041
445	13.03750	77.59040
446	13.03742	77.59038
447	13.03735	77.59036
448	13.03728	77.59035
449	13.03721	77.59035
450	13.03714	77.59035
451	13.03708	77.59036
452	13.03700	77.59037
453	13.03693	77.59037
454	13.03687	77.59037
455	13.03682	77.59037
456	13.03673	77.59037
457	13.03666	77.59037
458	13.03657	77.59037
459	13.03650	77.59036
460	13.03643	77.59036
461	13.03634	77.59035
462	13.03627	77.59034
463	13.03619	77.59033
464	13.03612	77.59032
465	13.03606	77.59031
466	13.03598	77.59030
467	13.03592	77.59029
468	13.03585	77.59028
469	13.03580	77.59027
470	13.03573	77.59027
471	13.03567	77.59026
472	13.03560	77.59025
473	13.03553	77.59025
474	13.03546	77.59024
475	13.03539	77.59022
476	13.03533	77.59020
477	13.03526	77.59018
478	13.03518	77.59017
479	13.03510	77.59016
480	13.03501	77.59014
481	13.03495	77.59014
482	13.03488	77.59014
483	13.03480	77.59013
484	13.03473	77.59012
485	13.03465	77.59011
486	13.03457	77.59010
487	13.03449	77.59009
488	13.03441	77.59008
489	13.03435	77.59007
490	13.03430	77.59005
491	13.03424	77.59003
492	13.03417	77.59002
493	13.03411	77.59000
494	13.03406	77.58998
495	13.03399	77.58996
496	13.03392	77.58994
497	13.03384	77.58989
498	13.03378	77.58987
499	13.03371	77.58984
500	13.03366	77.58982
501	13.03357	77.58979
502	13.03352	77.58977
503	13.03346	77.58975
504	13.03340	77.58973
505	13.03333	77.58970
506	13.03328	77.58969
507	13.03319	77.58966
508	13.03311	77.58963
509	13.03305	77.58961
510	13.03299	77.58959
511	13.03293	77.58957
512	13.03286	77.58954
513	13.03280	77.58952
514	13.03273	77.58950
515	13.03268	77.58948
516	13.03262	77.58946
517	13.03257	77.58945
518	13.03249	77.58942
519	13.03242	77.58940
520	13.03237	77.58938
521	13.03231	77.58937
522	13.03224	77.58936
523	13.03216	77.58934
524	13.03210	77.58932
525	13.03205	77.58931
526	13.03198	77.58929
527	13.03190	77.58926
528	13.03185	77.58924
529	13.03178	77.58920
530	13.03171	77.58916
531	13.03163	77.58913
532	13.03155	77.58911
533	13.03148	77.58909
534	13.03141	77.58907
535	13.03136	77.58906
536	13.03128	77.58903
537	13.03123	77.58901
538	13.03117	77.58898
539	13.03110	77.58896
540	13.03105	77.58894
541	13.03099	77.58891
542	13.03094	77.58889
543	13.03088	77.58888
544	13.03081	77.58886
545	13.03075	77.58882
546	13.03067	77.58878
547	13.03059	77.58874
548	13.03054	77.58871
549	13.03047	77.58867
550	13.03042	77.58863
551	13.03037	77.58859
552	13.03029	77.58852
553	13.03024	77.58848
554	13.03017	77.58843
555	13.03012	77.58840
556	13.03006	77.58835
557	13.03000	77.58832
558	13.02993	77.58827
559	13.02987	77.58824
560	13.02981	77.58821
561	13.02975	77.58818
562	13.02968	77.58814
563	13.02963	77.58811
564	13.02958	77.58810
565	13.02951	77.58808
566	13.02945	77.58805
567	13.02939	77.58803
568	13.02933	77.58799
569	13.02927	77.58797
570	13.02922	77.58794
571	13.02916	77.58792
572	13.02909	77.58790
573	13.02903	77.58788
574	13.02898	77.58785
575	13.02893	77.58783
576	13.02886	77.58781
577	13.02881	77.58779
578	13.02875	77.58776
579	13.02868	77.58775
580	13.02862	77.58772
581	13.02855	77.58770
582	13.02850	77.58769
583	13.02843	77.58767
584	13.02836	77.58764
585	13.02830	77.58761
586	13.02824	77.58758
587	13.02818	77.58755
588	13.02811	77.58752
589	13.02804	77.58748
590	13.02797	77.58744
591	13.02792	77.58741
592	13.02785	77.58738
593	13.02779	77.58734
594	13.02771	77.58730
595	13.02763	77.58727
596	13.02757	77.58726
597	13.02752	77.58726
598	13.02746	77.58727
599	13.02739	77.58731
600	13.02733	77.58738
601	13.02726	77.58746
602	13.02722	77.58751
603	13.02718	77.58756
604	13.02714	77.58762
605	13.02713	77.58768
606	13.02713	77.58775
607	13.02714	77.58781
608	13.02714	77.58787
609	13.02715	77.58792
610	13.02716	77.58798
611	13.02719	77.58803
612	13.02719	77.58809
613	13.02720	77.58815
614	13.02720	77.58821
615	13.02720	77.58828
616	13.02722	77.58834
617	13.02723	77.58840
618	13.02725	77.58847
619	13.02727	77.58855
620	13.02727	77.58860
621	13.02729	77.58865
622	13.02730	77.58872
623	13.02730	77.58877
624	13.02730	77.58884
625	13.02730	77.58891
626	13.02730	77.58897
627	13.02731	77.58903
628	13.02732	77.58909
629	13.02732	77.58915
630	13.02733	77.58923
631	13.02734	77.58929
632	13.02738	77.58935
633	13.02744	77.58938
634	13.02752	77.58940
635	13.02757	77.58940
636	13.02765	77.58940
637	13.02772	77.58941
638	13.02777	77.58943
639	13.02783	77.58944
640	13.02790	77.58945
641	13.02796	77.58945
642	13.02803	77.58945
643	13.02809	77.58945
644	13.02816	77.58946
645	13.02822	77.58948
646	13.02828	77.58949
647	13.02834	77.58951
648	13.02839	77.58953
649	13.02842	77.58959
650	13.02842	77.58965
651	13.02842	77.58971
652	13.02843	77.58977
653	13.02843	77.58983
654	13.02843	77.58990
655	13.02842	77.58996
656	13.02842	77.59003
657	13.02841	77.59009
658	13.02841	77.59016
659	13.02840	77.59022
660	13.02839	77.59027
661	13.02838	77.59033
662	13.02837	77.59040
663	13.02836	77.59046
664	13.02836	77.59053
665	13.02835	77.59058
666	13.02834	77.59065
667	13.02834	77.59071
668	13.02834	77.59077
669	13.02834	77.59085
670	13.02834	77.59093
671	13.02833	77.59099
672	13.02833	77.59106
673	13.02832	77.59112
674	13.02831	77.59119
675	13.02831	77.59126
676	13.02831	77.59131
677	13.02831	77.59138
678	13.02830	77.59146
679	13.02829	77.59152
680	13.02827	77.59161
681	13.02827	77.59167
682	13.02826	77.59172
683	13.02826	77.59178
684	13.02825	77.59184
685	13.02824	77.59189
686	13.02822	77.59195
687	13.02816	77.59195
688	13.02809	77.59195
689	13.02804	77.59196
690	13.02797	77.59197
691	13.02792	77.59197
692	13.02785	77.59197
693	13.02782	77.59192
694	13.02782	77.59184
695	13.02782	77.59179
696	13.02783	77.59173
697	13.02783	77.59168
698	13.02783	77.59161
699	13.02784	77.59156
700	13.02784	77.59150
701	13.02776	77.59145
702	13.02770	77.59139
703	13.02764	77.59134
704	13.02759	77.59127
705	13.02755	77.59122
706	13.02749	77.59114
707	13.02744	77.59112
708	13.02739	77.59115
709	13.02733	77.59119
710	13.02728	77.59123
711	13.02722	77.59125
712	13.02714	77.59130
713	13.02708	77.59133
714	13.02703	77.59136
715	13.02697	77.59140
716	13.02692	77.59142
717	13.02685	77.59145
718	13.02680	77.59149
719	13.02673	77.59151
720	13.02667	77.59154
721	13.02660	77.59157
722	13.02653	77.59159
723	13.02647	77.59161
724	13.02641	77.59165
725	13.02635	77.59167
726	13.02630	77.59169
727	13.02630	77.59176
728	13.02630	77.59182
729	13.02634	77.59189
730	13.02638	77.59195
731	13.02640	77.59203
732	13.02642	77.59208
733	13.02644	77.59216
734	13.02645	77.59224
735	13.02649	77.59231
736	13.02645	77.59239
737	13.02643	77.59245
738	13.02641	77.59251
739	13.02639	77.59259
740	13.02637	77.59266
741	13.02635	77.59271
742	13.02641	77.59276
743	13.02648	77.59281
744	13.02653	77.59283
745	13.02659	77.59283
746	13.02665	77.59283
747	13.02671	77.59283
748	13.02678	77.59282
749	13.02684	77.59282
750	13.02690	77.59282
751	13.02698	77.59282
752	13.02704	77.59282
753	13.02710	77.59283
754	13.02717	77.59286
755	13.02724	77.59290
756	13.02731	77.59293
757	13.02737	77.59298
758	13.02741	77.59304
759	13.02742	77.59310
760	13.02743	77.59315
761	13.02743	77.59322
762	13.02743	77.59328
763	13.02743	77.59334
764	13.02743	77.59342
765	13.02743	77.59348
766	13.02742	77.59355
767	13.02740	77.59361
768	13.02737	77.59367
769	13.02735	77.59374
770	13.02733	77.59381
771	13.02732	77.59386
772	13.02732	77.59393
773	13.02731	77.59400
774	13.02731	77.59407
775	13.02730	77.59413
776	13.02729	77.59418
777	13.02728	77.59424
778	13.02727	77.59431
779	13.02726	77.59438
780	13.02725	77.59444
781	13.02724	77.59450
782	13.02723	77.59456
783	13.02723	77.59462
784	13.02722	77.59468
785	13.02722	77.59474
786	13.02722	77.59481
787	13.02722	77.59487
788	13.02722	77.59494
789	13.02722	77.59501
790	13.02724	77.59509
791	13.02725	77.59514
792	13.02725	77.59520
793	13.02725	77.59527
794	13.02725	77.59534
795	13.02725	77.59539
796	13.02724	77.59546
797	13.02723	77.59552
798	13.02722	77.59557
799	13.02720	77.59564
800	13.02719	77.59570
801	13.02717	77.59576
802	13.02715	77.59582
803	13.02713	77.59590
804	13.02712	77.59597
805	13.02710	77.59605
806	13.02708	77.59610
807	13.02706	77.59616
808	13.02705	77.59622
809	13.02704	77.59627
810	13.02704	77.59633
811	13.02703	77.59640
