Rank	Latitude	Longitude
1	13.01264	77.64042
2	13.01258	77.64042
3	13.01252	77.64042
4	13.01246	77.64043
5	13.01240	77.64044
6	13.01235	77.64045
7	13.01228	77.64046
8	13.01222	77.64046
9	13.01217	77.64048
10	13.01212	77.64050
11	13.01206	77.64050
12	13.01199	77.64051
13	13.01193	77.64052
14	13.01187	77.64053
15	13.01182	77.64053
16	13.01176	77.64054
17	13.01170	77.64055
18	13.01164	77.64056
19	13.01158	77.64057
20	13.01151	77.64058
21	13.01146	77.64059
22	13.01140	77.64060
23	13.01135	77.64061
24	13.01129	77.64062
25	13.01123	77.64062
26	13.01116	77.64062
27	13.01110	77.64063
28	13.01103	77.64063
29	13.01097	77.64063
30	13.01091	77.64063
31	13.01086	77.64063
32	13.01079	77.64063
33	13.01073	77.64063
34	13.01067	77.64064
35	13.01062	77.64065
36	13.01054	77.64066
37	13.01047	77.64067
38	13.01042	77.64067
39	13.01036	77.64068
40	13.01029	77.64068
41	13.01023	77.64068
42	13.01016	77.64068
43	13.01013	77.64073
44	13.01013	77.64080
45	13.01012	77.64086
46	13.01012	77.64093
47	13.01012	77.64099
48	13.01011	77.64106
49	13.01009	77.64114
50	13.01008	77.64122
51	13.01007	77.64128
52	13.01008	77.64135
53	13.01009	77.64142
54	13.01012	77.64148
55	13.01013	77.64155
56	13.01013	77.64161
57	13.01013	77.64168
58	13.01014	77.64175
59	13.01016	77.64181
60	13.01017	77.64186
61	13.01018	77.64194
62	13.01019	77.64200
63	13.01019	77.64207
64	13.01021	77.64214
65	13.01023	77.64219
66	13.01024	77.64227
67	13.01025	77.64233
68	13.01026	77.64239
69	13.01027	77.64245
70	13.01028	77.64252
71	13.01030	77.64259
72	13.01033	77.64266
73	13.01034	77.64272
74	13.01036	77.64279
75	13.01038	77.64286
76	13.01042	77.64293
77	13.01044	77.64299
78	13.01045	77.64305
79	13.01039	77.64306
80	13.01034	77.64307
81	13.01028	77.64308
82	13.01022	77.64309
83	13.01016	77.64310
84	13.01010	77.64311
85	13.01005	77.64312
86	13.00999	77.64313
87	13.00992	77.64313
88	13.00986	77.64313
89	13.00978	77.64316
90	13.00972	77.64317
91	13.00966	77.64317
92	13.00959	77.64317
93	13.00953	77.64317
94	13.00947	77.64316
95	13.00941	77.64316
96	13.00935	77.64316
97	13.00929	77.64316
98	13.00923	77.64315
99	13.00917	77.64314
100	13.00912	77.64311
101	13.00906	77.64310
102	13.00899	77.64309
103	13.00892	77.64307
104	13.00886	77.64306
105	13.00880	77.64304
106	13.00872	77.64306
107	13.00865	77.64306
108	13.00860	77.64304
109	13.00854	77.64303
110	13.00848	77.64303
111	13.00842	77.64303
112	13.00834	77.64303
113	13.00826	77.64303
114	13.00819	77.64303
115	13.00813	77.64303
116	13.00807	77.64303
117	13.00801	77.64303
118	13.00795	77.64303
119	13.00789	77.64302
120	13.00782	77.64302
121	13.00776	77.64302
122	13.00770	77.64301
123	13.00764	77.64301
124	13.00758	77.64300
125	13.00752	77.64300
126	13.00746	77.64300
127	13.00740	77.64300
128	13.00734	77.64299
129	13.00727	77.64299
130	13.00722	77.64299
131	13.00716	77.64298
132	13.00709	77.64297
133	13.00701	77.64296
134	13.00695	77.64295
135	13.00689	77.64295
136	13.00684	77.64294
137	13.00678	77.64288
138	13.00673	77.64282
139	13.00670	77.64275
140	13.00666	77.64268
141	13.00663	77.64263
142	13.00660	77.64256
143	13.00655	77.64250
144	13.00650	77.64242
145	13.00646	77.64236
146	13.00642	77.64229
147	13.00636	77.64223
148	13.00632	77.64217
149	13.00627	77.64211
150	13.00623	77.64205
151	13.00621	77.64199
152	13.00617	77.64192
153	13.00613	77.64186
154	13.00608	77.64180
155	13.00604	77.64175
156	13.00599	77.64169
157	13.00593	77.64163
158	13.00589	77.64157
159	13.00585	77.64152
160	13.00579	77.64146
161	13.00574	77.64140
162	13.00569	77.64133
163	13.00564	77.64126
164	13.00559	77.64120
165	13.00553	77.64113
166	13.00549	77.64106
167	13.00543	77.64101
168	13.00538	77.64096
169	13.00532	77.64090
170	13.00527	77.64085
171	13.00521	77.64079
172	13.00517	77.64074
173	13.00512	77.64068
174	13.00507	77.64062
175	13.00502	77.64055
176	13.00497	77.64050
177	13.00492	77.64043
178	13.00488	77.64036
179	13.00484	77.64030
180	13.00480	77.64022
181	13.00475	77.64016
182	13.00471	77.64009
183	13.00466	77.64003
184	13.00461	77.63996
185	13.00457	77.63989
186	13.00453	77.63983
187	13.00449	77.63976
188	13.00444	77.63969
189	13.00440	77.63962
190	13.00437	77.63955
191	13.00432	77.63948
192	13.00428	77.63940
193	13.00425	77.63934
194	13.00422	77.63927
195	13.00418	77.63920
196	13.00416	77.63915
197	13.00412	77.63907
198	13.00409	77.63900
199	13.00404	77.63893
200	13.00403	77.63888
201	13.00401	77.63882
202	13.00397	77.63877
203	13.00393	77.63871
204	13.00388	77.63864
205	13.00383	77.63858
206	13.00377	77.63851
207	13.00372	77.63846
208	13.00367	77.63841
209	13.00360	77.63836
210	13.00354	77.63832
211	13.00348	77.63827
212	13.00343	77.63823
213	13.00336	77.63818
214	13.00330	77.63813
215	13.00324	77.63809
216	13.00318	77.63802
217	13.00312	77.63797
218	13.00307	77.63792
219	13.00301	77.63785
220	13.00296	77.63780
221	13.00292	77.63774
222	13.00286	77.63767
223	13.00279	77.63761
224	13.00272	77.63756
225	13.00266	77.63751
226	13.00261	77.63744
227	13.00256	77.63737
228	13.00249	77.63731
229	13.00243	77.63726
230	13.00236	77.63719
231	13.00232	77.63712
232	13.00228	77.63706
233	13.00223	77.63700
234	13.00219	77.63695
235	13.00213	77.63688
236	13.00209	77.63683
237	13.00202	77.63677
238	13.00196	77.63671
239	13.00190	77.63663
240	13.00186	77.63657
241	13.00181	77.63650
242	13.00176	77.63645
243	13.00173	77.63640
244	13.00167	77.63632
245	13.00160	77.63625
246	13.00155	77.63618
247	13.00149	77.63611
248	13.00145	77.63606
249	13.00141	77.63600
250	13.00137	77.63594
251	13.00132	77.63586
252	13.00127	77.63580
253	13.00123	77.63574
254	13.00120	77.63568
255	13.00117	77.63562
256	13.00113	77.63555
257	13.00110	77.63548
258	13.00106	77.63541
259	13.00102	77.63535
260	13.00099	77.63529
261	13.00096	77.63523
262	13.00093	77.63515
263	13.00092	77.63509
264	13.00089	77.63502
265	13.00087	77.63495
266	13.00085	77.63489
267	13.00084	77.63484
268	13.00082	77.63478
269	13.00081	77.63472
270	13.00079	77.63465
271	13.00077	77.63459
272	13.00075	77.63452
273	13.00073	77.63447
274	13.00071	77.63441
275	13.00070	77.63435
276	13.00068	77.63429
277	13.00067	77.63423
278	13.00065	77.63415
279	13.00063	77.63407
280	13.00061	77.63400
281	13.00059	77.63394
282	13.00058	77.63386
283	13.00056	77.63380
284	13.00053	77.63372
285	13.00052	77.63364
286	13.00050	77.63359
287	13.00049	77.63352
288	13.00047	77.63345
289	13.00046	77.63338
290	13.00044	77.63331
291	13.00042	77.63325
292	13.00041	77.63317
293	13.00041	77.63312
294	13.00040	77.63305
295	13.00039	77.63298
296	13.00039	77.63292
297	13.00038	77.63287
298	13.00037	77.63280
299	13.00036	77.63273
300	13.00035	77.63267
301	13.00034	77.63260
302	13.00033	77.63254
303	13.00032	77.63247
304	13.00031	77.63242
305	13.00030	77.63236
306	13.00028	77.63229
307	13.00027	77.63223
308	13.00026	77.63217
309	13.00024	77.63210
310	13.00023	77.63204
311	13.00023	77.63198
312	13.00022	77.63191
313	13.00021	77.63185
314	13.00020	77.63179
315	13.00020	77.63174
316	13.00019	77.63167
317	13.00018	77.63162
318	13.00018	77.63155
319	13.00026	77.63153
320	13.00031	77.63152
321	13.00038	77.63150
322	13.00043	77.63149
323	13.00049	77.63148
324	13.00057	77.63147
325	13.00062	77.63145
326	13.00069	77.63144
327	13.00074	77.63143
328	13.00080	77.63142
329	13.00085	77.63141
330	13.00091	77.63140
331	13.00097	77.63140
332	13.00103	77.63138
333	13.00109	77.63137
334	13.00115	77.63137
335	13.00120	77.63136
336	13.00128	77.63135
337	13.00133	77.63134
338	13.00140	77.63134
339	13.00146	77.63134
340	13.00151	77.63133
341	13.00156	77.63133
342	13.00159	77.63138
343	13.00159	77.63144
344	13.00160	77.63151
345	13.00161	77.63157
346	13.00163	77.63162
347	13.00166	77.63169
348	13.00172	77.63175
349	13.00177	77.63180
350	13.00180	77.63186
351	13.00182	77.63193
352	13.00185	77.63200
353	13.00190	77.63207
354	13.00192	77.63213
355	13.00195	77.63219
356	13.00200	77.63224
357	13.00206	77.63227
358	13.00213	77.63231
359	13.00219	77.63235
360	13.00225	77.63239
361	13.00232	77.63244
362	13.00239	77.63247
363	13.00245	77.63251
364	13.00252	77.63254
365	13.00258	77.63259
366	13.00263	77.63262
367	13.00269	77.63264
368	13.00274	77.63267
369	13.00281	77.63269
370	13.00287	77.63273
371	13.00294	77.63276
372	13.00299	77.63281
373	13.00304	77.63283
374	13.00309	77.63285
375	13.00316	77.63289
376	13.00323	77.63291
377	13.00330	77.63290
378	13.00339	77.63290
379	13.00347	77.63290
380	13.00355	77.63290
381	13.00361	77.63290
382	13.00366	77.63291
383	13.00372	77.63292
384	13.00378	77.63292
385	13.00384	77.63293
386	13.00389	77.63294
387	13.00396	77.63295
388	13.00402	77.63297
389	13.00408	77.63297
390	13.00414	77.63298
391	13.00421	77.63300
392	13.00426	77.63301
393	13.00433	77.63302
394	13.00438	77.63304
395	13.00446	77.63307
396	13.00453	77.63308
397	13.00460	77.63308
398	13.00465	77.63307
399	13.00471	77.63303
400	13.00476	77.63300
401	13.00482	77.63297
402	13.00488	77.63292
403	13.00493	77.63289
404	13.00498	77.63285
405	13.00505	77.63282
406	13.00510	77.63279
407	13.00516	77.63276
408	13.00522	77.63272
409	13.00529	77.63269
410	13.00535	77.63265
411	13.00540	77.63262
412	13.00546	77.63259
413	13.00551	77.63255
414	13.00557	77.63250
415	13.00562	77.63246
416	13.00568	77.63242
417	13.00573	77.63239
418	13.00580	77.63235
419	13.00587	77.63235
420	13.00593	77.63236
421	13.00601	77.63237
422	13.00608	77.63238
423	13.00614	77.63241
424	13.00620	77.63244
425	13.00625	77.63251
426	13.00629	77.63256
427	13.00633	77.63262
428	13.00637	77.63267
429	13.00640	77.63273
430	13.00643	77.63279
431	13.00648	77.63285
432	13.00652	77.63291
433	13.00654	77.63297
434	13.00658	77.63304
435	13.00662	77.63309
436	13.00665	77.63315
437	13.00669	77.63321
438	13.00673	77.63327
439	13.00680	77.63333
440	13.00687	77.63339
441	13.00692	77.63343
442	13.00697	77.63346
443	13.00702	77.63349
444	13.00708	77.63350
445	13.00715	77.63351
446	13.00722	77.63351
447	13.00728	77.63351
448	13.00733	77.63352
449	13.00739	77.63352
450	13.00744	77.63353
451	13.00752	77.63354
452	13.00758	77.63355
453	13.00764	77.63356
454	13.00770	77.63356
455	13.00777	77.63358
456	13.00784	77.63360
457	13.00790	77.63361
458	13.00798	77.63364
459	13.00805	77.63365
460	13.00812	77.63366
461	13.00820	77.63367
462	13.00828	77.63367
463	13.00836	77.63367
464	13.00843	77.63366
465	13.00850	77.63366
466	13.00857	77.63365
467	13.00865	77.63363
468	13.00872	77.63361
469	13.00880	77.63360
470	13.00887	77.63359
471	13.00894	77.63358
472	13.00901	77.63357
473	13.00910	77.63357
474	13.00919	77.63357
475	13.00925	77.63355
476	13.00931	77.63354
477	13.00937	77.63353
478	13.00943	77.63352
479	13.00949	77.63353
480	13.00954	77.63353
481	13.00962	77.63351
482	13.00970	77.63350
483	13.00977	77.63349
484	13.00984	77.63348
485	13.00991	77.63348
486	13.00996	77.63346
487	13.01004	77.63345
488	13.01011	77.63344
489	13.01017	77.63344
490	13.01025	77.63343
491	13.01031	77.63342
492	13.01038	77.63341
493	13.01045	77.63341
494	13.01053	77.63342
495	13.01058	77.63350
496	13.01063	77.63351
497	13.01068	77.63352
498	13.01074	77.63353
499	13.01082	77.63353
500	13.01090	77.63354
501	13.01097	77.63354
502	13.01105	77.63354
503	13.01114	77.63354
504	13.01122	77.63354
505	13.01130	77.63355
506	13.01138	77.63356
507	13.01146	77.63356
508	13.01153	77.63358
509	13.01158	77.63360
510	13.01158	77.63367
511	13.01159	77.63372
512	13.01158	77.63379
513	13.01158	77.63385
514	13.01157	77.63392
515	13.01157	77.63398
516	13.01155	77.63404
517	13.01154	77.63411
518	13.01153	77.63417
519	13.01151	77.63423
520	13.01151	77.63430
521	13.01151	77.63436
522	13.01151	77.63442
523	13.01151	77.63449
524	13.01151	77.63456
525	13.01150	77.63462
526	13.01150	77.63469
527	13.01149	77.63475
528	13.01149	77.63484
529	13.01148	77.63489
530	13.01148	77.63495
531	13.01148	77.63503
532	13.01148	77.63510
533	13.01148	77.63517
534	13.01147	77.63523
535	13.01147	77.63530
536	13.01147	77.63536
537	13.01146	77.63542
538	13.01146	77.63549
539	13.01145	77.63556
540	13.01145	77.63562
541	13.01145	77.63568
542	13.01145	77.63575
543	13.01144	77.63581
544	13.01143	77.63588
545	13.01142	77.63595
546	13.01141	77.63600
547	13.01141	77.63607
548	13.01138	77.63615
549	13.01137	77.63621
550	13.01137	77.63628
551	13.01136	77.63633
552	13.01135	77.63640
553	13.01135	77.63647
554	13.01141	77.63648
555	13.01148	77.63650
556	13.01155	77.63652
557	13.01161	77.63653
558	13.01168	77.63654
559	13.01175	77.63657
560	13.01181	77.63659
561	13.01188	77.63660
562	13.01194	77.63662
563	13.01200	77.63663
564	13.01208	77.63665
565	13.01215	77.63665
566	13.01221	77.63666
567	13.01226	77.63666
568	13.01232	77.63668
569	13.01239	77.63670
570	13.01245	77.63672
571	13.01252	77.63672
572	13.01260	77.63672
573	13.01265	77.63673
574	13.01272	77.63675
575	13.01279	77.63676
576	13.01287	77.63679
577	13.01293	77.63681
578	13.01299	77.63683
579	13.01306	77.63685
580	13.01308	77.63691
581	13.01307	77.63697
582	13.01307	77.63704
583	13.01305	77.63710
584	13.01303	77.63717
585	13.01301	77.63726
586	13.01299	77.63733
587	13.01298	77.63739
588	13.01296	77.63745
589	13.01295	77.63750
590	13.01293	77.63757
591	13.01291	77.63763
592	13.01290	77.63772
593	13.01289	77.63778
594	13.01288	77.63784
595	13.01287	77.63790
596	13.01286	77.63795
597	13.01285	77.63801
598	13.01284	77.63807
599	13.01283	77.63813
600	13.01280	77.63821
601	13.01279	77.63826
602	13.01278	77.63833
603	13.01278	77.63839
604	13.01277	77.63846
605	13.01277	77.63852
606	13.01276	77.63858
607	13.01275	77.63864
608	13.01274	77.63871
609	13.01273	77.63879
610	13.01273	77.63885
611	13.01273	77.63892
612	13.01273	77.63898
613	13.01273	77.63905
614	13.01273	77.63912
615	13.01272	77.63919
616	13.01270	77.63925
617	13.01269	77.63932
618	13.01268	77.63938
619	13.01268	77.63944
620	13.01267	77.63949
621	13.01266	77.63955
622	13.01264	77.63961
623	13.01263	77.63966
624	13.01263	77.63974
625	13.01262	77.63980
626	13.01262	77.63988
627	13.01262	77.63995
628	13.01262	77.64003
629	13.01262	77.64010
630	13.01263	77.64017
631	13.01263	77.64024
632	13.01264	77.64030
