Rank	Latitude	Longitude
1	13.00851	77.61321
2	13.00857	77.61320
3	13.00862	77.61321
4	13.00868	77.61322
5	13.00876	77.61323
6	13.00883	77.61323
7	13.00888	77.61324
8	13.00895	77.61324
9	13.00902	77.61325
10	13.00908	77.61326
11	13.00915	77.61327
12	13.00921	77.61327
13	13.00928	77.61328
14	13.00936	77.61329
15	13.00942	77.61330
16	13.00950	77.61331
17	13.00957	77.61332
18	13.00965	77.61333
19	13.00970	77.61334
20	13.00978	77.61336
21	13.00985	77.61337
22	13.00993	77.61338
23	13.00998	77.61339
24	13.01005	77.61339
25	13.01011	77.61339
26	13.01017	77.61340
27	13.01023	77.61340
28	13.01030	77.61341
29	13.01037	77.61341
30	13.01043	77.61342
31	13.01048	77.61342
32	13.01054	77.61343
33	13.01060	77.61344
34	13.01067	77.61344
35	13.01072	77.61345
36	13.01079	77.61346
37	13.01086	77.61346
38	13.01091	77.61345
39	13.01098	77.61345
40	13.01107	77.61344
41	13.01115	77.61344
42	13.01124	77.61344
43	13.01132	77.61344
44	13.01140	77.61344
45	13.01148	77.61343
46	13.01155	77.61342
47	13.01164	77.61342
48	13.01172	77.61342
49	13.01180	77.61342
50	13.01186	77.61341
51	13.01195	77.61341
52	13.01201	77.61341
53	13.01209	77.61340
54	13.01215	77.61340
55	13.01223	77.61339
56	13.01231	77.61340
57	13.01239	77.61340
58	13.01248	77.61340
59	13.01255	77.61339
60	13.01263	77.61339
61	13.01271	77.61338
62	13.01279	77.61337
63	13.01287	77.61337
64	13.01295	77.61336
65	13.01302	77.61336
66	13.01310	77.61336
67	13.01318	77.61335
68	13.01326	77.61335
69	13.01333	77.61334
70	13.01341	77.61334
71	13.01349	77.61335
72	13.01357	77.61335
73	13.01364	77.61336
74	13.01372	77.61336
75	13.01380	77.61337
76	13.01389	77.61337
77	13.01397	77.61336
78	13.01404	77.61335
79	13.01411	77.61334
80	13.01419	77.61334
81	13.01427	77.61333
82	13.01432	77.61333
83	13.01439	77.61332
84	13.01445	77.61332
85	13.01451	77.61330
86	13.01459	77.61329
87	13.01465	77.61328
88	13.01472	77.61327
89	13.01479	77.61326
90	13.01484	77.61325
91	13.01492	77.61325
92	13.01500	77.61324
93	13.01508	77.61322
94	13.01514	77.61322
95	13.01519	77.61322
96	13.01526	77.61322
97	13.01532	77.61322
98	13.01539	77.61322
99	13.01545	77.61322
100	13.01551	77.61322
101	13.01560	77.61320
102	13.01565	77.61320
103	13.01574	77.61319
104	13.01581	77.61318
105	13.01588	77.61318
106	13.01595	77.61318
107	13.01602	77.61318
108	13.01610	77.61317
109	13.01616	77.61317
110	13.01623	77.61316
111	13.01629	77.61315
112	13.01635	77.61314
113	13.01643	77.61313
114	13.01649	77.61312
115	13.01655	77.61309
116	13.01660	77.61307
117	13.01666	77.61306
118	13.01674	77.61305
119	13.01680	77.61304
120	13.01686	77.61302
121	13.01694	77.61300
122	13.01700	77.61298
123	13.01705	77.61297
124	13.01710	77.61295
125	13.01716	77.61292
126	13.01722	77.61291
127	13.01728	77.61289
128	13.01733	77.61286
129	13.01739	77.61282
130	13.01743	77.61277
131	13.01746	77.61271
132	13.01750	77.61265
133	13.01755	77.61256
134	13.01757	77.61251
135	13.01761	77.61245
136	13.01763	77.61240
137	13.01765	77.61233
138	13.01767	77.61227
139	13.01769	77.61222
140	13.01772	77.61215
141	13.01773	77.61210
142	13.01775	77.61203
143	13.01776	77.61197
144	13.01778	77.61190
145	13.01781	77.61184
146	13.01784	77.61176
147	13.01785	77.61171
148	13.01787	77.61163
149	13.01789	77.61156
150	13.01793	77.61150
151	13.01795	77.61143
152	13.01797	77.61137
153	13.01799	77.61131
154	13.01801	77.61125
155	13.01803	77.61119
156	13.01805	77.61113
157	13.01807	77.61107
158	13.01809	77.61100
159	13.01812	77.61094
160	13.01815	77.61089
161	13.01820	77.61085
162	13.01826	77.61083
163	13.01832	77.61081
164	13.01838	77.61079
165	13.01843	77.61070
166	13.01845	77.61065
167	13.01848	77.61059
168	13.01851	77.61052
169	13.01853	77.61047
170	13.01857	77.61039
171	13.01860	77.61032
172	13.01863	77.61027
173	13.01866	77.61021
174	13.01869	77.61016
175	13.01872	77.61009
176	13.01878	77.61009
177	13.01884	77.61015
178	13.01889	77.61020
179	13.01895	77.61026
180	13.01899	77.61031
181	13.01904	77.61037
182	13.01908	77.61043
183	13.01913	77.61050
184	13.01917	77.61055
185	13.01923	77.61062
186	13.01928	77.61068
187	13.01934	77.61073
188	13.01941	77.61078
189	13.01947	77.61083
190	13.01953	77.61088
191	13.01958	77.61094
192	13.01964	77.61099
193	13.01969	77.61103
194	13.01976	77.61110
195	13.01980	77.61116
196	13.01986	77.61122
197	13.01990	77.61128
198	13.01995	77.61133
199	13.02000	77.61138
200	13.02005	77.61144
201	13.02010	77.61148
202	13.02016	77.61153
203	13.02022	77.61157
204	13.02027	77.61159
205	13.02034	77.61162
206	13.02041	77.61166
207	13.02046	77.61168
208	13.02054	77.61171
209	13.02059	77.61174
210	13.02065	77.61175
211	13.02073	77.61177
212	13.02078	77.61179
213	13.02085	77.61183
214	13.02092	77.61186
215	13.02098	77.61188
216	13.02105	77.61191
217	13.02111	77.61195
218	13.02117	77.61197
219	13.02122	77.61199
220	13.02129	77.61203
221	13.02136	77.61206
222	13.02142	77.61210
223	13.02146	77.61218
224	13.02147	77.61223
225	13.02148	77.61229
226	13.02149	77.61235
227	13.02149	77.61242
228	13.02149	77.61248
229	13.02148	77.61256
230	13.02148	77.61262
231	13.02147	77.61269
232	13.02148	77.61275
233	13.02140	77.61278
234	13.02132	77.61279
235	13.02126	77.61279
236	13.02120	77.61280
237	13.02114	77.61282
238	13.02108	77.61283
239	13.02100	77.61283
240	13.02094	77.61284
241	13.02088	77.61284
242	13.02082	77.61284
243	13.02075	77.61286
244	13.02067	77.61286
245	13.02061	77.61287
246	13.02055	77.61287
247	13.02049	77.61289
248	13.02049	77.61294
249	13.02047	77.61300
250	13.02045	77.61307
251	13.02042	77.61313
252	13.02040	77.61320
253	13.02037	77.61325
254	13.02034	77.61331
255	13.02031	77.61338
256	13.02028	77.61344
257	13.02027	77.61350
258	13.02027	77.61355
259	13.02027	77.61362
260	13.02026	77.61367
261	13.02025	77.61374
262	13.02024	77.61380
263	13.02024	77.61387
264	13.02029	77.61389
265	13.02035	77.61391
266	13.02041	77.61395
267	13.02047	77.61399
268	13.02054	77.61403
269	13.02060	77.61408
270	13.02066	77.61412
271	13.02071	77.61418
272	13.02074	77.61423
273	13.02079	77.61429
274	13.02084	77.61436
275	13.02087	77.61444
276	13.02088	77.61449
277	13.02089	77.61456
278	13.02089	77.61462
279	13.02089	77.61469
280	13.02089	77.61475
281	13.02089	77.61482
282	13.02087	77.61488
283	13.02083	77.61495
284	13.02078	77.61501
285	13.02075	77.61506
286	13.02071	77.61513
287	13.02069	77.61519
288	13.02067	77.61527
289	13.02065	77.61534
290	13.02063	77.61541
291	13.02061	77.61547
292	13.02060	77.61553
293	13.02059	77.61559
294	13.02059	77.61565
295	13.02058	77.61572
296	13.02056	77.61578
297	13.02055	77.61585
298	13.02055	77.61591
299	13.02054	77.61598
300	13.02053	77.61604
301	13.02053	77.61611
302	13.02053	77.61617
303	13.02053	77.61624
304	13.02052	77.61630
305	13.02051	77.61637
306	13.02051	77.61643
307	13.02051	77.61648
308	13.02050	77.61655
309	13.02049	77.61662
310	13.02049	77.61669
311	13.02049	77.61675
312	13.02048	77.61682
313	13.02047	77.61687
314	13.02046	77.61693
315	13.02044	77.61699
316	13.02043	77.61704
317	13.02041	77.61711
318	13.02040	77.61717
319	13.02040	77.61723
320	13.02041	77.61729
321	13.02041	77.61735
322	13.02046	77.61742
323	13.02052	77.61746
324	13.02059	77.61750
325	13.02066	77.61754
326	13.02072	77.61758
327	13.02078	77.61762
328	13.02084	77.61765
329	13.02090	77.61769
330	13.02097	77.61773
331	13.02103	77.61777
332	13.02109	77.61780
333	13.02115	77.61785
334	13.02120	77.61791
335	13.02121	77.61798
336	13.02121	77.61804
337	13.02122	77.61811
338	13.02124	77.61817
339	13.02125	77.61823
340	13.02126	77.61829
341	13.02126	77.61835
342	13.02127	77.61842
343	13.02127	77.61850
344	13.02128	77.61855
345	13.02129	77.61862
346	13.02129	77.61868
347	13.02129	77.61875
348	13.02129	77.61882
349	13.02129	77.61890
350	13.02129	77.61898
351	13.02129	77.61906
352	13.02122	77.61905
353	13.02116	77.61905
354	13.02110	77.61904
355	13.02105	77.61903
356	13.02098	77.61902
357	13.02092	77.61901
358	13.02086	77.61901
359	13.02080	77.61901
360	13.02074	77.61900
361	13.02068	77.61900
362	13.02061	77.61899
363	13.02055	77.61899
364	13.02048	77.61898
365	13.02043	77.61897
366	13.02037	77.61896
367	13.02031	77.61895
368	13.02025	77.61895
369	13.02017	77.61895
370	13.02010	77.61895
371	13.02003	77.61895
372	13.01996	77.61895
373	13.01990	77.61895
374	13.01984	77.61894
375	13.01978	77.61894
376	13.01972	77.61893
377	13.01966	77.61892
378	13.01960	77.61890
379	13.01954	77.61888
380	13.01948	77.61886
381	13.01943	77.61885
382	13.01937	77.61883
383	13.01931	77.61881
384	13.01926	77.61880
385	13.01920	77.61878
386	13.01914	77.61878
387	13.01906	77.61877
388	13.01900	77.61876
389	13.01895	77.61875
390	13.01889	77.61873
391	13.01882	77.61871
392	13.01877	77.61870
393	13.01872	77.61867
394	13.01865	77.61865
395	13.01860	77.61864
396	13.01853	77.61862
397	13.01847	77.61860
398	13.01841	77.61858
399	13.01836	77.61856
400	13.01831	77.61855
401	13.01824	77.61853
402	13.01819	77.61851
403	13.01813	77.61849
404	13.01807	77.61848
405	13.01802	77.61846
406	13.01796	77.61844
407	13.01791	77.61842
408	13.01784	77.61839
409	13.01778	77.61837
410	13.01773	77.61834
411	13.01767	77.61833
412	13.01759	77.61830
413	13.01753	77.61828
414	13.01747	77.61827
415	13.01740	77.61824
416	13.01735	77.61822
417	13.01727	77.61820
418	13.01722	77.61818
419	13.01716	77.61816
420	13.01709	77.61814
421	13.01704	77.61812
422	13.01699	77.61810
423	13.01693	77.61808
424	13.01687	77.61806
425	13.01679	77.61804
426	13.01673	77.61802
427	13.01666	77.61800
428	13.01661	77.61798
429	13.01653	77.61796
430	13.01646	77.61794
431	13.01641	77.61792
432	13.01634	77.61790
433	13.01629	77.61788
434	13.01622	77.61786
435	13.01615	77.61784
436	13.01609	77.61781
437	13.01601	77.61778
438	13.01595	77.61777
439	13.01590	77.61775
440	13.01583	77.61772
441	13.01576	77.61769
442	13.01571	77.61766
443	13.01564	77.61762
444	13.01558	77.61759
445	13.01551	77.61755
446	13.01543	77.61752
447	13.01536	77.61748
448	13.01530	77.61745
449	13.01524	77.61742
450	13.01516	77.61738
451	13.01510	77.61734
452	13.01504	77.61732
453	13.01498	77.61730
454	13.01493	77.61727
455	13.01488	77.61726
456	13.01482	77.61724
457	13.01474	77.61722
458	13.01463	77.61718
459	13.01455	77.61715
460	13.01450	77.61713
461	13.01444	77.61710
462	13.01439	77.61708
463	13.01433	77.61705
464	13.01427	77.61702
465	13.01421	77.61700
466	13.01416	77.61697
467	13.01411	77.61695
468	13.01403	77.61692
469	13.01397	77.61688
470	13.01391	77.61687
471	13.01386	77.61685
472	13.01380	77.61683
473	13.01374	77.61681
474	13.01368	77.61679
475	13.01362	77.61677
476	13.01357	77.61675
477	13.01349	77.61672
478	13.01342	77.61668
479	13.01336	77.61665
480	13.01329	77.61661
481	13.01323	77.61659
482	13.01318	77.61657
483	13.01310	77.61654
484	13.01305	77.61651
485	13.01299	77.61649
486	13.01291	77.61647
487	13.01285	77.61644
488	13.01279	77.61643
489	13.01273	77.61642
490	13.01268	77.61640
491	13.01262	77.61638
492	13.01257	77.61636
493	13.01251	77.61634
494	13.01244	77.61630
495	13.01237	77.61627
496	13.01232	77.61625
497	13.01225	77.61621
498	13.01219	77.61619
499	13.01212	77.61615
500	13.01206	77.61612
501	13.01201	77.61609
502	13.01194	77.61606
503	13.01189	77.61602
504	13.01183	77.61598
505	13.01176	77.61593
506	13.01169	77.61589
507	13.01163	77.61585
508	13.01156	77.61580
509	13.01150	77.61575
510	13.01144	77.61571
511	13.01139	77.61567
512	13.01133	77.61562
513	13.01125	77.61556
514	13.01118	77.61553
515	13.01112	77.61549
516	13.01106	77.61546
517	13.01100	77.61541
518	13.01094	77.61536
519	13.01086	77.61534
520	13.01080	77.61533
521	13.01075	77.61535
522	13.01071	77.61541
523	13.01067	77.61547
524	13.01063	77.61554
525	13.01058	77.61560
526	13.01054	77.61568
527	13.01050	77.61575
528	13.01048	77.61581
529	13.01044	77.61587
530	13.01041	77.61594
531	13.01040	77.61600
532	13.01037	77.61607
533	13.01034	77.61614
534	13.01027	77.61615
535	13.01021	77.61614
536	13.01015	77.61612
537	13.01009	77.61610
538	13.01004	77.61609
539	13.00998	77.61607
540	13.00992	77.61606
541	13.00986	77.61604
542	13.00980	77.61602
543	13.00974	77.61600
544	13.00968	77.61599
545	13.00962	77.61597
546	13.00955	77.61595
547	13.00950	77.61594
548	13.00944	77.61592
549	13.00939	77.61590
550	13.00934	77.61589
551	13.00928	77.61586
552	13.00922	77.61585
553	13.00916	77.61583
554	13.00911	77.61580
555	13.00912	77.61575
556	13.00913	77.61568
557	13.00914	77.61562
558	13.00916	77.61556
559	13.00918	77.61550
560	13.00919	77.61545
561	13.00920	77.61540
562	13.00922	77.61533
563	13.00926	77.61526
564	13.00931	77.61520
565	13.00935	77.61515
566	13.00939	77.61509
567	13.00943	77.61502
568	13.00946	77.61494
569	13.00949	77.61488
570	13.00953	77.61481
571	13.00952	77.61474
572	13.00944	77.61468
573	13.00937	77.61463
574	13.00931	77.61459
575	13.00925	77.61456
576	13.00920	77.61453
577	13.00913	77.61449
578	13.00906	77.61443
579	13.00899	77.61439
580	13.00894	77.61435
581	13.00888	77.61432
582	13.00882	77.61429
583	13.00875	77.61424
584	13.00869	77.61421
585	13.00862	77.61416
586	13.00856	77.61413
587	13.00851	77.61409
588	13.00844	77.61406
589	13.00838	77.61402
590	13.00833	77.61399
591	13.00827	77.61394
592	13.00826	77.61387
593	13.00829	77.61381
594	13.00834	77.61374
595	13.00837	77.61367
596	13.00842	77.61361
597	13.00845	77.61355
598	13.00850	77.61349
599	13.00855	77.61343
600	13.00858	77.61336
601	13.00857	77.61329
