Rank	Latitude	Longitude
1	13.02318	77.60081
2	13.02312	77.60087
3	13.02304	77.60092
4	13.02299	77.60096
5	13.02295	77.60102
6	13.02294	77.60108
7	13.02292	77.60114
8	13.02289	77.60119
9	13.02288	77.60125
10	13.02284	77.60130
11	13.02277	77.60136
12	13.02272	77.60140
13	13.02264	77.60147
14	13.02263	77.60154
15	13.02260	77.60159
16	13.02257	77.60166
17	13.02253	77.60173
18	13.02249	77.60178
19	13.02245	77.60184
20	13.02241	77.60191
21	13.02239	77.60196
22	13.02237	77.60201
23	13.02233	77.60209
24	13.02230	77.60214
25	13.02227	77.60222
26	13.02226	77.60228
27	13.02223	77.60233
28	13.02222	77.60239
29	13.02220	77.60245
30	13.02219	77.60251
31	13.02216	77.60258
32	13.02214	77.60266
33	13.02213	77.60272
34	13.02210	77.60280
35	13.02209	77.60285
36	13.02207	77.60291
37	13.02204	77.60298
38	13.02203	77.60304
39	13.02201	77.60310
40	13.02198	77.60317
41	13.02193	77.60324
42	13.02191	77.60330
43	13.02189	77.60336
44	13.02186	77.60343
45	13.02183	77.60349
46	13.02181	77.60357
47	13.02180	77.60364
48	13.02178	77.60371
49	13.02175	77.60377
50	13.02172	77.60383
51	13.02169	77.60394
52	13.02167	77.60399
53	13.02166	77.60406
54	13.02164	77.60411
55	13.02162	77.60419
56	13.02162	77.60426
57	13.02160	77.60431
58	13.02159	77.60437
59	13.02158	77.60443
60	13.02157	77.60449
61	13.02155	77.60456
62	13.02155	77.60461
63	13.02153	77.60468
64	13.02152	77.60476
65	13.02152	77.60483
66	13.02150	77.60489
67	13.02149	77.60496
68	13.02148	77.60501
69	13.02148	77.60508
70	13.02146	77.60516
71	13.02145	77.60522
72	13.02144	77.60529
73	13.02143	77.60535
74	13.02143	77.60542
75	13.02141	77.60549
76	13.02141	77.60556
77	13.02140	77.60561
78	13.02140	77.60568
79	13.02139	77.60575
80	13.02139	77.60580
81	13.02138	77.60586
82	13.02138	77.60595
83	13.02137	77.60600
84	13.02137	77.60606
85	13.02137	77.60613
86	13.02137	77.60620
87	13.02137	77.60626
88	13.02137	77.60632
89	13.02137	77.60639
90	13.02131	77.60643
91	13.02125	77.60644
92	13.02119	77.60642
93	13.02113	77.60639
94	13.02106	77.60636
95	13.02099	77.60634
96	13.02092	77.60631
97	13.02086	77.60627
98	13.02079	77.60625
99	13.02074	77.60623
100	13.02067	77.60622
101	13.02061	77.60620
102	13.02055	77.60617
103	13.02049	77.60614
104	13.02042	77.60611
105	13.02037	77.60608
106	13.02031	77.60606
107	13.02025	77.60604
108	13.02019	77.60601
109	13.02014	77.60599
110	13.02009	77.60597
111	13.02003	77.60596
112	13.01998	77.60595
113	13.01993	77.60593
114	13.01987	77.60591
115	13.01982	77.60590
116	13.01977	77.60596
117	13.01977	77.60601
118	13.01976	77.60608
119	13.01976	77.60614
120	13.01976	77.60620
121	13.01977	77.60627
122	13.01977	77.60632
123	13.01977	77.60638
124	13.01977	77.60646
125	13.01977	77.60651
126	13.01977	77.60657
127	13.01977	77.60664
128	13.01978	77.60671
129	13.01978	77.60679
130	13.01979	77.60684
131	13.01979	77.60691
132	13.01979	77.60697
133	13.01979	77.60703
134	13.01980	77.60709
135	13.01981	77.60715
136	13.01981	77.60723
137	13.01981	77.60730
138	13.01984	77.60737
139	13.01985	77.60746
140	13.01985	77.60754
141	13.01984	77.60759
142	13.01978	77.60763
143	13.01973	77.60767
144	13.01966	77.60774
145	13.01962	77.60779
146	13.01956	77.60787
147	13.01953	77.60792
148	13.01950	77.60799
149	13.01950	77.60806
150	13.01949	77.60812
151	13.01947	77.60818
152	13.01945	77.60824
153	13.01942	77.60829
154	13.01939	77.60836
155	13.01936	77.60842
156	13.01934	77.60848
157	13.01933	77.60854
158	13.01930	77.60861
159	13.01928	77.60867
160	13.01926	77.60874
161	13.01925	77.60879
162	13.01923	77.60885
163	13.01920	77.60891
164	13.01917	77.60897
165	13.01916	77.60903
166	13.01914	77.60911
167	13.01913	77.60917
168	13.01910	77.60923
169	13.01909	77.60930
170	13.01906	77.60935
171	13.01904	77.60941
172	13.01902	77.60949
173	13.01898	77.60956
174	13.01897	77.60961
175	13.01894	77.60968
176	13.01890	77.60974
177	13.01886	77.60979
178	13.01883	77.60985
179	13.01880	77.60993
180	13.01877	77.60998
181	13.01875	77.61003
182	13.01878	77.61009
183	13.01884	77.61015
184	13.01889	77.61020
185	13.01895	77.61026
186	13.01899	77.61031
187	13.01904	77.61037
188	13.01908	77.61043
189	13.01913	77.61050
190	13.01917	77.61055
191	13.01923	77.61062
192	13.01928	77.61068
193	13.01934	77.61073
194	13.01941	77.61078
195	13.01947	77.61083
196	13.01953	77.61088
197	13.01958	77.61094
198	13.01964	77.61099
199	13.01969	77.61103
200	13.01976	77.61110
201	13.01980	77.61116
202	13.01986	77.61122
203	13.01990	77.61128
204	13.01995	77.61133
205	13.02000	77.61138
206	13.02005	77.61144
207	13.02010	77.61148
208	13.02016	77.61153
209	13.02022	77.61157
210	13.02027	77.61159
211	13.02034	77.61162
212	13.02041	77.61166
213	13.02046	77.61168
214	13.02054	77.61171
215	13.02059	77.61174
216	13.02065	77.61175
217	13.02073	77.61177
218	13.02078	77.61179
219	13.02085	77.61183
220	13.02092	77.61186
221	13.02098	77.61188
222	13.02105	77.61191
223	13.02111	77.61195
224	13.02117	77.61197
225	13.02122	77.61199
226	13.02129	77.61203
227	13.02136	77.61206
228	13.02142	77.61210
229	13.02146	77.61218
230	13.02147	77.61223
231	13.02148	77.61229
232	13.02149	77.61235
233	13.02149	77.61242
234	13.02149	77.61248
235	13.02148	77.61256
236	13.02148	77.61262
237	13.02147	77.61269
238	13.02148	77.61275
239	13.02154	77.61277
240	13.02160	77.61277
241	13.02166	77.61277
242	13.02173	77.61277
243	13.02178	77.61276
244	13.02185	77.61275
245	13.02190	77.61275
246	13.02196	77.61274
247	13.02202	77.61274
248	13.02209	77.61274
249	13.02216	77.61274
250	13.02222	77.61274
251	13.02228	77.61274
252	13.02234	77.61274
253	13.02240	77.61274
254	13.02245	77.61274
255	13.02252	77.61272
256	13.02259	77.61271
257	13.02265	77.61270
258	13.02271	77.61270
259	13.02277	77.61270
260	13.02284	77.61270
261	13.02291	77.61270
262	13.02298	77.61270
263	13.02304	77.61269
264	13.02310	77.61267
265	13.02317	77.61266
266	13.02323	77.61266
267	13.02329	77.61265
268	13.02337	77.61263
269	13.02345	77.61260
270	13.02352	77.61260
271	13.02359	77.61260
272	13.02365	77.61261
273	13.02372	77.61264
274	13.02377	77.61266
275	13.02382	77.61269
276	13.02388	77.61271
277	13.02394	77.61274
278	13.02401	77.61278
279	13.02408	77.61281
280	13.02414	77.61284
281	13.02420	77.61288
282	13.02427	77.61291
283	13.02433	77.61295
284	13.02439	77.61296
285	13.02444	77.61297
286	13.02452	77.61301
287	13.02457	77.61303
288	13.02462	77.61304
289	13.02470	77.61307
290	13.02477	77.61309
291	13.02484	77.61312
292	13.02491	77.61315
293	13.02497	77.61318
294	13.02504	77.61322
295	13.02511	77.61326
296	13.02518	77.61330
297	13.02525	77.61333
298	13.02531	77.61337
299	13.02538	77.61340
300	13.02545	77.61344
301	13.02552	77.61346
302	13.02558	77.61349
303	13.02564	77.61352
304	13.02571	77.61357
305	13.02578	77.61361
306	13.02584	77.61366
307	13.02591	77.61371
308	13.02598	77.61377
309	13.02604	77.61382
310	13.02609	77.61387
311	13.02615	77.61392
312	13.02620	77.61397
313	13.02624	77.61403
314	13.02629	77.61410
315	13.02633	77.61416
316	13.02637	77.61421
317	13.02642	77.61427
318	13.02646	77.61433
319	13.02651	77.61439
320	13.02655	77.61446
321	13.02660	77.61453
322	13.02664	77.61459
323	13.02670	77.61465
324	13.02674	77.61472
325	13.02679	77.61477
326	13.02683	77.61484
327	13.02687	77.61491
328	13.02690	77.61497
329	13.02694	77.61503
330	13.02701	77.61512
331	13.02705	77.61519
332	13.02709	77.61525
333	13.02714	77.61531
334	13.02719	77.61537
335	13.02724	77.61542
336	13.02730	77.61546
337	13.02734	77.61552
338	13.02737	77.61558
339	13.02742	77.61564
340	13.02746	77.61569
341	13.02752	77.61575
342	13.02757	77.61581
343	13.02761	77.61587
344	13.02766	77.61593
345	13.02771	77.61598
346	13.02776	77.61604
347	13.02782	77.61608
348	13.02789	77.61610
349	13.02796	77.61611
350	13.02802	77.61611
351	13.02808	77.61610
352	13.02815	77.61606
353	13.02822	77.61601
354	13.02828	77.61596
355	13.02835	77.61591
356	13.02842	77.61587
357	13.02849	77.61582
358	13.02856	77.61578
359	13.02862	77.61576
360	13.02867	77.61575
361	13.02873	77.61575
362	13.02879	77.61575
363	13.02885	77.61575
364	13.02892	77.61578
365	13.02898	77.61579
366	13.02904	77.61575
367	13.02909	77.61570
368	13.02914	77.61564
369	13.02920	77.61559
370	13.02927	77.61557
371	13.02934	77.61553
372	13.02940	77.61550
373	13.02945	77.61546
374	13.02950	77.61542
375	13.02957	77.61536
376	13.02962	77.61531
377	13.02967	77.61526
378	13.02974	77.61522
379	13.02980	77.61518
380	13.02987	77.61514
381	13.02993	77.61507
382	13.02998	77.61501
383	13.03005	77.61497
384	13.03010	77.61492
385	13.03016	77.61486
386	13.03022	77.61483
387	13.03028	77.61479
388	13.03034	77.61474
389	13.03039	77.61470
390	13.03045	77.61466
391	13.03051	77.61461
392	13.03059	77.61456
393	13.03065	77.61451
394	13.03070	77.61447
395	13.03077	77.61442
396	13.03082	77.61438
397	13.03090	77.61432
398	13.03095	77.61425
399	13.03099	77.61419
400	13.03105	77.61414
401	13.03110	77.61409
402	13.03116	77.61404
403	13.03120	77.61398
404	13.03125	77.61392
405	13.03129	77.61387
406	13.03136	77.61381
407	13.03140	77.61375
408	13.03145	77.61370
409	13.03150	77.61365
410	13.03156	77.61358
411	13.03161	77.61353
412	13.03167	77.61348
413	13.03174	77.61345
414	13.03181	77.61341
415	13.03188	77.61338
416	13.03194	77.61332
417	13.03200	77.61328
418	13.03206	77.61323
419	13.03212	77.61317
420	13.03218	77.61311
421	13.03224	77.61307
422	13.03232	77.61300
423	13.03239	77.61295
424	13.03245	77.61291
425	13.03252	77.61285
426	13.03259	77.61281
427	13.03264	77.61278
428	13.03270	77.61275
429	13.03275	77.61270
430	13.03280	77.61264
431	13.03285	77.61259
432	13.03292	77.61253
433	13.03298	77.61247
434	13.03303	77.61243
435	13.03309	77.61238
436	13.03315	77.61234
437	13.03322	77.61230
438	13.03327	77.61228
439	13.03333	77.61225
440	13.03341	77.61220
441	13.03348	77.61216
442	13.03354	77.61212
443	13.03360	77.61208
444	13.03366	77.61205
445	13.03373	77.61200
446	13.03380	77.61196
447	13.03388	77.61192
448	13.03393	77.61190
449	13.03398	77.61186
450	13.03404	77.61184
451	13.03412	77.61180
452	13.03418	77.61176
453	13.03423	77.61171
454	13.03430	77.61167
455	13.03435	77.61162
456	13.03442	77.61159
457	13.03449	77.61155
458	13.03456	77.61151
459	13.03462	77.61148
460	13.03470	77.61144
461	13.03476	77.61140
462	13.03482	77.61136
463	13.03490	77.61132
464	13.03496	77.61128
465	13.03502	77.61124
466	13.03508	77.61120
467	13.03515	77.61116
468	13.03522	77.61112
469	13.03528	77.61109
470	13.03534	77.61107
471	13.03540	77.61104
472	13.03548	77.61099
473	13.03555	77.61096
474	13.03563	77.61092
475	13.03568	77.61090
476	13.03574	77.61087
477	13.03579	77.61085
478	13.03587	77.61081
479	13.03594	77.61078
480	13.03599	77.61075
481	13.03605	77.61074
482	13.03611	77.61072
483	13.03616	77.61072
484	13.03624	77.61070
485	13.03629	77.61068
486	13.03635	77.61066
487	13.03641	77.61065
488	13.03647	77.61064
489	13.03654	77.61061
490	13.03659	77.61060
491	13.03665	77.61060
492	13.03672	77.61058
493	13.03677	77.61057
494	13.03683	77.61056
495	13.03690	77.61053
496	13.03695	77.61052
497	13.03703	77.61049
498	13.03710	77.61047
499	13.03715	77.61045
500	13.03720	77.61044
501	13.03727	77.61042
502	13.03734	77.61040
503	13.03740	77.61038
504	13.03746	77.61036
505	13.03752	77.61036
506	13.03758	77.61034
507	13.03765	77.61030
508	13.03771	77.61027
509	13.03778	77.61022
510	13.03784	77.61018
511	13.03790	77.61013
512	13.03784	77.61011
513	13.03778	77.61010
514	13.03772	77.61008
515	13.03766	77.61004
516	13.03760	77.61003
517	13.03752	77.61001
518	13.03747	77.61000
519	13.03742	77.60998
520	13.03737	77.60996
521	13.03730	77.60995
522	13.03721	77.60994
523	13.03715	77.60991
524	13.03708	77.60990
525	13.03702	77.60989
526	13.03697	77.60988
527	13.03690	77.60986
528	13.03685	77.60983
529	13.03678	77.60982
530	13.03673	77.60980
531	13.03667	77.60979
532	13.03662	77.60977
533	13.03656	77.60975
534	13.03648	77.60973
535	13.03643	77.60971
536	13.03637	77.60968
537	13.03632	77.60967
538	13.03624	77.60964
539	13.03617	77.60962
540	13.03611	77.60960
541	13.03606	77.60958
542	13.03598	77.60956
543	13.03591	77.60952
544	13.03586	77.60951
545	13.03580	77.60950
546	13.03573	77.60948
547	13.03567	77.60945
548	13.03561	77.60944
549	13.03554	77.60944
550	13.03549	77.60943
551	13.03543	77.60942
552	13.03537	77.60942
553	13.03532	77.60941
554	13.03526	77.60939
555	13.03520	77.60938
556	13.03515	77.60937
557	13.03508	77.60935
558	13.03500	77.60932
559	13.03495	77.60931
560	13.03490	77.60929
561	13.03484	77.60928
562	13.03479	77.60926
563	13.03474	77.60924
564	13.03468	77.60923
565	13.03463	77.60921
566	13.03455	77.60919
567	13.03447	77.60916
568	13.03442	77.60915
569	13.03435	77.60912
570	13.03427	77.60909
571	13.03421	77.60908
572	13.03415	77.60906
573	13.03408	77.60904
574	13.03403	77.60902
575	13.03397	77.60901
576	13.03390	77.60898
577	13.03384	77.60896
578	13.03378	77.60894
579	13.03370	77.60892
580	13.03365	77.60891
581	13.03359	77.60889
582	13.03354	77.60887
583	13.03348	77.60885
584	13.03342	77.60883
585	13.03336	77.60882
586	13.03331	77.60880
587	13.03325	77.60879
588	13.03319	77.60877
589	13.03311	77.60876
590	13.03305	77.60875
591	13.03299	77.60873
592	13.03293	77.60873
593	13.03287	77.60872
594	13.03280	77.60870
595	13.03273	77.60868
596	13.03268	77.60867
597	13.03262	77.60866
598	13.03254	77.60865
599	13.03249	77.60864
600	13.03242	77.60863
601	13.03234	77.60861
602	13.03229	77.60859
603	13.03223	77.60857
604	13.03218	77.60856
605	13.03212	77.60854
606	13.03206	77.60852
607	13.03201	77.60850
608	13.03196	77.60849
609	13.03191	77.60848
610	13.03184	77.60845
611	13.03179	77.60843
612	13.03173	77.60841
613	13.03168	77.60839
614	13.03162	77.60838
615	13.03157	77.60836
616	13.03151	77.60835
617	13.03145	77.60835
618	13.03140	77.60834
619	13.03134	77.60833
620	13.03128	77.60833
621	13.03123	77.60831
622	13.03116	77.60830
623	13.03111	77.60829
624	13.03104	77.60828
625	13.03099	77.60827
626	13.03093	77.60826
627	13.03086	77.60824
628	13.03078	77.60821
629	13.03072	77.60818
630	13.03065	77.60816
631	13.03059	77.60814
632	13.03054	77.60812
633	13.03048	77.60811
634	13.03043	77.60809
635	13.03037	77.60806
636	13.03030	77.60803
637	13.03025	77.60802
638	13.03020	77.60800
639	13.03013	77.60797
640	13.03007	77.60794
641	13.03000	77.60790
642	13.02994	77.60787
643	13.02988	77.60784
644	13.02982	77.60781
645	13.02977	77.60779
646	13.02972	77.60775
647	13.02965	77.60772
648	13.02958	77.60768
649	13.02952	77.60764
650	13.02946	77.60760
651	13.02940	77.60755
652	13.02934	77.60751
653	13.02927	77.60747
654	13.02920	77.60744
655	13.02912	77.60740
656	13.02905	77.60737
657	13.02900	77.60736
658	13.02895	77.60734
659	13.02889	77.60732
660	13.02884	77.60731
661	13.02878	77.60729
662	13.02870	77.60726
663	13.02864	77.60722
664	13.02858	77.60720
665	13.02853	77.60714
666	13.02848	77.60712
667	13.02841	77.60709
668	13.02835	77.60705
669	13.02828	77.60702
670	13.02822	77.60699
671	13.02815	77.60696
672	13.02810	77.60694
673	13.02804	77.60693
674	13.02794	77.60689
675	13.02787	77.60687
676	13.02781	77.60685
677	13.02775	77.60681
678	13.02768	77.60678
679	13.02760	77.60674
680	13.02753	77.60671
681	13.02746	77.60667
682	13.02740	77.60663
683	13.02733	77.60658
684	13.02727	77.60654
685	13.02722	77.60652
686	13.02714	77.60652
687	13.02709	77.60652
688	13.02703	77.60651
689	13.02705	77.60644
690	13.02705	77.60638
691	13.02706	77.60632
692	13.02708	77.60624
693	13.02709	77.60619
694	13.02710	77.60612
695	13.02712	77.60606
696	13.02713	77.60601
697	13.02715	77.60595
698	13.02716	77.60589
699	13.02717	77.60582
700	13.02719	77.60576
701	13.02720	77.60570
702	13.02721	77.60564
703	13.02722	77.60558
704	13.02722	77.60552
705	13.02724	77.60546
706	13.02725	77.60540
707	13.02727	77.60533
708	13.02728	77.60527
709	13.02729	77.60520
710	13.02730	77.60514
711	13.02731	77.60507
712	13.02732	77.60501
713	13.02734	77.60495
714	13.02736	77.60489
715	13.02737	77.60482
716	13.02737	77.60477
717	13.02739	77.60470
718	13.02740	77.60464
719	13.02741	77.60456
720	13.02742	77.60448
721	13.02743	77.60442
722	13.02744	77.60435
723	13.02745	77.60429
724	13.02745	77.60422
725	13.02745	77.60417
726	13.02746	77.60410
727	13.02747	77.60404
728	13.02748	77.60398
729	13.02749	77.60392
730	13.02750	77.60387
731	13.02752	77.60382
732	13.02752	77.60376
733	13.02753	77.60369
734	13.02754	77.60361
735	13.02755	77.60355
736	13.02757	77.60349
737	13.02757	77.60342
738	13.02758	77.60337
739	13.02759	77.60331
740	13.02759	77.60325
741	13.02760	77.60318
742	13.02761	77.60312
743	13.02762	77.60305
744	13.02763	77.60297
745	13.02764	77.60290
746	13.02765	77.60284
747	13.02765	77.60279
748	13.02767	77.60268
749	13.02768	77.60260
750	13.02770	77.60254
751	13.02772	77.60247
752	13.02773	77.60241
753	13.02775	77.60235
754	13.02777	77.60227
755	13.02778	77.60221
756	13.02778	77.60214
757	13.02779	77.60207
758	13.02780	77.60199
759	13.02782	77.60191
760	13.02783	77.60186
761	13.02784	77.60179
762	13.02785	77.60173
763	13.02785	77.60168
764	13.02786	77.60161
765	13.02787	77.60153
766	13.02788	77.60146
767	13.02789	77.60139
768	13.02790	77.60133
769	13.02791	77.60126
770	13.02792	77.60118
771	13.02793	77.60111
772	13.02793	77.60105
773	13.02793	77.60097
774	13.02794	77.60090
775	13.02794	77.60084
776	13.02794	77.60077
777	13.02795	77.60070
778	13.02796	77.60063
779	13.02797	77.60057
780	13.02797	77.60049
781	13.02798	77.60043
782	13.02799	77.60037
783	13.02799	77.60030
784	13.02799	77.60025
785	13.02799	77.60018
786	13.02800	77.60012
787	13.02803	77.60005
788	13.02805	77.59997
789	13.02807	77.59991
790	13.02809	77.59985
791	13.02811	77.59979
792	13.02806	77.59978
793	13.02799	77.59982
794	13.02794	77.59984
795	13.02787	77.59987
796	13.02780	77.59990
797	13.02775	77.59992
798	13.02769	77.59994
799	13.02763	77.59997
800	13.02756	77.60001
801	13.02749	77.60004
802	13.02743	77.60006
803	13.02738	77.60008
804	13.02733	77.60009
805	13.02725	77.60012
806	13.02720	77.60014
807	13.02714	77.60016
808	13.02709	77.60018
809	13.02702	77.60021
810	13.02694	77.60024
811	13.02689	77.60026
812	13.02684	77.60029
813	13.02678	77.60031
814	13.02672	77.60033
815	13.02667	77.60035
816	13.02659	77.60037
817	13.02654	77.60038
818	13.02649	77.60039
819	13.02644	77.60041
820	13.02638	77.60042
821	13.02632	77.60043
822	13.02626	77.60043
823	13.02619	77.60044
824	13.02614	77.60044
825	13.02608	77.60045
826	13.02603	77.60046
827	13.02597	77.60047
828	13.02591	77.60047
829	13.02585	77.60047
830	13.02580	77.60047
831	13.02574	77.60046
832	13.02568	77.60046
833	13.02562	77.60046
834	13.02555	77.60046
835	13.02549	77.60045
836	13.02543	77.60045
837	13.02535	77.60043
838	13.02530	77.60041
839	13.02524	77.60041
840	13.02517	77.60040
841	13.02511	77.60040
842	13.02504	77.60040
843	13.02498	77.60040
844	13.02492	77.60040
845	13.02485	77.60040
846	13.02479	77.60040
847	13.02472	77.60038
848	13.02466	77.60033
849	13.02459	77.60029
850	13.02452	77.60025
851	13.02446	77.60024
852	13.02440	77.60022
853	13.02433	77.60019
854	13.02426	77.60016
855	13.02419	77.60012
856	13.02413	77.60010
857	13.02406	77.60007
858	13.02401	77.60005
859	13.02395	77.60001
860	13.02388	77.59997
861	13.02382	77.59993
862	13.02375	77.59988
863	13.02369	77.59987
864	13.02362	77.59985
865	13.02358	77.59992
866	13.02355	77.60000
867	13.02354	77.60006
868	13.02349	77.60012
869	13.02343	77.60018
870	13.02339	77.60025
871	13.02335	77.60031
872	13.02332	77.60038
873	13.02329	77.60045
874	13.02326	77.60053
875	13.02324	77.60058
876	13.02321	77.60065
877	13.02320	77.60071
