Rank	Latitude	Longitude
1	13.01002	77.59062
2	13.00997	77.59066
3	13.00990	77.59070
4	13.00982	77.59074
5	13.00976	77.59078
6	13.00968	77.59082
7	13.00962	77.59086
8	13.00956	77.59090
9	13.00949	77.59095
10	13.00942	77.59098
11	13.00937	77.59101
12	13.00930	77.59106
13	13.00924	77.59112
14	13.00917	77.59117
15	13.00912	77.59120
16	13.00906	77.59124
17	13.00898	77.59129
18	13.00892	77.59133
19	13.00885	77.59138
20	13.00878	77.59143
21	13.00873	77.59147
22	13.00866	77.59154
23	13.00860	77.59157
24	13.00853	77.59161
25	13.00846	77.59165
26	13.00841	77.59168
27	13.00835	77.59170
28	13.00828	77.59174
29	13.00822	77.59178
30	13.00817	77.59183
31	13.00810	77.59187
32	13.00804	77.59191
33	13.00796	77.59195
34	13.00790	77.59199
35	13.00784	77.59204
36	13.00777	77.59208
37	13.00770	77.59212
38	13.00765	77.59215
39	13.00759	77.59217
40	13.00752	77.59221
41	13.00746	77.59224
42	13.00740	77.59227
43	13.00733	77.59231
44	13.00726	77.59234
45	13.00721	77.59237
46	13.00714	77.59240
47	13.00708	77.59245
48	13.00701	77.59250
49	13.00694	77.59255
50	13.00688	77.59259
51	13.00681	77.59262
52	13.00675	77.59266
53	13.00668	77.59270
54	13.00662	77.59273
55	13.00657	77.59275
56	13.00652	77.59278
57	13.00644	77.59282
58	13.00637	77.59286
59	13.00630	77.59289
60	13.00624	77.59293
61	13.00617	77.59297
62	13.00612	77.59298
63	13.00607	77.59300
64	13.00599	77.59303
65	13.00594	77.59305
66	13.00586	77.59308
67	13.00581	77.59311
68	13.00574	77.59315
69	13.00568	77.59317
70	13.00574	77.59324
71	13.00581	77.59329
72	13.00587	77.59333
73	13.00593	77.59337
74	13.00599	77.59341
75	13.00605	77.59346
76	13.00611	77.59351
77	13.00617	77.59355
78	13.00623	77.59359
79	13.00630	77.59362
80	13.00636	77.59365
81	13.00643	77.59369
82	13.00650	77.59371
83	13.00656	77.59376
84	13.00662	77.59381
85	13.00668	77.59384
86	13.00675	77.59387
87	13.00683	77.59389
88	13.00688	77.59391
89	13.00693	77.59393
90	13.00701	77.59395
91	13.00708	77.59397
92	13.00716	77.59399
93	13.00721	77.59401
94	13.00726	77.59403
95	13.00732	77.59404
96	13.00739	77.59405
97	13.00744	77.59406
98	13.00750	77.59408
99	13.00755	77.59410
100	13.00761	77.59412
101	13.00768	77.59413
102	13.00776	77.59415
103	13.00784	77.59418
104	13.00789	77.59420
105	13.00796	77.59423
106	13.00803	77.59427
107	13.00808	77.59428
108	13.00813	77.59429
109	13.00821	77.59432
110	13.00826	77.59434
111	13.00831	77.59436
112	13.00838	77.59439
113	13.00845	77.59441
114	13.00852	77.59444
115	13.00858	77.59447
116	13.00866	77.59449
117	13.00872	77.59451
118	13.00879	77.59453
119	13.00884	77.59454
120	13.00889	77.59456
121	13.00897	77.59459
122	13.00904	77.59463
123	13.00912	77.59466
124	13.00918	77.59469
125	13.00923	77.59477
126	13.00923	77.59484
127	13.00921	77.59490
128	13.00919	77.59496
129	13.00927	77.59500
130	13.00933	77.59501
131	13.00938	77.59502
132	13.00944	77.59504
133	13.00949	77.59506
134	13.00956	77.59509
135	13.00961	77.59510
136	13.00966	77.59512
137	13.00972	77.59514
138	13.00979	77.59516
139	13.00986	77.59519
140	13.00993	77.59522
141	13.01000	77.59525
142	13.01008	77.59528
143	13.01015	77.59530
144	13.01020	77.59531
145	13.01027	77.59534
146	13.01033	77.59536
147	13.01038	77.59539
148	13.01045	77.59543
149	13.01053	77.59547
150	13.01059	77.59550
151	13.01065	77.59552
152	13.01071	77.59555
153	13.01078	77.59558
154	13.01086	77.59561
155	13.01091	77.59564
156	13.01098	77.59568
157	13.01104	77.59571
158	13.01111	77.59574
159	13.01118	77.59578
160	13.01125	77.59581
161	13.01130	77.59584
162	13.01137	77.59588
163	13.01142	77.59590
164	13.01148	77.59588
165	13.01155	77.59584
166	13.01160	77.59579
167	13.01166	77.59571
168	13.01170	77.59565
169	13.01175	77.59559
170	13.01180	77.59556
171	13.01185	77.59555
172	13.01191	77.59556
173	13.01197	77.59561
174	13.01204	77.59564
175	13.01211	77.59567
176	13.01217	77.59569
177	13.01222	77.59570
178	13.01227	77.59571
179	13.01234	77.59573
180	13.01240	77.59574
181	13.01246	77.59574
182	13.01252	77.59575
183	13.01259	77.59576
184	13.01267	77.59580
185	13.01272	77.59582
186	13.01277	77.59584
187	13.01283	77.59585
188	13.01290	77.59589
189	13.01296	77.59590
190	13.01301	77.59593
191	13.01307	77.59596
192	13.01312	77.59598
193	13.01319	77.59603
194	13.01324	77.59605
195	13.01329	77.59606
196	13.01336	77.59609
197	13.01342	77.59612
198	13.01349	77.59616
199	13.01355	77.59619
200	13.01362	77.59621
201	13.01368	77.59625
202	13.01375	77.59629
203	13.01381	77.59635
204	13.01388	77.59640
205	13.01394	77.59644
206	13.01400	77.59650
207	13.01407	77.59655
208	13.01412	77.59660
209	13.01417	77.59666
210	13.01422	77.59672
211	13.01429	77.59677
212	13.01434	77.59680
213	13.01441	77.59684
214	13.01450	77.59689
215	13.01455	77.59692
216	13.01460	77.59694
217	13.01467	77.59698
218	13.01472	77.59700
219	13.01478	77.59704
220	13.01484	77.59708
221	13.01491	77.59711
222	13.01498	77.59715
223	13.01503	77.59718
224	13.01510	77.59723
225	13.01516	77.59726
226	13.01523	77.59729
227	13.01530	77.59732
228	13.01537	77.59736
229	13.01544	77.59739
230	13.01552	77.59743
231	13.01558	77.59746
232	13.01565	77.59750
233	13.01571	77.59753
234	13.01577	77.59755
235	13.01584	77.59757
236	13.01592	77.59759
237	13.01598	77.59760
238	13.01604	77.59761
239	13.01612	77.59761
240	13.01619	77.59762
241	13.01625	77.59763
242	13.01632	77.59763
243	13.01637	77.59764
244	13.01643	77.59767
245	13.01649	77.59772
246	13.01655	77.59776
247	13.01661	77.59781
248	13.01667	77.59785
249	13.01673	77.59789
250	13.01681	77.59793
251	13.01687	77.59797
252	13.01694	77.59800
253	13.01702	77.59803
254	13.01709	77.59806
255	13.01714	77.59809
256	13.01722	77.59813
257	13.01729	77.59816
258	13.01735	77.59816
259	13.01741	77.59817
260	13.01748	77.59820
261	13.01753	77.59823
262	13.01760	77.59826
263	13.01766	77.59831
264	13.01772	77.59833
265	13.01779	77.59837
266	13.01786	77.59840
267	13.01793	77.59842
268	13.01798	77.59844
269	13.01804	77.59845
270	13.01812	77.59848
271	13.01817	77.59849
272	13.01824	77.59852
273	13.01831	77.59855
274	13.01837	77.59860
275	13.01843	77.59865
276	13.01849	77.59870
277	13.01855	77.59875
278	13.01861	77.59881
279	13.01866	77.59886
280	13.01871	77.59892
281	13.01876	77.59899
282	13.01881	77.59904
283	13.01889	77.59910
284	13.01895	77.59915
285	13.01901	77.59920
286	13.01907	77.59924
287	13.01914	77.59927
288	13.01919	77.59930
289	13.01926	77.59934
290	13.01932	77.59937
291	13.01937	77.59939
292	13.01944	77.59942
293	13.01949	77.59945
294	13.01956	77.59949
295	13.01962	77.59952
296	13.01969	77.59956
297	13.01975	77.59958
298	13.01982	77.59962
299	13.01989	77.59966
300	13.01994	77.59967
301	13.02002	77.59970
302	13.02008	77.59970
303	13.02013	77.59970
304	13.02020	77.59972
305	13.02026	77.59973
306	13.02031	77.59975
307	13.02037	77.59980
308	13.02044	77.59985
309	13.02049	77.59990
310	13.02056	77.59993
311	13.02062	77.59996
312	13.02069	77.60000
313	13.02075	77.60002
314	13.02081	77.60006
315	13.02088	77.60010
316	13.02095	77.60013
317	13.02100	77.60015
318	13.02105	77.60016
319	13.02112	77.60018
320	13.02120	77.60021
321	13.02125	77.60022
322	13.02131	77.60023
323	13.02137	77.60023
324	13.02143	77.60024
325	13.02149	77.60026
326	13.02156	77.60029
327	13.02162	77.60030
328	13.02168	77.60032
329	13.02173	77.60034
330	13.02180	77.60037
331	13.02187	77.60040
332	13.02194	77.60043
333	13.02199	77.60044
334	13.02204	77.60046
335	13.02210	77.60047
336	13.02217	77.60050
337	13.02222	77.60052
338	13.02229	77.60055
339	13.02235	77.60056
340	13.02242	77.60059
341	13.02249	77.60061
342	13.02254	77.60062
343	13.02259	77.60064
344	13.02267	77.60066
345	13.02272	77.60068
346	13.02277	77.60069
347	13.02282	77.60070
348	13.02289	77.60071
349	13.02296	77.60074
350	13.02301	77.60076
351	13.02309	77.60078
352	13.02314	77.60080
353	13.02319	77.60074
354	13.02320	77.60068
355	13.02323	77.60060
356	13.02326	77.60053
357	13.02328	77.60047
358	13.02331	77.60040
359	13.02334	77.60034
360	13.02338	77.60027
361	13.02342	77.60020
362	13.02347	77.60014
363	13.02352	77.60008
364	13.02355	77.60002
365	13.02355	77.59996
366	13.02358	77.59988
367	13.02364	77.59985
368	13.02372	77.59987
369	13.02378	77.59989
370	13.02384	77.59994
371	13.02390	77.59998
372	13.02396	77.60002
373	13.02404	77.60006
374	13.02411	77.60009
375	13.02416	77.60011
376	13.02422	77.60014
377	13.02429	77.60017
378	13.02435	77.60020
379	13.02443	77.60023
380	13.02449	77.60025
381	13.02454	77.60026
382	13.02461	77.60029
383	13.02467	77.60035
384	13.02475	77.60038
385	13.02483	77.60040
386	13.02489	77.60040
387	13.02495	77.60040
388	13.02501	77.60040
389	13.02507	77.60040
390	13.02514	77.60040
391	13.02521	77.60040
392	13.02527	77.60041
393	13.02532	77.60042
394	13.02538	77.60044
395	13.02546	77.60045
396	13.02553	77.60045
397	13.02554	77.60038
398	13.02555	77.60032
399	13.02555	77.60026
400	13.02555	77.60018
401	13.02556	77.60012
402	13.02557	77.60005
403	13.02557	77.60000
404	13.02558	77.59993
405	13.02558	77.59987
406	13.02558	77.59980
407	13.02558	77.59973
408	13.02559	77.59967
409	13.02559	77.59962
410	13.02559	77.59956
411	13.02559	77.59949
412	13.02558	77.59942
413	13.02558	77.59937
414	13.02557	77.59931
415	13.02556	77.59924
416	13.02556	77.59918
417	13.02556	77.59912
418	13.02557	77.59906
419	13.02557	77.59900
420	13.02557	77.59894
421	13.02557	77.59887
422	13.02557	77.59881
423	13.02558	77.59874
424	13.02558	77.59867
425	13.02559	77.59860
426	13.02559	77.59855
427	13.02560	77.59848
428	13.02561	77.59842
429	13.02561	77.59837
430	13.02561	77.59831
431	13.02560	77.59824
432	13.02558	77.59818
433	13.02557	77.59812
434	13.02550	77.59809
435	13.02544	77.59809
436	13.02538	77.59808
437	13.02532	77.59807
438	13.02526	77.59806
439	13.02520	77.59806
440	13.02513	77.59806
441	13.02508	77.59805
442	13.02500	77.59804
443	13.02497	77.59798
444	13.02497	77.59791
445	13.02498	77.59784
446	13.02499	77.59778
447	13.02500	77.59771
448	13.02501	77.59764
449	13.02503	77.59758
450	13.02504	77.59751
451	13.02506	77.59745
452	13.02507	77.59738
453	13.02508	77.59732
454	13.02508	77.59725
455	13.02508	77.59719
456	13.02508	77.59713
457	13.02500	77.59710
458	13.02493	77.59710
459	13.02488	77.59709
460	13.02483	77.59709
461	13.02477	77.59709
462	13.02470	77.59709
463	13.02465	77.59709
464	13.02459	77.59708
465	13.02453	77.59707
466	13.02448	77.59707
467	13.02442	77.59706
468	13.02437	77.59705
469	13.02431	77.59703
470	13.02426	77.59702
471	13.02420	77.59701
472	13.02415	77.59699
473	13.02408	77.59696
474	13.02402	77.59694
475	13.02396	77.59692
476	13.02389	77.59690
477	13.02384	77.59689
478	13.02377	77.59686
479	13.02369	77.59684
480	13.02364	77.59682
481	13.02358	77.59680
482	13.02352	77.59680
483	13.02352	77.59672
484	13.02352	77.59665
485	13.02353	77.59659
486	13.02353	77.59653
487	13.02353	77.59646
488	13.02348	77.59643
489	13.02342	77.59641
490	13.02335	77.59640
491	13.02332	77.59633
492	13.02335	77.59626
493	13.02336	77.59620
494	13.02338	77.59614
495	13.02339	77.59607
496	13.02340	77.59601
497	13.02341	77.59594
498	13.02343	77.59588
499	13.02345	77.59581
500	13.02347	77.59575
501	13.02349	77.59568
502	13.02351	77.59561
503	13.02353	77.59555
504	13.02355	77.59548
505	13.02356	77.59540
506	13.02356	77.59534
507	13.02357	77.59527
508	13.02358	77.59520
509	13.02359	77.59513
510	13.02360	77.59507
511	13.02361	77.59501
512	13.02361	77.59494
513	13.02362	77.59487
514	13.02363	77.59481
515	13.02366	77.59475
516	13.02366	77.59469
517	13.02369	77.59461
518	13.02370	77.59456
519	13.02369	77.59450
520	13.02362	77.59448
521	13.02357	77.59447
522	13.02350	77.59446
523	13.02343	77.59444
524	13.02336	77.59441
525	13.02330	77.59440
526	13.02323	77.59436
527	13.02316	77.59433
528	13.02309	77.59430
529	13.02304	77.59428
530	13.02299	77.59427
531	13.02291	77.59425
532	13.02286	77.59423
533	13.02279	77.59421
534	13.02272	77.59419
535	13.02265	77.59416
536	13.02258	77.59415
537	13.02253	77.59414
538	13.02247	77.59414
539	13.02239	77.59412
540	13.02234	77.59411
541	13.02228	77.59410
542	13.02217	77.59408
543	13.02210	77.59405
544	13.02204	77.59404
545	13.02198	77.59403
546	13.02192	77.59401
547	13.02187	77.59400
548	13.02181	77.59398
549	13.02175	77.59396
550	13.02167	77.59394
551	13.02162	77.59392
552	13.02154	77.59390
553	13.02149	77.59389
554	13.02140	77.59386
555	13.02135	77.59385
556	13.02128	77.59382
557	13.02123	77.59381
558	13.02116	77.59379
559	13.02109	77.59378
560	13.02104	77.59377
561	13.02099	77.59376
562	13.02093	77.59374
563	13.02088	77.59371
564	13.02082	77.59370
565	13.02077	77.59367
566	13.02071	77.59366
567	13.02064	77.59363
568	13.02058	77.59364
569	13.02057	77.59370
570	13.02055	77.59376
571	13.02054	77.59382
572	13.02053	77.59387
573	13.02052	77.59392
574	13.02050	77.59398
575	13.02048	77.59405
576	13.02045	77.59412
577	13.02042	77.59420
578	13.02038	77.59426
579	13.02032	77.59429
580	13.02026	77.59428
581	13.02021	77.59427
582	13.02016	77.59426
583	13.02011	77.59425
584	13.02005	77.59424
585	13.02000	77.59422
586	13.01995	77.59421
587	13.01989	77.59421
588	13.01983	77.59420
589	13.01976	77.59418
590	13.01970	77.59417
591	13.01964	77.59416
592	13.01959	77.59415
593	13.01953	77.59415
594	13.01947	77.59414
595	13.01941	77.59413
596	13.01935	77.59412
597	13.01930	77.59411
598	13.01924	77.59410
599	13.01919	77.59410
600	13.01913	77.59409
601	13.01906	77.59408
602	13.01901	77.59407
603	13.01895	77.59406
604	13.01890	77.59406
605	13.01885	77.59414
606	13.01883	77.59421
607	13.01881	77.59427
608	13.01878	77.59433
609	13.01874	77.59440
610	13.01870	77.59447
611	13.01866	77.59452
612	13.01862	77.59459
613	13.01858	77.59465
614	13.01852	77.59467
615	13.01847	77.59466
616	13.01841	77.59466
617	13.01835	77.59465
618	13.01829	77.59464
619	13.01823	77.59464
620	13.01818	77.59463
621	13.01812	77.59462
622	13.01806	77.59462
623	13.01801	77.59461
624	13.01795	77.59460
625	13.01789	77.59460
626	13.01783	77.59460
627	13.01777	77.59459
628	13.01769	77.59457
629	13.01764	77.59463
630	13.01761	77.59470
631	13.01758	77.59477
632	13.01754	77.59484
633	13.01750	77.59491
634	13.01747	77.59497
635	13.01743	77.59504
636	13.01742	77.59510
637	13.01736	77.59510
638	13.01730	77.59510
639	13.01724	77.59510
640	13.01718	77.59510
641	13.01712	77.59509
642	13.01707	77.59508
643	13.01701	77.59507
644	13.01694	77.59506
645	13.01689	77.59504
646	13.01683	77.59504
647	13.01678	77.59503
648	13.01672	77.59501
649	13.01665	77.59497
650	13.01660	77.59492
651	13.01657	77.59486
652	13.01650	77.59481
653	13.01644	77.59480
654	13.01638	77.59480
655	13.01630	77.59478
656	13.01622	77.59477
657	13.01617	77.59476
658	13.01611	77.59475
659	13.01603	77.59473
660	13.01598	77.59472
661	13.01591	77.59470
662	13.01586	77.59469
663	13.01580	77.59467
664	13.01580	77.59462
665	13.01579	77.59456
666	13.01579	77.59450
667	13.01579	77.59444
668	13.01577	77.59438
669	13.01576	77.59432
670	13.01576	77.59426
671	13.01576	77.59420
672	13.01576	77.59413
673	13.01576	77.59406
674	13.01576	77.59400
675	13.01576	77.59394
676	13.01577	77.59387
677	13.01577	77.59382
678	13.01578	77.59374
679	13.01579	77.59365
680	13.01580	77.59360
681	13.01580	77.59352
682	13.01581	77.59346
683	13.01582	77.59339
684	13.01583	77.59332
685	13.01585	77.59324
686	13.01585	77.59317
687	13.01585	77.59312
688	13.01585	77.59305
689	13.01585	77.59300
690	13.01585	77.59295
691	13.01585	77.59288
692	13.01581	77.59282
693	13.01574	77.59279
694	13.01569	77.59278
695	13.01562	77.59275
696	13.01556	77.59274
697	13.01549	77.59271
698	13.01543	77.59269
699	13.01536	77.59266
700	13.01530	77.59264
701	13.01525	77.59263
702	13.01519	77.59261
703	13.01512	77.59258
704	13.01505	77.59252
705	13.01498	77.59255
706	13.01491	77.59263
707	13.01487	77.59268
708	13.01481	77.59276
709	13.01474	77.59283
710	13.01469	77.59291
711	13.01466	77.59297
712	13.01463	77.59303
713	13.01458	77.59310
714	13.01454	77.59315
715	13.01449	77.59321
716	13.01443	77.59328
717	13.01439	77.59334
718	13.01433	77.59340
719	13.01428	77.59345
720	13.01422	77.59351
721	13.01419	77.59357
722	13.01412	77.59364
723	13.01405	77.59366
724	13.01399	77.59369
725	13.01393	77.59370
726	13.01385	77.59372
727	13.01379	77.59372
728	13.01373	77.59370
729	13.01366	77.59367
730	13.01357	77.59366
731	13.01350	77.59365
732	13.01343	77.59364
733	13.01334	77.59364
734	13.01327	77.59364
735	13.01318	77.59364
736	13.01309	77.59364
737	13.01303	77.59364
738	13.01295	77.59365
739	13.01289	77.59368
740	13.01283	77.59370
741	13.01276	77.59371
742	13.01271	77.59373
743	13.01264	77.59375
744	13.01258	77.59377
745	13.01252	77.59379
746	13.01246	77.59380
747	13.01240	77.59383
748	13.01234	77.59384
749	13.01228	77.59385
750	13.01221	77.59387
751	13.01216	77.59388
752	13.01211	77.59387
753	13.01207	77.59381
754	13.01205	77.59376
755	13.01204	77.59369
756	13.01202	77.59361
757	13.01198	77.59356
758	13.01194	77.59350
759	13.01191	77.59345
760	13.01186	77.59340
761	13.01182	77.59334
762	13.01178	77.59329
763	13.01173	77.59323
764	13.01169	77.59318
765	13.01167	77.59313
766	13.01164	77.59308
767	13.01161	77.59302
768	13.01158	77.59297
769	13.01154	77.59292
770	13.01149	77.59286
771	13.01145	77.59281
772	13.01141	77.59276
773	13.01138	77.59270
774	13.01134	77.59265
775	13.01130	77.59260
776	13.01125	77.59254
777	13.01120	77.59249
778	13.01118	77.59243
779	13.01116	77.59238
780	13.01113	77.59233
781	13.01111	77.59228
782	13.01107	77.59222
783	13.01102	77.59217
784	13.01099	77.59211
785	13.01096	77.59206
786	13.01092	77.59199
787	13.01089	77.59194
788	13.01087	77.59188
789	13.01083	77.59183
790	13.01079	77.59177
791	13.01076	77.59172
792	13.01073	77.59166
793	13.01068	77.59160
794	13.01065	77.59154
795	13.01059	77.59147
796	13.01056	77.59142
797	13.01052	77.59136
798	13.01047	77.59131
799	13.01044	77.59125
800	13.01038	77.59117
801	13.01035	77.59112
802	13.01032	77.59106
803	13.01028	77.59101
804	13.01023	77.59093
805	13.01014	77.59081
806	13.01010	77.59076
807	13.01006	77.59071
