Rank	Latitude	Longitude
1	13.00851	77.61321
2	13.00857	77.61320
3	13.00862	77.61321
4	13.00868	77.61322
5	13.00876	77.61323
6	13.00883	77.61323
7	13.00888	77.61324
8	13.00895	77.61324
9	13.00902	77.61325
10	13.00908	77.61326
11	13.00915	77.61327
12	13.00921	77.61327
13	13.00928	77.61328
14	13.00936	77.61329
15	13.00942	77.61330
16	13.00950	77.61331
17	13.00957	77.61332
18	13.00965	77.61333
19	13.00970	77.61334
20	13.00978	77.61336
21	13.00985	77.61337
22	13.00993	77.61338
23	13.00998	77.61339
24	13.01005	77.61339
25	13.01011	77.61339
26	13.01017	77.61340
27	13.01023	77.61340
28	13.01030	77.61341
29	13.01037	77.61341
30	13.01043	77.61342
31	13.01048	77.61342
32	13.01054	77.61343
33	13.01060	77.61344
34	13.01067	77.61344
35	13.01072	77.61345
36	13.01079	77.61346
37	13.01086	77.61346
38	13.01091	77.61345
39	13.01098	77.61345
40	13.01107	77.61344
41	13.01115	77.61344
42	13.01124	77.61344
43	13.01132	77.61344
44	13.01140	77.61344
45	13.01148	77.61343
46	13.01155	77.61342
47	13.01164	77.61342
48	13.01172	77.61342
49	13.01180	77.61342
50	13.01186	77.61341
51	13.01195	77.61341
52	13.01201	77.61341
53	13.01209	77.61340
54	13.01215	77.61340
55	13.01223	77.61339
56	13.01231	77.61340
57	13.01239	77.61340
58	13.01248	77.61340
59	13.01255	77.61339
60	13.01263	77.61339
61	13.01271	77.61338
62	13.01279	77.61337
63	13.01287	77.61337
64	13.01295	77.61336
65	13.01302	77.61336
66	13.01310	77.61336
67	13.01318	77.61335
68	13.01326	77.61335
69	13.01333	77.61334
70	13.01341	77.61334
71	13.01349	77.61335
72	13.01357	77.61335
73	13.01364	77.61336
74	13.01372	77.61336
75	13.01380	77.61337
76	13.01389	77.61337
77	13.01397	77.61336
78	13.01404	77.61335
79	13.01411	77.61334
80	13.01419	77.61334
81	13.01427	77.61333
82	13.01432	77.61333
83	13.01439	77.61332
84	13.01445	77.61332
85	13.01451	77.61330
86	13.01459	77.61329
87	13.01465	77.61328
88	13.01472	77.61327
89	13.01479	77.61326
90	13.01484	77.61325
91	13.01492	77.61325
92	13.01500	77.61324
93	13.01508	77.61322
94	13.01514	77.61322
95	13.01519	77.61322
96	13.01526	77.61322
97	13.01532	77.61322
98	13.01539	77.61322
99	13.01545	77.61322
100	13.01551	77.61322
101	13.01560	77.61320
102	13.01565	77.61320
103	13.01574	77.61319
104	13.01581	77.61318
105	13.01588	77.61318
106	13.01595	77.61318
107	13.01602	77.61318
108	13.01610	77.61317
109	13.01616	77.61317
110	13.01623	77.61316
111	13.01629	77.61315
112	13.01635	77.61314
113	13.01643	77.61313
114	13.01649	77.61312
115	13.01655	77.61309
116	13.01660	77.61307
117	13.01666	77.61306
118	13.01674	77.61305
119	13.01680	77.61304
120	13.01686	77.61302
121	13.01694	77.61300
122	13.01700	77.61298
123	13.01705	77.61297
124	13.01710	77.61295
125	13.01716	77.61292
126	13.01722	77.61291
127	13.01728	77.61289
128	13.01733	77.61286
129	13.01739	77.61282
130	13.01743	77.61277
131	13.01746	77.61271
132	13.01750	77.61265
133	13.01755	77.61256
134	13.01757	77.61251
135	13.01761	77.61245
136	13.01763	77.61240
137	13.01765	77.61233
138	13.01767	77.61227
139	13.01769	77.61222
140	13.01772	77.61215
141	13.01773	77.61210
142	13.01775	77.61203
143	13.01776	77.61197
144	13.01778	77.61190
145	13.01781	77.61184
146	13.01784	77.61176
147	13.01785	77.61171
148	13.01787	77.61163
149	13.01789	77.61156
150	13.01793	77.61150
151	13.01795	77.61143
152	13.01797	77.61137
153	13.01799	77.61131
154	13.01801	77.61125
155	13.01803	77.61119
156	13.01805	77.61113
157	13.01807	77.61107
158	13.01809	77.61100
159	13.01812	77.61094
160	13.01815	77.61089
161	13.01820	77.61085
162	13.01826	77.61083
163	13.01832	77.61081
164	13.01838	77.61079
165	13.01843	77.61070
166	13.01845	77.61065
167	13.01848	77.61059
168	13.01851	77.61052
169	13.01853	77.61047
170	13.01857	77.61039
171	13.01860	77.61032
172	13.01863	77.61027
173	13.01866	77.61021
174	13.01869	77.61016
175	13.01872	77.61009
176	13.01875	77.61003
177	13.01877	77.60998
178	13.01880	77.60993
179	13.01883	77.60987
180	13.01886	77.60979
181	13.01890	77.60974
182	13.01894	77.60968
183	13.01897	77.60961
184	13.01898	77.60956
185	13.01902	77.60949
186	13.01904	77.60941
187	13.01906	77.60935
188	13.01909	77.60930
189	13.01910	77.60923
190	13.01913	77.60917
191	13.01914	77.60911
192	13.01916	77.60905
193	13.01917	77.60897
194	13.01920	77.60891
195	13.01923	77.60885
196	13.01925	77.60879
197	13.01926	77.60874
198	13.01928	77.60867
199	13.01930	77.60861
200	13.01933	77.60854
201	13.01934	77.60848
202	13.01936	77.60842
203	13.01939	77.60836
204	13.01942	77.60829
205	13.01945	77.60824
206	13.01947	77.60818
207	13.01949	77.60812
208	13.01950	77.60806
209	13.01950	77.60799
210	13.01953	77.60792
211	13.01956	77.60787
212	13.01962	77.60779
213	13.01966	77.60774
214	13.01959	77.60773
215	13.01954	77.60772
216	13.01946	77.60771
217	13.01937	77.60770
218	13.01931	77.60769
219	13.01925	77.60769
220	13.01918	77.60769
221	13.01910	77.60767
222	13.01905	77.60766
223	13.01899	77.60766
224	13.01893	77.60765
225	13.01887	77.60764
226	13.01882	77.60763
227	13.01876	77.60762
228	13.01870	77.60761
229	13.01863	77.60760
230	13.01856	77.60759
231	13.01851	77.60758
232	13.01845	77.60757
233	13.01838	77.60756
234	13.01832	77.60755
235	13.01826	77.60755
236	13.01819	77.60753
237	13.01811	77.60752
238	13.01804	77.60750
239	13.01797	77.60748
240	13.01791	77.60747
241	13.01785	77.60746
242	13.01778	77.60746
243	13.01772	77.60746
244	13.01766	77.60745
245	13.01760	77.60744
246	13.01753	77.60743
247	13.01747	77.60742
248	13.01739	77.60741
249	13.01733	77.60742
250	13.01726	77.60743
251	13.01719	77.60744
252	13.01711	77.60744
253	13.01704	77.60745
254	13.01696	77.60746
255	13.01690	77.60748
256	13.01683	77.60751
257	13.01678	77.60753
258	13.01673	77.60754
259	13.01667	77.60757
260	13.01661	77.60760
261	13.01655	77.60762
262	13.01649	77.60765
263	13.01643	77.60769
264	13.01640	77.60775
265	13.01639	77.60782
266	13.01639	77.60788
267	13.01637	77.60795
268	13.01636	77.60800
269	13.01635	77.60806
270	13.01633	77.60812
271	13.01631	77.60819
272	13.01630	77.60825
273	13.01628	77.60832
274	13.01629	77.60838
275	13.01622	77.60843
276	13.01614	77.60843
277	13.01606	77.60843
278	13.01597	77.60843
279	13.01591	77.60847
280	13.01585	77.60849
281	13.01579	77.60852
282	13.01574	77.60854
283	13.01568	77.60857
284	13.01562	77.60860
285	13.01556	77.60863
286	13.01550	77.60865
287	13.01544	77.60868
288	13.01538	77.60871
289	13.01531	77.60877
290	13.01524	77.60883
291	13.01521	77.60888
292	13.01519	77.60894
293	13.01516	77.60900
294	13.01513	77.60906
295	13.01504	77.60912
296	13.01495	77.60913
297	13.01487	77.60913
298	13.01480	77.60915
299	13.01473	77.60917
300	13.01467	77.60921
301	13.01461	77.60923
302	13.01455	77.60927
303	13.01448	77.60929
304	13.01441	77.60933
305	13.01433	77.60936
306	13.01428	77.60939
307	13.01422	77.60943
308	13.01417	77.60945
309	13.01411	77.60949
310	13.01405	77.60950
311	13.01400	77.60952
312	13.01393	77.60954
313	13.01387	77.60958
314	13.01381	77.60961
315	13.01374	77.60965
316	13.01369	77.60966
317	13.01362	77.60970
318	13.01356	77.60973
319	13.01349	77.60976
320	13.01342	77.60978
321	13.01336	77.60981
322	13.01330	77.60982
323	13.01323	77.60986
324	13.01318	77.60987
325	13.01310	77.60990
326	13.01305	77.60991
327	13.01297	77.60994
328	13.01291	77.60996
329	13.01285	77.60997
330	13.01278	77.61000
331	13.01272	77.61002
332	13.01265	77.61003
333	13.01257	77.61004
334	13.01250	77.61006
335	13.01242	77.61007
336	13.01236	77.61008
337	13.01228	77.61009
338	13.01220	77.61009
339	13.01213	77.61009
340	13.01205	77.61009
341	13.01196	77.61008
342	13.01190	77.61005
343	13.01182	77.61002
344	13.01177	77.60999
345	13.01169	77.60994
346	13.01163	77.60991
347	13.01158	77.60987
348	13.01151	77.60980
349	13.01145	77.60975
350	13.01140	77.60971
351	13.01135	77.60967
352	13.01128	77.60961
353	13.01123	77.60957
354	13.01117	77.60953
355	13.01111	77.60948
356	13.01109	77.60943
357	13.01107	77.60936
358	13.01100	77.60942
359	13.01093	77.60945
360	13.01087	77.60947
361	13.01081	77.60950
362	13.01075	77.60952
363	13.01069	77.60955
364	13.01063	77.60958
365	13.01056	77.60960
366	13.01050	77.60962
367	13.01044	77.60965
368	13.01039	77.60968
369	13.01033	77.60970
370	13.01026	77.60974
371	13.01021	77.60976
372	13.01015	77.60979
373	13.01009	77.60982
374	13.01002	77.60984
375	13.00995	77.60988
376	13.00989	77.60990
377	13.00983	77.60993
378	13.00976	77.60997
379	13.00970	77.60998
380	13.00964	77.61002
381	13.00958	77.61004
382	13.00952	77.61007
383	13.00947	77.61011
384	13.00941	77.61015
385	13.00935	77.61019
386	13.00928	77.61023
387	13.00922	77.61026
388	13.00915	77.61033
389	13.00909	77.61039
390	13.00903	77.61046
391	13.00899	77.61051
392	13.00895	77.61056
393	13.00893	77.61063
394	13.00893	77.61068
395	13.00891	77.61075
396	13.00890	77.61080
397	13.00889	77.61085
398	13.00889	77.61092
399	13.00888	77.61097
400	13.00887	77.61103
401	13.00887	77.61110
402	13.00886	77.61116
403	13.00885	77.61122
404	13.00884	77.61129
405	13.00883	77.61134
406	13.00882	77.61141
407	13.00881	77.61146
408	13.00880	77.61152
409	13.00880	77.61159
410	13.00879	77.61165
411	13.00878	77.61172
412	13.00876	77.61178
413	13.00874	77.61185
414	13.00873	77.61191
415	13.00872	77.61198
416	13.00871	77.61205
417	13.00870	77.61211
418	13.00870	77.61217
419	13.00868	77.61224
420	13.00867	77.61229
421	13.00866	77.61235
422	13.00864	77.61242
423	13.00863	77.61247
424	13.00863	77.61254
425	13.00861	77.61260
426	13.00860	77.61267
427	13.00859	77.61272
428	13.00858	77.61278
429	13.00856	77.61285
430	13.00854	77.61291
431	13.00854	77.61298
432	13.00853	77.61305
433	13.00852	77.61311
