Rank	Latitude	Longitude
1	13.00260	77.63741
2	13.00264	77.63748
3	13.00269	77.63754
4	13.00276	77.63759
5	13.00283	77.63764
6	13.00288	77.63769
7	13.00293	77.63776
8	13.00297	77.63782
9	13.00303	77.63788
10	13.00308	77.63794
11	13.00314	77.63799
12	13.00320	77.63804
13	13.00326	77.63810
14	13.00333	77.63814
15	13.00338	77.63819
16	13.00345	77.63825
17	13.00352	77.63830
18	13.00358	77.63834
19	13.00364	77.63839
20	13.00370	77.63844
21	13.00376	77.63850
22	13.00381	77.63856
23	13.00386	77.63862
24	13.00392	77.63869
25	13.00396	77.63875
26	13.00399	77.63880
27	13.00400	77.63886
28	13.00403	77.63893
29	13.00404	77.63900
30	13.00405	77.63906
31	13.00406	77.63912
32	13.00407	77.63919
33	13.00407	77.63926
34	13.00408	77.63931
35	13.00408	77.63938
36	13.00408	77.63945
37	13.00408	77.63953
38	13.00407	77.63961
39	13.00407	77.63971
40	13.00406	77.63978
41	13.00406	77.63983
42	13.00406	77.63990
43	13.00409	77.63996
44	13.00410	77.64002
45	13.00413	77.64009
46	13.00417	77.64015
47	13.00421	77.64022
48	13.00424	77.64029
49	13.00426	77.64034
50	13.00427	77.64039
51	13.00429	77.64045
52	13.00430	77.64051
53	13.00433	77.64059
54	13.00433	77.64067
55	13.00435	77.64072
56	13.00437	77.64077
57	13.00439	77.64085
58	13.00443	77.64092
59	13.00445	77.64099
60	13.00446	77.64105
61	13.00447	77.64113
62	13.00450	77.64120
63	13.00451	77.64126
64	13.00451	77.64132
65	13.00454	77.64139
66	13.00455	77.64144
67	13.00457	77.64152
68	13.00459	77.64157
69	13.00461	77.64164
70	13.00463	77.64170
71	13.00465	77.64176
72	13.00468	77.64181
73	13.00470	77.64190
74	13.00471	77.64197
75	13.00472	77.64202
76	13.00473	77.64208
77	13.00474	77.64216
78	13.00474	77.64221
79	13.00474	77.64227
80	13.00474	77.64233
81	13.00474	77.64240
82	13.00475	77.64246
83	13.00475	77.64253
84	13.00476	77.64261
85	13.00477	77.64267
86	13.00477	77.64273
87	13.00478	77.64279
88	13.00478	77.64286
89	13.00479	77.64292
90	13.00479	77.64299
91	13.00479	77.64305
92	13.00479	77.64312
93	13.00479	77.64318
94	13.00479	77.64325
95	13.00479	77.64332
96	13.00479	77.64338
97	13.00479	77.64344
98	13.00481	77.64349
99	13.00483	77.64355
100	13.00483	77.64361
101	13.00485	77.64367
102	13.00486	77.64372
103	13.00487	77.64378
104	13.00487	77.64384
105	13.00488	77.64390
106	13.00489	77.64397
107	13.00489	77.64403
108	13.00490	77.64409
109	13.00491	77.64415
110	13.00491	77.64422
111	13.00491	77.64429
112	13.00492	77.64435
113	13.00492	77.64443
114	13.00492	77.64449
115	13.00492	77.64456
116	13.00493	77.64461
117	13.00494	77.64468
118	13.00494	77.64475
119	13.00495	77.64482
120	13.00495	77.64490
121	13.00495	77.64497
122	13.00496	77.64504
123	13.00497	77.64510
124	13.00498	77.64518
125	13.00498	77.64525
126	13.00499	77.64531
127	13.00500	77.64538
128	13.00500	77.64544
129	13.00500	77.64551
130	13.00502	77.64556
131	13.00504	77.64563
132	13.00505	77.64569
133	13.00506	77.64577
134	13.00507	77.64585
135	13.00508	77.64593
136	13.00508	77.64598
137	13.00509	77.64604
138	13.00509	77.64610
139	13.00509	77.64615
140	13.00509	77.64621
141	13.00508	77.64629
142	13.00507	77.64636
143	13.00507	77.64641
144	13.00506	77.64647
145	13.00505	77.64653
146	13.00504	77.64660
147	13.00504	77.64666
148	13.00511	77.64671
149	13.00517	77.64673
150	13.00523	77.64675
151	13.00530	77.64679
152	13.00536	77.64683
153	13.00542	77.64686
154	13.00550	77.64690
155	13.00556	77.64694
156	13.00562	77.64698
157	13.00569	77.64701
158	13.00576	77.64706
159	13.00582	77.64710
160	13.00588	77.64715
161	13.00595	77.64720
162	13.00600	77.64724
163	13.00606	77.64730
164	13.00609	77.64736
165	13.00613	77.64742
166	13.00618	77.64747
167	13.00624	77.64753
168	13.00630	77.64758
169	13.00636	77.64762
170	13.00642	77.64767
171	13.00649	77.64772
172	13.00655	77.64777
173	13.00662	77.64782
174	13.00668	77.64786
175	13.00669	77.64792
176	13.00663	77.64799
177	13.00659	77.64805
178	13.00652	77.64813
179	13.00646	77.64820
180	13.00642	77.64825
181	13.00641	77.64832
182	13.00639	77.64838
183	13.00637	77.64844
184	13.00636	77.64849
185	13.00633	77.64857
186	13.00631	77.64864
187	13.00630	77.64870
188	13.00628	77.64876
189	13.00626	77.64882
190	13.00625	77.64887
191	13.00623	77.64893
192	13.00620	77.64900
193	13.00618	77.64906
194	13.00623	77.64912
195	13.00625	77.64918
196	13.00625	77.64924
197	13.00624	77.64930
198	13.00624	77.64937
199	13.00624	77.64943
200	13.00623	77.64949
201	13.00623	77.64955
202	13.00622	77.64962
203	13.00621	77.64967
204	13.00621	77.64974
205	13.00621	77.64980
206	13.00621	77.64986
207	13.00621	77.64993
208	13.00620	77.65001
209	13.00620	77.65007
210	13.00619	77.65012
211	13.00619	77.65017
212	13.00618	77.65024
213	13.00618	77.65030
214	13.00618	77.65037
215	13.00618	77.65043
216	13.00617	77.65050
217	13.00617	77.65056
218	13.00616	77.65063
219	13.00614	77.65069
220	13.00614	77.65076
221	13.00613	77.65082
222	13.00611	77.65088
223	13.00608	77.65094
224	13.00605	77.65099
225	13.00601	77.65106
226	13.00599	77.65112
227	13.00596	77.65118
228	13.00593	77.65124
229	13.00591	77.65131
230	13.00589	77.65136
231	13.00585	77.65142
232	13.00581	77.65148
233	13.00577	77.65155
234	13.00574	77.65161
235	13.00571	77.65167
236	13.00568	77.65173
237	13.00564	77.65179
238	13.00562	77.65185
239	13.00558	77.65191
240	13.00555	77.65197
241	13.00552	77.65203
242	13.00550	77.65209
243	13.00549	77.65216
244	13.00547	77.65223
245	13.00546	77.65228
246	13.00544	77.65235
247	13.00542	77.65241
248	13.00541	77.65247
249	13.00540	77.65254
250	13.00538	77.65261
251	13.00532	77.65263
252	13.00526	77.65260
253	13.00519	77.65257
254	13.00513	77.65255
255	13.00507	77.65252
256	13.00500	77.65250
257	13.00495	77.65247
258	13.00489	77.65244
259	13.00484	77.65241
260	13.00477	77.65238
261	13.00471	77.65237
262	13.00471	77.65243
263	13.00470	77.65250
264	13.00470	77.65256
265	13.00469	77.65264
266	13.00468	77.65270
267	13.00467	77.65278
268	13.00467	77.65284
269	13.00466	77.65290
270	13.00465	77.65297
271	13.00463	77.65303
272	13.00461	77.65309
273	13.00460	77.65315
274	13.00458	77.65323
275	13.00457	77.65329
276	13.00455	77.65336
277	13.00454	77.65342
278	13.00452	77.65349
279	13.00451	77.65355
280	13.00450	77.65362
281	13.00448	77.65370
282	13.00448	77.65377
283	13.00447	77.65384
284	13.00445	77.65391
285	13.00445	77.65397
286	13.00444	77.65404
287	13.00446	77.65410
288	13.00453	77.65416
289	13.00458	77.65423
290	13.00463	77.65429
291	13.00467	77.65435
292	13.00473	77.65441
293	13.00479	77.65447
294	13.00485	77.65452
295	13.00489	77.65458
296	13.00495	77.65463
297	13.00501	77.65468
298	13.00507	77.65471
299	13.00512	77.65477
300	13.00518	77.65482
301	13.00522	77.65488
302	13.00526	77.65494
303	13.00531	77.65500
304	13.00535	77.65506
305	13.00542	77.65512
306	13.00549	77.65518
307	13.00555	77.65523
308	13.00561	77.65527
309	13.00568	77.65532
310	13.00572	77.65538
311	13.00578	77.65543
312	13.00584	77.65548
313	13.00589	77.65552
314	13.00595	77.65557
315	13.00600	77.65562
316	13.00605	77.65567
317	13.00612	77.65573
318	13.00619	77.65577
319	13.00625	77.65583
320	13.00630	77.65589
321	13.00636	77.65596
322	13.00640	77.65601
323	13.00647	77.65606
324	13.00652	77.65612
325	13.00658	77.65617
326	13.00663	77.65622
327	13.00670	77.65628
328	13.00676	77.65634
329	13.00681	77.65640
330	13.00688	77.65644
331	13.00693	77.65649
332	13.00699	77.65654
333	13.00705	77.65659
334	13.00710	77.65665
335	13.00715	77.65670
336	13.00721	77.65676
337	13.00726	77.65682
338	13.00731	77.65687
339	13.00736	77.65692
340	13.00740	77.65699
341	13.00744	77.65705
342	13.00749	77.65711
343	13.00754	77.65717
344	13.00761	77.65722
345	13.00766	77.65727
346	13.00772	77.65734
347	13.00777	77.65740
348	13.00783	77.65746
349	13.00789	77.65754
350	13.00794	77.65760
351	13.00799	77.65766
352	13.00803	77.65772
353	13.00808	77.65778
354	13.00812	77.65784
355	13.00815	77.65789
356	13.00820	77.65797
357	13.00824	77.65803
358	13.00829	77.65809
359	13.00833	77.65815
360	13.00838	77.65821
361	13.00843	77.65828
362	13.00848	77.65835
363	13.00853	77.65841
364	13.00858	77.65848
365	13.00863	77.65854
366	13.00869	77.65861
367	13.00873	77.65868
368	13.00878	77.65874
369	13.00883	77.65880
370	13.00888	77.65886
371	13.00892	77.65892
372	13.00897	77.65897
373	13.00901	77.65903
374	13.00905	77.65908
375	13.00910	77.65914
376	13.00913	77.65919
377	13.00916	77.65926
378	13.00921	77.65934
379	13.00924	77.65939
380	13.00927	77.65944
381	13.00930	77.65951
382	13.00934	77.65958
383	13.00938	77.65966
384	13.00942	77.65973
385	13.00946	77.65980
386	13.00949	77.65988
387	13.00952	77.65993
388	13.00955	77.66001
389	13.00959	77.66008
390	13.00963	77.66015
391	13.00967	77.66022
392	13.00970	77.66028
393	13.00973	77.66035
394	13.00977	77.66042
395	13.00979	77.66048
396	13.00981	77.66056
397	13.00983	77.66062
398	13.00984	77.66068
399	13.00986	77.66073
400	13.00988	77.66079
401	13.00990	77.66086
402	13.00991	77.66092
403	13.00995	77.66098
404	13.01000	77.66105
405	13.01003	77.66112
406	13.01007	77.66119
407	13.01011	77.66126
408	13.01013	77.66134
409	13.01015	77.66140
410	13.01016	77.66146
411	13.01018	77.66152
412	13.01020	77.66158
413	13.01021	77.66163
414	13.01024	77.66169
415	13.01028	77.66176
416	13.01032	77.66182
417	13.01036	77.66190
418	13.01039	77.66195
419	13.01041	77.66201
420	13.01044	77.66206
421	13.01046	77.66212
422	13.01049	77.66219
423	13.01051	77.66226
424	13.01053	77.66231
425	13.01055	77.66237
426	13.01057	77.66245
427	13.01059	77.66253
428	13.01061	77.66258
429	13.01064	77.66264
430	13.01067	77.66271
431	13.01070	77.66278
432	13.01074	77.66285
433	13.01078	77.66290
434	13.01083	77.66296
435	13.01086	77.66303
436	13.01090	77.66310
437	13.01094	77.66317
438	13.01099	77.66324
439	13.01103	77.66330
440	13.01107	77.66337
441	13.01102	77.66337
442	13.01096	77.66338
443	13.01090	77.66339
444	13.01084	77.66340
445	13.01078	77.66340
446	13.01072	77.66340
447	13.01065	77.66340
448	13.01059	77.66340
449	13.01054	77.66340
450	13.01047	77.66340
451	13.01042	77.66340
452	13.01036	77.66340
453	13.01030	77.66341
454	13.01025	77.66341
455	13.01020	77.66341
456	13.01014	77.66342
457	13.01008	77.66343
458	13.01001	77.66343
459	13.00995	77.66343
460	13.00990	77.66343
461	13.00984	77.66344
462	13.00978	77.66345
463	13.00973	77.66345
464	13.00966	77.66345
465	13.00959	77.66345
466	13.00954	77.66346
467	13.00947	77.66346
468	13.00941	77.66346
469	13.00934	77.66346
470	13.00928	77.66346
471	13.00922	77.66347
472	13.00916	77.66348
473	13.00910	77.66349
474	13.00904	77.66350
475	13.00899	77.66352
476	13.00894	77.66353
477	13.00888	77.66355
478	13.00882	77.66356
479	13.00876	77.66356
480	13.00871	77.66356
481	13.00864	77.66357
482	13.00858	77.66357
483	13.00852	77.66358
484	13.00846	77.66359
485	13.00841	77.66361
486	13.00835	77.66362
487	13.00829	77.66363
488	13.00823	77.66363
489	13.00817	77.66363
490	13.00812	77.66363
491	13.00807	77.66363
492	13.00801	77.66363
493	13.00796	77.66363
494	13.00790	77.66363
495	13.00785	77.66363
496	13.00780	77.66364
497	13.00774	77.66364
498	13.00767	77.66365
499	13.00762	77.66366
500	13.00755	77.66366
501	13.00750	77.66367
502	13.00744	77.66367
503	13.00738	77.66367
504	13.00732	77.66367
505	13.00725	77.66367
506	13.00720	77.66367
507	13.00712	77.66367
508	13.00707	77.66368
509	13.00701	77.66368
510	13.00695	77.66370
511	13.00690	77.66372
512	13.00684	77.66373
513	13.00678	77.66374
514	13.00672	77.66375
515	13.00665	77.66375
516	13.00660	77.66375
517	13.00654	77.66375
518	13.00648	77.66375
519	13.00642	77.66375
520	13.00636	77.66375
521	13.00631	77.66377
522	13.00625	77.66378
523	13.00619	77.66379
524	13.00613	77.66379
525	13.00608	77.66380
526	13.00601	77.66380
527	13.00595	77.66380
528	13.00589	77.66381
529	13.00583	77.66382
530	13.00577	77.66383
531	13.00572	77.66383
532	13.00565	77.66384
533	13.00559	77.66384
534	13.00554	77.66385
535	13.00548	77.66386
536	13.00542	77.66388
537	13.00536	77.66389
538	13.00531	77.66389
539	13.00525	77.66391
540	13.00520	77.66391
541	13.00514	77.66393
542	13.00508	77.66393
543	13.00502	77.66395
544	13.00496	77.66395
545	13.00490	77.66396
546	13.00484	77.66396
547	13.00478	77.66399
548	13.00472	77.66399
549	13.00466	77.66400
550	13.00460	77.66400
551	13.00454	77.66401
552	13.00447	77.66402
553	13.00441	77.66403
554	13.00436	77.66404
555	13.00429	77.66406
556	13.00423	77.66407
557	13.00418	77.66409
558	13.00412	77.66410
559	13.00406	77.66412
560	13.00400	77.66413
561	13.00394	77.66414
562	13.00388	77.66416
563	13.00382	77.66416
564	13.00376	77.66417
565	13.00370	77.66419
566	13.00364	77.66420
567	13.00358	77.66422
568	13.00353	77.66423
569	13.00347	77.66423
570	13.00341	77.66424
571	13.00334	77.66426
572	13.00328	77.66426
573	13.00323	77.66427
574	13.00317	77.66427
575	13.00311	77.66428
576	13.00305	77.66429
577	13.00298	77.66430
578	13.00292	77.66430
579	13.00286	77.66430
580	13.00280	77.66430
581	13.00275	77.66430
582	13.00268	77.66430
583	13.00262	77.66430
584	13.00257	77.66430
585	13.00250	77.66430
586	13.00244	77.66430
587	13.00238	77.66431
588	13.00232	77.66432
589	13.00226	77.66433
590	13.00221	77.66433
591	13.00215	77.66433
592	13.00209	77.66433
593	13.00203	77.66433
594	13.00196	77.66434
595	13.00189	77.66434
596	13.00183	77.66434
597	13.00177	77.66434
598	13.00170	77.66434
599	13.00164	77.66436
600	13.00159	77.66436
601	13.00153	77.66436
602	13.00147	77.66437
603	13.00140	77.66438
604	13.00133	77.66438
605	13.00127	77.66438
606	13.00120	77.66439
607	13.00114	77.66440
608	13.00107	77.66440
609	13.00102	77.66441
610	13.00096	77.66441
611	13.00090	77.66442
612	13.00084	77.66442
613	13.00078	77.66442
614	13.00071	77.66443
615	13.00065	77.66444
616	13.00058	77.66446
617	13.00052	77.66447
618	13.00047	77.66447
619	13.00041	77.66447
620	13.00034	77.66448
621	13.00029	77.66448
622	13.00023	77.66448
623	13.00016	77.66448
624	13.00010	77.66448
625	13.00004	77.66449
626	12.99999	77.66449
627	12.99993	77.66449
628	12.99985	77.66449
629	12.99979	77.66450
630	12.99973	77.66451
631	12.99967	77.66451
632	12.99961	77.66451
633	12.99955	77.66451
634	12.99949	77.66451
635	12.99944	77.66451
636	12.99937	77.66451
637	12.99931	77.66451
638	12.99926	77.66451
639	12.99920	77.66451
640	12.99914	77.66451
641	12.99908	77.66451
642	12.99902	77.66451
643	12.99895	77.66451
644	12.99890	77.66451
645	12.99883	77.66452
646	12.99877	77.66452
647	12.99872	77.66453
648	12.99865	77.66453
649	12.99860	77.66454
650	12.99853	77.66455
651	12.99848	77.66456
652	12.99843	77.66456
653	12.99837	77.66456
654	12.99831	77.66457
655	12.99824	77.66458
656	12.99819	77.66458
657	12.99813	77.66458
658	12.99807	77.66459
659	12.99800	77.66459
660	12.99795	77.66460
661	12.99788	77.66461
662	12.99782	77.66462
663	12.99777	77.66462
664	12.99771	77.66463
665	12.99766	77.66463
666	12.99759	77.66464
667	12.99753	77.66465
668	12.99747	77.66465
669	12.99741	77.66466
670	12.99734	77.66467
671	12.99728	77.66467
672	12.99722	77.66468
673	12.99717	77.66469
674	12.99711	77.66469
675	12.99705	77.66469
676	12.99700	77.66471
677	12.99693	77.66473
678	12.99688	77.66474
679	12.99682	77.66477
680	12.99675	77.66480
681	12.99669	77.66483
682	12.99663	77.66486
683	12.99658	77.66488
684	12.99652	77.66492
685	12.99647	77.66496
686	12.99641	77.66500
687	12.99636	77.66504
688	12.99630	77.66507
689	12.99624	77.66511
690	12.99618	77.66515
691	12.99613	77.66512
692	12.99610	77.66507
693	12.99606	77.66502
694	12.99602	77.66495
695	12.99600	77.66490
696	12.99597	77.66485
697	12.99594	77.66479
698	12.99591	77.66474
699	12.99588	77.66468
700	12.99585	77.66463
701	12.99580	77.66456
702	12.99578	77.66451
703	12.99574	77.66445
704	12.99571	77.66439
705	12.99568	77.66434
706	12.99564	77.66428
707	12.99561	77.66423
708	12.99558	77.66418
709	12.99555	77.66412
710	12.99553	77.66407
711	12.99549	77.66401
712	12.99546	77.66396
713	12.99543	77.66390
714	12.99538	77.66387
715	12.99532	77.66390
716	12.99526	77.66393
717	12.99521	77.66396
718	12.99515	77.66401
719	12.99509	77.66405
720	12.99503	77.66408
721	12.99498	77.66411
722	12.99492	77.66415
723	12.99486	77.66420
724	12.99480	77.66424
725	12.99475	77.66427
726	12.99469	77.66431
727	12.99464	77.66434
728	12.99458	77.66438
729	12.99452	77.66442
730	12.99446	77.66445
731	12.99441	77.66448
732	12.99435	77.66452
733	12.99430	77.66455
734	12.99425	77.66458
735	12.99419	77.66461
736	12.99414	77.66464
737	12.99409	77.66467
738	12.99403	77.66470
739	12.99397	77.66474
740	12.99391	77.66477
741	12.99385	77.66481
742	12.99379	77.66485
743	12.99373	77.66488
744	12.99368	77.66492
745	12.99362	77.66495
746	12.99357	77.66500
747	12.99351	77.66502
748	12.99346	77.66505
749	12.99340	77.66509
750	12.99334	77.66512
751	12.99329	77.66515
752	12.99323	77.66518
753	12.99318	77.66521
754	12.99314	77.66516
755	12.99313	77.66511
756	12.99310	77.66504
757	12.99306	77.66497
758	12.99302	77.66490
759	12.99299	77.66482
760	12.99296	77.66477
761	12.99293	77.66472
762	12.99289	77.66465
763	12.99285	77.66458
764	12.99283	77.66453
765	12.99279	77.66445
766	12.99276	77.66440
767	12.99273	77.66433
768	12.99271	77.66427
769	12.99267	77.66418
770	12.99264	77.66413
771	12.99261	77.66407
772	12.99258	77.66400
773	12.99255	77.66393
774	12.99252	77.66386
775	12.99250	77.66379
776	12.99247	77.66373
777	12.99244	77.66367
778	12.99242	77.66361
779	12.99239	77.66354
780	12.99237	77.66348
781	12.99233	77.66342
782	12.99230	77.66335
783	12.99228	77.66330
784	12.99225	77.66324
785	12.99222	77.66318
786	12.99219	77.66313
787	12.99216	77.66307
788	12.99213	77.66300
789	12.99209	77.66294
790	12.99206	77.66287
791	12.99202	77.66280
792	12.99200	77.66274
793	12.99196	77.66267
794	12.99193	77.66260
795	12.99189	77.66253
796	12.99188	77.66248
797	12.99185	77.66241
798	12.99182	77.66236
799	12.99180	77.66228
800	12.99177	77.66221
801	12.99175	77.66214
802	12.99172	77.66208
803	12.99168	77.66200
804	12.99165	77.66193
805	12.99163	77.66188
806	12.99158	77.66184
807	12.99155	77.66177
808	12.99152	77.66172
809	12.99148	77.66165
810	12.99146	77.66159
811	12.99143	77.66154
812	12.99140	77.66147
813	12.99137	77.66142
814	12.99135	77.66136
815	12.99131	77.66131
816	12.99129	77.66125
817	12.99125	77.66118
818	12.99122	77.66112
819	12.99120	77.66106
820	12.99117	77.66101
821	12.99114	77.66094
822	12.99110	77.66087
823	12.99107	77.66081
824	12.99104	77.66075
825	12.99101	77.66069
826	12.99098	77.66063
827	12.99095	77.66057
828	12.99092	77.66051
829	12.99088	77.66043
830	12.99086	77.66038
831	12.99081	77.66032
832	12.99076	77.66025
833	12.99072	77.66019
834	12.99068	77.66013
835	12.99065	77.66007
836	12.99063	77.66000
837	12.99061	77.65995
838	12.99058	77.65989
839	12.99056	77.65983
840	12.99054	77.65978
841	12.99050	77.65971
842	12.99047	77.65964
843	12.99045	77.65956
844	12.99041	77.65949
845	12.99039	77.65944
846	12.99036	77.65938
847	12.99035	77.65933
848	12.99031	77.65926
849	12.99026	77.65919
850	12.99022	77.65914
851	12.99019	77.65908
852	12.99016	77.65901
853	12.99011	77.65893
854	12.99008	77.65886
855	12.99005	77.65881
856	12.99002	77.65875
857	12.98999	77.65868
858	12.98996	77.65860
859	12.98995	77.65854
860	12.98992	77.65847
861	12.98990	77.65841
862	12.98987	77.65834
863	12.98985	77.65829
864	12.98981	77.65823
865	12.98978	77.65817
866	12.98975	77.65812
867	12.98973	77.65805
868	12.98969	77.65800
869	12.98965	77.65793
870	12.98961	77.65784
871	12.98958	77.65778
872	12.98955	77.65771
873	12.98950	77.65764
874	12.98946	77.65756
875	12.98943	77.65748
876	12.98938	77.65740
877	12.98935	77.65733
878	12.98933	77.65728
879	12.98931	77.65722
880	12.98928	77.65715
881	12.98925	77.65708
882	12.98921	77.65700
883	12.98917	77.65693
884	12.98913	77.65686
885	12.98909	77.65679
886	12.98906	77.65672
887	12.98901	77.65666
888	12.98896	77.65658
889	12.98891	77.65651
890	12.98888	77.65646
891	12.98884	77.65638
892	12.98880	77.65631
893	12.98877	77.65626
894	12.98875	77.65620
895	12.98873	77.65613
896	12.98870	77.65607
897	12.98867	77.65600
898	12.98865	77.65595
899	12.98863	77.65589
900	12.98860	77.65582
901	12.98859	77.65576
902	12.98856	77.65568
903	12.98853	77.65561
904	12.98849	77.65555
905	12.98846	77.65548
906	12.98844	77.65543
907	12.98842	77.65537
908	12.98838	77.65529
909	12.98835	77.65524
910	12.98833	77.65517
911	12.98829	77.65511
912	12.98826	77.65504
913	12.98824	77.65497
914	12.98820	77.65489
915	12.98818	77.65484
916	12.98815	77.65477
917	12.98812	77.65471
918	12.98809	77.65465
919	12.98808	77.65459
920	12.98806	77.65453
921	12.98805	77.65448
922	12.98800	77.65441
923	12.98796	77.65434
924	12.98792	77.65427
925	12.98788	77.65420
926	12.98784	77.65413
927	12.98779	77.65406
928	12.98776	77.65399
929	12.98772	77.65392
930	12.98768	77.65385
931	12.98764	77.65378
932	12.98759	77.65370
933	12.98757	77.65364
934	12.98753	77.65358
935	12.98749	77.65351
936	12.98745	77.65342
937	12.98741	77.65335
938	12.98737	77.65327
939	12.98734	77.65321
940	12.98733	77.65315
941	12.98731	77.65309
942	12.98727	77.65302
943	12.98725	77.65296
944	12.98722	77.65291
945	12.98720	77.65284
946	12.98718	77.65276
947	12.98717	77.65271
948	12.98715	77.65265
949	12.98714	77.65260
950	12.98711	77.65252
951	12.98708	77.65246
952	12.98702	77.65239
953	12.98697	77.65232
954	12.98694	77.65226
955	12.98691	77.65219
956	12.98689	77.65214
957	12.98686	77.65207
958	12.98682	77.65200
959	12.98680	77.65194
960	12.98676	77.65188
961	12.98673	77.65180
962	12.98671	77.65174
963	12.98669	77.65169
964	12.98667	77.65163
965	12.98664	77.65155
966	12.98662	77.65149
967	12.98659	77.65143
968	12.98656	77.65136
969	12.98652	77.65129
970	12.98648	77.65122
971	12.98644	77.65115
972	12.98642	77.65109
973	12.98638	77.65102
974	12.98636	77.65097
975	12.98633	77.65090
976	12.98630	77.65081
977	12.98626	77.65074
978	12.98623	77.65066
979	12.98619	77.65059
980	12.98616	77.65054
981	12.98612	77.65047
982	12.98608	77.65040
983	12.98604	77.65032
984	12.98601	77.65025
985	12.98598	77.65020
986	12.98595	77.65013
987	12.98592	77.65005
988	12.98588	77.64999
989	12.98585	77.64992
990	12.98582	77.64985
991	12.98578	77.64978
992	12.98574	77.64971
993	12.98571	77.64964
994	12.98568	77.64957
995	12.98564	77.64950
996	12.98570	77.64951
997	12.98576	77.64953
998	12.98582	77.64954
999	12.98588	77.64955
1000	12.98594	77.64956
1001	12.98600	77.64957
1002	12.98606	77.64958
1003	12.98613	77.64960
1004	12.98619	77.64960
1005	12.98625	77.64962
1006	12.98632	77.64963
1007	12.98638	77.64963
1008	12.98645	77.64964
1009	12.98650	77.64965
1010	12.98657	77.64966
1011	12.98663	77.64967
1012	12.98669	77.64967
1013	12.98677	77.64969
1014	12.98684	77.64970
1015	12.98690	77.64971
1016	12.98696	77.64972
1017	12.98704	77.64972
1018	12.98712	77.64972
1019	12.98720	77.64972
1020	12.98729	77.64972
1021	12.98735	77.64971
1022	12.98740	77.64970
1023	12.98747	77.64969
1024	12.98754	77.64968
1025	12.98762	77.64966
1026	12.98769	77.64965
1027	12.98774	77.64963
1028	12.98779	77.64962
1029	12.98785	77.64960
1030	12.98791	77.64958
1031	12.98797	77.64957
1032	12.98804	77.64954
1033	12.98811	77.64950
1034	12.98817	77.64947
1035	12.98823	77.64944
1036	12.98829	77.64940
1037	12.98835	77.64937
1038	12.98840	77.64934
1039	12.98846	77.64930
1040	12.98854	77.64926
1041	12.98860	77.64922
1042	12.98865	77.64919
1043	12.98871	77.64916
1044	12.98877	77.64912
1045	12.98884	77.64908
1046	12.98889	77.64906
1047	12.98895	77.64903
1048	12.98900	77.64900
1049	12.98906	77.64897
1050	12.98913	77.64895
1051	12.98918	77.64890
1052	12.98926	77.64884
1053	12.98934	77.64878
1054	12.98939	77.64872
1055	12.98944	77.64866
1056	12.98949	77.64860
1057	12.98953	77.64855
1058	12.98959	77.64848
1059	12.98962	77.64842
1060	12.98967	77.64834
1061	12.98970	77.64829
1062	12.98972	77.64823
1063	12.98976	77.64818
1064	12.98978	77.64812
1065	12.98980	77.64806
1066	12.98984	77.64800
1067	12.98987	77.64792
1068	12.98989	77.64786
1069	12.98991	77.64779
1070	12.98992	77.64774
1071	12.98995	77.64766
1072	12.98997	77.64760
1073	12.98999	77.64753
1074	12.99001	77.64746
1075	12.99004	77.64739
1076	12.99005	77.64734
1077	12.99006	77.64728
1078	12.99008	77.64722
1079	12.99010	77.64715
1080	12.99012	77.64709
1081	12.99014	77.64702
1082	12.99015	77.64696
1083	12.99017	77.64690
1084	12.99018	77.64684
1085	12.99019	77.64678
1086	12.99021	77.64672
1087	12.99023	77.64665
1088	12.99025	77.64658
1089	12.99025	77.64652
1090	12.99026	77.64645
1091	12.99027	77.64639
1092	12.99028	77.64633
1093	12.99029	77.64626
1094	12.99030	77.64621
1095	12.99032	77.64613
1096	12.99034	77.64607
1097	12.99034	77.64600
1098	12.99035	77.64592
1099	12.99036	77.64587
1100	12.99037	77.64581
1101	12.99037	77.64575
1102	12.99038	77.64569
1103	12.99039	77.64561
1104	12.99040	77.64555
1105	12.99041	77.64547
1106	12.99042	77.64541
1107	12.99042	77.64536
1108	12.99044	77.64529
1109	12.99045	77.64521
1110	12.99045	77.64516
1111	12.99047	77.64508
1112	12.99049	77.64501
1113	12.99051	77.64495
1114	12.99052	77.64490
1115	12.99053	77.64485
1116	12.99055	77.64479
1117	12.99057	77.64472
1118	12.99058	77.64465
1119	12.99060	77.64459
1120	12.99061	77.64452
1121	12.99063	77.64447
1122	12.99065	77.64439
1123	12.99066	77.64432
1124	12.99067	77.64426
1125	12.99068	77.64421
1126	12.99068	77.64413
1127	12.99069	77.64406
1128	12.99070	77.64399
1129	12.99071	77.64394
1130	12.99072	77.64386
1131	12.99073	77.64379
1132	12.99076	77.64371
1133	12.99077	77.64364
1134	12.99078	77.64359
1135	12.99079	77.64352
1136	12.99079	77.64346
1137	12.99080	77.64340
1138	12.99081	77.64334
1139	12.99082	77.64329
1140	12.99083	77.64323
1141	12.99083	77.64318
1142	12.99084	77.64312
1143	12.99085	77.64304
1144	12.99086	77.64297
1145	12.99087	77.64291
1146	12.99088	77.64283
1147	12.99088	77.64278
1148	12.99089	77.64272
1149	12.99089	77.64266
1150	12.99091	77.64260
1151	12.99091	77.64254
1152	12.99092	77.64249
1153	12.99092	77.64244
1154	12.99094	77.64238
1155	12.99097	77.64229
1156	12.99098	77.64222
1157	12.99098	77.64215
1158	12.99099	77.64209
1159	12.99100	77.64202
1160	12.99102	77.64195
1161	12.99102	77.64190
1162	12.99103	77.64183
1163	12.99104	77.64177
1164	12.99105	77.64172
1165	12.99106	77.64164
1166	12.99107	77.64158
1167	12.99108	77.64151
1168	12.99108	77.64146
1169	12.99109	77.64139
1170	12.99110	77.64133
1171	12.99111	77.64127
1172	12.99111	77.64119
1173	12.99112	77.64113
1174	12.99113	77.64107
1175	12.99116	77.64098
1176	12.99116	77.64092
1177	12.99117	77.64085
1178	12.99118	77.64080
1179	12.99119	77.64073
1180	12.99119	77.64066
1181	12.99120	77.64060
1182	12.99121	77.64054
1183	12.99122	77.64046
1184	12.99123	77.64040
1185	12.99123	77.64035
1186	12.99125	77.64026
1187	12.99125	77.64019
1188	12.99126	77.64013
1189	12.99127	77.64007
1190	12.99127	77.64001
1191	12.99127	77.63994
1192	12.99128	77.63988
1193	12.99128	77.63982
1194	12.99129	77.63975
1195	12.99131	77.63970
1196	12.99132	77.63962
1197	12.99134	77.63955
1198	12.99135	77.63948
1199	12.99136	77.63942
1200	12.99136	77.63935
1201	12.99138	77.63928
1202	12.99138	77.63921
1203	12.99140	77.63915
1204	12.99140	77.63909
1205	12.99141	77.63904
1206	12.99142	77.63898
1207	12.99143	77.63891
1208	12.99145	77.63886
1209	12.99146	77.63880
1210	12.99147	77.63873
1211	12.99147	77.63867
1212	12.99148	77.63861
1213	12.99149	77.63854
1214	12.99151	77.63849
1215	12.99153	77.63842
1216	12.99155	77.63837
1217	12.99160	77.63836
1218	12.99166	77.63838
1219	12.99171	77.63839
1220	12.99177	77.63840
1221	12.99184	77.63842
1222	12.99192	77.63844
1223	12.99198	77.63846
1224	12.99204	77.63847
1225	12.99210	77.63848
1226	12.99216	77.63849
1227	12.99222	77.63849
1228	12.99224	77.63855
1229	12.99226	77.63861
1230	12.99228	77.63867
1231	12.99230	77.63874
1232	12.99232	77.63880
1233	12.99233	77.63886
1234	12.99234	77.63891
1235	12.99235	77.63897
1236	12.99243	77.63898
1237	12.99248	77.63898
1238	12.99255	77.63898
1239	12.99261	77.63898
1240	12.99267	77.63898
1241	12.99274	77.63898
1242	12.99281	77.63898
1243	12.99287	77.63897
1244	12.99294	77.63897
1245	12.99299	77.63895
1246	12.99306	77.63895
1247	12.99311	77.63894
1248	12.99319	77.63896
1249	12.99325	77.63897
1250	12.99330	77.63898
1251	12.99336	77.63901
1252	12.99344	77.63905
1253	12.99351	77.63908
1254	12.99357	77.63912
1255	12.99364	77.63917
1256	12.99371	77.63922
1257	12.99377	77.63927
1258	12.99381	77.63932
1259	12.99387	77.63937
1260	12.99388	77.63943
1261	12.99387	77.63950
1262	12.99386	77.63956
1263	12.99385	77.63963
1264	12.99382	77.63970
1265	12.99381	77.63977
1266	12.99380	77.63985
1267	12.99379	77.63992
1268	12.99378	77.63998
1269	12.99378	77.64006
1270	12.99378	77.64014
1271	12.99377	77.64019
1272	12.99376	77.64026
1273	12.99376	77.64034
1274	12.99375	77.64043
1275	12.99374	77.64048
1276	12.99374	77.64055
1277	12.99372	77.64061
1278	12.99372	77.64067
1279	12.99371	77.64073
1280	12.99370	77.64081
1281	12.99368	77.64090
1282	12.99366	77.64096
1283	12.99365	77.64102
1284	12.99362	77.64108
1285	12.99361	77.64115
1286	12.99358	77.64123
1287	12.99358	77.64130
1288	12.99356	77.64137
1289	12.99356	77.64144
1290	12.99365	77.64148
1291	12.99371	77.64149
1292	12.99378	77.64149
1293	12.99385	77.64150
1294	12.99394	77.64153
1295	12.99402	77.64156
1296	12.99408	77.64157
1297	12.99416	77.64160
1298	12.99423	77.64163
1299	12.99429	77.64165
1300	12.99437	77.64168
1301	12.99443	77.64170
1302	12.99446	77.64178
1303	12.99445	77.64185
1304	12.99444	77.64192
1305	12.99441	77.64199
1306	12.99439	77.64204
1307	12.99436	77.64209
1308	12.99431	77.64216
1309	12.99425	77.64223
1310	12.99419	77.64229
1311	12.99412	77.64236
1312	12.99418	77.64238
1313	12.99424	77.64239
1314	12.99429	77.64239
1315	12.99435	77.64239
1316	12.99441	77.64239
1317	12.99447	77.64239
1318	12.99449	77.64245
1319	12.99450	77.64251
1320	12.99451	77.64257
1321	12.99451	77.64264
1322	12.99451	77.64270
1323	12.99451	77.64277
1324	12.99452	77.64283
1325	12.99454	77.64288
1326	12.99455	77.64294
1327	12.99456	77.64301
1328	12.99456	77.64308
1329	12.99456	77.64314
1330	12.99457	77.64321
1331	12.99457	77.64328
1332	12.99457	77.64335
1333	12.99457	77.64342
1334	12.99457	77.64349
1335	12.99457	77.64355
1336	12.99457	77.64363
1337	12.99459	77.64368
1338	12.99466	77.64369
1339	12.99472	77.64365
1340	12.99479	77.64360
1341	12.99484	77.64355
1342	12.99490	77.64351
1343	12.99495	77.64349
1344	12.99502	77.64346
1345	12.99508	77.64341
1346	12.99514	77.64336
1347	12.99520	77.64332
1348	12.99525	77.64328
1349	12.99532	77.64322
1350	12.99539	77.64317
1351	12.99545	77.64313
1352	12.99551	77.64309
1353	12.99559	77.64305
1354	12.99565	77.64301
1355	12.99571	77.64296
1356	12.99578	77.64291
1357	12.99584	77.64287
1358	12.99590	77.64281
1359	12.99595	77.64276
1360	12.99601	77.64272
1361	12.99608	77.64269
1362	12.99614	77.64266
1363	12.99621	77.64262
1364	12.99628	77.64259
1365	12.99633	77.64254
1366	12.99639	77.64250
1367	12.99645	77.64245
1368	12.99651	77.64241
1369	12.99658	77.64237
1370	12.99664	77.64233
1371	12.99670	77.64229
1372	12.99676	77.64224
1373	12.99681	77.64220
1374	12.99688	77.64216
1375	12.99694	77.64212
1376	12.99701	77.64209
1377	12.99708	77.64205
1378	12.99715	77.64200
1379	12.99722	77.64195
1380	12.99729	77.64191
1381	12.99734	77.64187
1382	12.99740	77.64182
1383	12.99746	77.64179
1384	12.99753	77.64175
1385	12.99759	77.64171
1386	12.99764	77.64169
1387	12.99770	77.64167
1388	12.99775	77.64165
1389	12.99782	77.64162
1390	12.99788	77.64158
1391	12.99794	77.64155
1392	12.99800	77.64150
1393	12.99805	77.64148
1394	12.99811	77.64144
1395	12.99817	77.64142
1396	12.99822	77.64140
1397	12.99827	77.64138
1398	12.99832	77.64137
1399	12.99838	77.64134
1400	12.99843	77.64132
1401	12.99849	77.64129
1402	12.99854	77.64126
1403	12.99860	77.64123
1404	12.99865	77.64120
1405	12.99871	77.64118
1406	12.99876	77.64115
1407	12.99882	77.64112
1408	12.99888	77.64110
1409	12.99893	77.64106
1410	12.99899	77.64103
1411	12.99904	77.64099
1412	12.99911	77.64096
1413	12.99916	77.64092
1414	12.99922	77.64090
1415	12.99928	77.64086
1416	12.99932	77.64081
1417	12.99939	77.64075
1418	12.99945	77.64071
1419	12.99952	77.64068
1420	12.99960	77.64065
1421	12.99966	77.64062
1422	12.99972	77.64057
1423	12.99979	77.64052
1424	12.99984	77.64047
1425	12.99990	77.64042
1426	12.99995	77.64038
1427	13.00001	77.64034
1428	13.00007	77.64029
1429	13.00013	77.64024
1430	13.00019	77.64019
1431	13.00024	77.64015
1432	13.00031	77.64010
1433	13.00037	77.64005
1434	13.00045	77.64002
1435	13.00051	77.63998
1436	13.00057	77.63995
1437	13.00063	77.63992
1438	13.00068	77.63991
1439	13.00074	77.63989
1440	13.00082	77.63986
1441	13.00088	77.63982
1442	13.00094	77.63981
1443	13.00099	77.63979
1444	13.00107	77.63976
1445	13.00114	77.63973
1446	13.00121	77.63970
1447	13.00127	77.63966
1448	13.00133	77.63962
1449	13.00138	77.63956
1450	13.00143	77.63949
1451	13.00147	77.63943
1452	13.00152	77.63937
1453	13.00155	77.63930
1454	13.00158	77.63925
1455	13.00162	77.63917
1456	13.00165	77.63910
1457	13.00168	77.63905
1458	13.00172	77.63899
1459	13.00175	77.63893
1460	13.00177	77.63888
1461	13.00181	77.63880
1462	13.00184	77.63875
1463	13.00187	77.63869
1464	13.00189	77.63863
1465	13.00193	77.63857
1466	13.00195	77.63852
1467	13.00198	77.63846
1468	13.00202	77.63839
1469	13.00206	77.63833
1470	13.00209	77.63826
1471	13.00214	77.63820
1472	13.00217	77.63813
1473	13.00219	77.63807
1474	13.00224	77.63801
1475	13.00226	77.63793
1476	13.00229	77.63788
1477	13.00232	77.63782
1478	13.00235	77.63776
1479	13.00239	77.63769
1480	13.00241	77.63764
1481	13.00245	77.63758
1482	13.00249	77.63752
1483	13.00254	77.63745
