Rank	Latitude	Longitude
1	13.00258	77.63739
2	13.00251	77.63732
3	13.00246	77.63729
4	13.00239	77.63722
5	13.00234	77.63715
6	13.00229	77.63709
7	13.00225	77.63703
8	13.00221	77.63698
9	13.00216	77.63692
10	13.00211	77.63686
11	13.00204	77.63679
12	13.00199	77.63673
13	13.00193	77.63666
14	13.00188	77.63661
15	13.00184	77.63655
16	13.00179	77.63648
17	13.00174	77.63642
18	13.00171	77.63637
19	13.00164	77.63629
20	13.00158	77.63622
21	13.00154	77.63616
22	13.00148	77.63610
23	13.00143	77.63603
24	13.00139	77.63598
25	13.00135	77.63592
26	13.00132	77.63586
27	13.00127	77.63580
28	13.00123	77.63574
29	13.00120	77.63568
30	13.00117	77.63562
31	13.00113	77.63555
32	13.00110	77.63548
33	13.00106	77.63541
34	13.00102	77.63535
35	13.00099	77.63529
36	13.00096	77.63523
37	13.00093	77.63515
38	13.00092	77.63509
39	13.00089	77.63502
40	13.00087	77.63495
41	13.00085	77.63489
42	13.00084	77.63484
43	13.00082	77.63478
44	13.00081	77.63472
45	13.00079	77.63465
46	13.00077	77.63459
47	13.00075	77.63452
48	13.00073	77.63447
49	13.00071	77.63441
50	13.00070	77.63435
51	13.00068	77.63429
52	13.00067	77.63423
53	13.00065	77.63415
54	13.00063	77.63407
55	13.00061	77.63400
56	13.00059	77.63394
57	13.00058	77.63386
58	13.00056	77.63380
59	13.00053	77.63372
60	13.00052	77.63364
61	13.00050	77.63359
62	13.00049	77.63352
63	13.00047	77.63345
64	13.00046	77.63338
65	13.00044	77.63331
66	13.00042	77.63325
67	13.00041	77.63317
68	13.00041	77.63312
69	13.00040	77.63305
70	13.00039	77.63298
71	13.00039	77.63292
72	13.00038	77.63287
73	13.00037	77.63280
74	13.00036	77.63273
75	13.00035	77.63267
76	13.00034	77.63260
77	13.00033	77.63254
78	13.00032	77.63247
79	13.00031	77.63242
80	13.00030	77.63236
81	13.00028	77.63229
82	13.00027	77.63223
83	13.00026	77.63217
84	13.00024	77.63210
85	13.00023	77.63204
86	13.00023	77.63198
87	13.00022	77.63191
88	13.00021	77.63185
89	13.00020	77.63179
90	13.00020	77.63174
91	13.00019	77.63167
92	13.00018	77.63162
93	13.00018	77.63155
94	13.00026	77.63153
95	13.00031	77.63152
96	13.00038	77.63150
97	13.00043	77.63149
98	13.00049	77.63148
99	13.00057	77.63147
100	13.00062	77.63145
101	13.00069	77.63144
102	13.00074	77.63143
103	13.00080	77.63142
104	13.00085	77.63141
105	13.00091	77.63140
106	13.00097	77.63140
107	13.00103	77.63138
108	13.00109	77.63137
109	13.00115	77.63137
110	13.00120	77.63136
111	13.00128	77.63135
112	13.00133	77.63134
113	13.00140	77.63134
114	13.00146	77.63134
115	13.00151	77.63133
116	13.00156	77.63133
117	13.00159	77.63138
118	13.00159	77.63144
119	13.00160	77.63151
120	13.00161	77.63157
121	13.00163	77.63162
122	13.00166	77.63169
123	13.00172	77.63175
124	13.00177	77.63180
125	13.00180	77.63186
126	13.00182	77.63193
127	13.00185	77.63200
128	13.00190	77.63207
129	13.00192	77.63213
130	13.00195	77.63219
131	13.00200	77.63224
132	13.00206	77.63227
133	13.00213	77.63231
134	13.00219	77.63235
135	13.00225	77.63239
136	13.00232	77.63244
137	13.00239	77.63247
138	13.00245	77.63251
139	13.00252	77.63254
140	13.00258	77.63259
141	13.00263	77.63262
142	13.00269	77.63264
143	13.00274	77.63267
144	13.00281	77.63269
145	13.00287	77.63273
146	13.00294	77.63276
147	13.00299	77.63281
148	13.00304	77.63283
149	13.00309	77.63285
150	13.00316	77.63289
151	13.00321	77.63282
152	13.00323	77.63275
153	13.00326	77.63270
154	13.00329	77.63263
155	13.00332	77.63256
156	13.00335	77.63250
157	13.00339	77.63242
158	13.00342	77.63235
159	13.00343	77.63230
160	13.00346	77.63222
161	13.00348	77.63216
162	13.00350	77.63211
163	13.00352	77.63205
164	13.00353	77.63199
165	13.00356	77.63194
166	13.00358	77.63188
167	13.00362	77.63180
168	13.00364	77.63175
169	13.00366	77.63169
170	13.00369	77.63163
171	13.00371	77.63158
172	13.00374	77.63150
173	13.00378	77.63143
174	13.00381	77.63136
175	13.00382	77.63130
176	13.00383	77.63123
177	13.00384	77.63117
178	13.00385	77.63111
179	13.00388	77.63103
180	13.00390	77.63098
181	13.00392	77.63090
182	13.00395	77.63083
183	13.00397	77.63077
184	13.00401	77.63070
185	13.00405	77.63063
186	13.00407	77.63057
187	13.00409	77.63052
188	13.00412	77.63045
189	13.00415	77.63038
190	13.00418	77.63031
191	13.00421	77.63026
192	13.00424	77.63018
193	13.00427	77.63012
194	13.00430	77.63006
195	13.00432	77.62998
196	13.00433	77.62993
197	13.00435	77.62987
198	13.00437	77.62982
199	13.00440	77.62976
200	13.00442	77.62971
201	13.00445	77.62964
202	13.00448	77.62958
203	13.00453	77.62951
204	13.00455	77.62946
205	13.00457	77.62939
206	13.00459	77.62933
207	13.00461	77.62928
208	13.00464	77.62922
209	13.00467	77.62915
210	13.00470	77.62908
211	13.00473	77.62900
212	13.00475	77.62893
213	13.00478	77.62886
214	13.00480	77.62879
215	13.00482	77.62872
216	13.00484	77.62867
217	13.00486	77.62862
218	13.00489	77.62855
219	13.00492	77.62847
220	13.00495	77.62840
221	13.00497	77.62834
222	13.00501	77.62826
223	13.00504	77.62819
224	13.00507	77.62811
225	13.00511	77.62804
226	13.00513	77.62797
227	13.00515	77.62792
228	13.00517	77.62786
229	13.00519	77.62781
230	13.00523	77.62773
231	13.00525	77.62767
232	13.00528	77.62760
233	13.00531	77.62754
234	13.00533	77.62746
235	13.00536	77.62739
236	13.00539	77.62732
237	13.00541	77.62726
238	13.00543	77.62721
239	13.00545	77.62714
240	13.00548	77.62707
241	13.00552	77.62700
242	13.00556	77.62692
243	13.00558	77.62686
244	13.00559	77.62679
245	13.00562	77.62673
246	13.00564	77.62668
247	13.00567	77.62661
248	13.00569	77.62655
249	13.00572	77.62648
250	13.00575	77.62640
251	13.00577	77.62635
252	13.00578	77.62629
253	13.00582	77.62622
254	13.00585	77.62615
255	13.00588	77.62610
256	13.00590	77.62605
257	13.00593	77.62598
258	13.00595	77.62593
259	13.00597	77.62586
260	13.00599	77.62581
261	13.00602	77.62575
262	13.00605	77.62568
263	13.00608	77.62561
264	13.00610	77.62554
265	13.00613	77.62549
266	13.00615	77.62542
267	13.00618	77.62535
268	13.00622	77.62528
269	13.00625	77.62520
270	13.00629	77.62513
271	13.00632	77.62507
272	13.00634	77.62499
273	13.00636	77.62494
274	13.00639	77.62486
275	13.00640	77.62480
276	13.00643	77.62473
277	13.00646	77.62467
278	13.00649	77.62460
279	13.00652	77.62454
280	13.00655	77.62449
281	13.00657	77.62443
282	13.00660	77.62438
283	13.00663	77.62432
284	13.00667	77.62424
285	13.00670	77.62417
286	13.00673	77.62411
287	13.00676	77.62403
288	13.00678	77.62398
289	13.00680	77.62392
290	13.00683	77.62386
291	13.00685	77.62380
292	13.00685	77.62372
293	13.00680	77.62366
294	13.00672	77.62357
295	13.00668	77.62351
296	13.00664	77.62346
297	13.00659	77.62341
298	13.00651	77.62331
299	13.00646	77.62327
300	13.00642	77.62321
301	13.00633	77.62312
302	13.00628	77.62307
303	13.00623	77.62304
304	13.00612	77.62296
305	13.00607	77.62292
306	13.00602	77.62288
307	13.00595	77.62284
308	13.00585	77.62275
309	13.00579	77.62271
310	13.00574	77.62267
311	13.00569	77.62262
312	13.00564	77.62259
313	13.00558	77.62255
314	13.00553	77.62251
315	13.00548	77.62246
316	13.00543	77.62242
317	13.00536	77.62238
318	13.00531	77.62233
319	13.00526	77.62230
320	13.00521	77.62227
321	13.00511	77.62219
322	13.00506	77.62215
323	13.00500	77.62211
324	13.00493	77.62207
325	13.00488	77.62202
326	13.00482	77.62198
327	13.00472	77.62189
328	13.00465	77.62187
329	13.00460	77.62183
330	13.00450	77.62179
331	13.00445	77.62175
332	13.00440	77.62172
333	13.00434	77.62168
334	13.00429	77.62165
335	13.00421	77.62160
336	13.00415	77.62157
337	13.00410	77.62153
338	13.00405	77.62149
339	13.00396	77.62142
340	13.00388	77.62135
341	13.00383	77.62131
342	13.00374	77.62125
343	13.00369	77.62122
344	13.00362	77.62119
345	13.00355	77.62115
346	13.00346	77.62107
347	13.00339	77.62102
348	13.00332	77.62099
349	13.00327	77.62095
350	13.00320	77.62093
351	13.00312	77.62090
352	13.00306	77.62087
353	13.00299	77.62085
354	13.00293	77.62081
355	13.00287	77.62079
356	13.00276	77.62074
357	13.00269	77.62072
358	13.00263	77.62070
359	13.00255	77.62068
360	13.00249	77.62066
361	13.00242	77.62065
362	13.00235	77.62063
363	13.00229	77.62061
364	13.00222	77.62060
365	13.00212	77.62060
366	13.00207	77.62060
367	13.00202	77.62060
368	13.00195	77.62062
369	13.00190	77.62065
370	13.00182	77.62072
371	13.00175	77.62075
372	13.00170	77.62078
373	13.00165	77.62081
374	13.00160	77.62085
375	13.00153	77.62090
376	13.00149	77.62095
377	13.00146	77.62100
378	13.00144	77.62107
379	13.00141	77.62112
380	13.00137	77.62120
381	13.00128	77.62129
382	13.00125	77.62135
383	13.00121	77.62140
384	13.00117	77.62146
385	13.00113	77.62152
386	13.00111	77.62158
387	13.00109	77.62165
388	13.00106	77.62170
389	13.00103	77.62175
390	13.00098	77.62180
391	13.00090	77.62181
392	13.00081	77.62180
393	13.00074	77.62177
394	13.00065	77.62171
395	13.00058	77.62167
396	13.00052	77.62164
397	13.00042	77.62162
398	13.00033	77.62160
399	13.00023	77.62157
400	13.00017	77.62154
401	13.00010	77.62152
402	13.00004	77.62150
403	12.99998	77.62148
404	12.99991	77.62145
405	12.99983	77.62142
406	12.99971	77.62141
407	12.99960	77.62140
408	12.99951	77.62140
409	12.99944	77.62139
410	12.99932	77.62138
411	12.99920	77.62140
412	12.99912	77.62141
413	12.99905	77.62142
414	12.99898	77.62143
415	12.99889	77.62143
416	12.99882	77.62142
417	12.99877	77.62141
418	12.99870	77.62138
419	12.99865	77.62134
420	12.99858	77.62129
421	12.99852	77.62135
422	12.99848	77.62141
423	12.99842	77.62148
424	12.99838	77.62153
425	12.99830	77.62160
426	12.99823	77.62166
427	12.99817	77.62173
428	12.99811	77.62181
429	12.99806	77.62187
430	12.99799	77.62195
431	12.99794	77.62202
432	12.99789	77.62208
433	12.99782	77.62216
434	12.99778	77.62221
435	12.99771	77.62229
436	12.99765	77.62236
437	12.99758	77.62243
438	12.99751	77.62251
439	12.99746	77.62257
440	12.99740	77.62262
441	12.99735	77.62267
442	12.99728	77.62275
443	12.99722	77.62280
444	12.99718	77.62285
445	12.99711	77.62293
446	12.99705	77.62298
447	12.99700	77.62305
448	12.99694	77.62312
449	12.99688	77.62320
450	12.99683	77.62327
451	12.99679	77.62332
452	12.99675	77.62337
453	12.99670	77.62343
454	12.99666	77.62349
455	12.99661	77.62354
456	12.99655	77.62362
457	12.99649	77.62369
458	12.99646	77.62374
459	12.99640	77.62380
460	12.99636	77.62386
461	12.99631	77.62393
462	12.99627	77.62399
463	12.99621	77.62403
464	12.99616	77.62408
465	12.99610	77.62413
466	12.99604	77.62418
467	12.99599	77.62423
468	12.99593	77.62428
469	12.99586	77.62435
470	12.99580	77.62440
471	12.99576	77.62446
472	12.99572	77.62451
473	12.99566	77.62458
474	12.99560	77.62466
475	12.99555	77.62472
476	12.99549	77.62477
477	12.99543	77.62484
478	12.99538	77.62490
479	12.99532	77.62497
480	12.99525	77.62504
481	12.99520	77.62510
482	12.99515	77.62515
483	12.99509	77.62520
484	12.99502	77.62526
485	12.99496	77.62531
486	12.99490	77.62536
487	12.99483	77.62542
488	12.99475	77.62549
489	12.99471	77.62555
490	12.99465	77.62562
491	12.99460	77.62568
492	12.99455	77.62577
493	12.99452	77.62585
494	12.99448	77.62592
495	12.99445	77.62598
496	12.99441	77.62605
497	12.99439	77.62612
498	12.99437	77.62617
499	12.99435	77.62624
500	12.99433	77.62630
501	12.99429	77.62636
502	12.99426	77.62642
503	12.99423	77.62648
504	12.99419	77.62653
505	12.99417	77.62660
506	12.99414	77.62667
507	12.99411	77.62673
508	12.99409	77.62680
509	12.99407	77.62685
510	12.99405	77.62690
511	12.99402	77.62697
512	12.99398	77.62703
513	12.99395	77.62710
514	12.99391	77.62716
515	12.99388	77.62723
516	12.99386	77.62729
517	12.99383	77.62736
518	12.99382	77.62741
519	12.99378	77.62750
520	12.99377	77.62756
521	12.99375	77.62761
522	12.99373	77.62767
523	12.99371	77.62774
524	12.99369	77.62781
525	12.99367	77.62786
526	12.99365	77.62792
527	12.99362	77.62799
528	12.99360	77.62805
529	12.99358	77.62810
530	12.99355	77.62816
531	12.99354	77.62821
532	12.99352	77.62828
533	12.99351	77.62834
534	12.99348	77.62841
535	12.99347	77.62846
536	12.99345	77.62852
537	12.99344	77.62857
538	12.99342	77.62865
539	12.99340	77.62871
540	12.99339	77.62878
541	12.99337	77.62886
542	12.99336	77.62892
543	12.99335	77.62897
544	12.99334	77.62905
545	12.99334	77.62911
546	12.99334	77.62918
547	12.99333	77.62924
548	12.99331	77.62931
549	12.99330	77.62937
550	12.99327	77.62943
551	12.99326	77.62949
552	12.99325	77.62956
553	12.99324	77.62962
554	12.99322	77.62969
555	12.99321	77.62976
556	12.99320	77.62982
557	12.99319	77.62989
558	12.99318	77.62995
559	12.99317	77.63002
560	12.99316	77.63010
561	12.99314	77.63018
562	12.99312	77.63025
563	12.99310	77.63033
564	12.99308	77.63040
565	12.99307	77.63047
566	12.99306	77.63054
567	12.99304	77.63061
568	12.99303	77.63067
569	12.99301	77.63073
570	12.99300	77.63079
571	12.99298	77.63087
572	12.99297	77.63094
573	12.99297	77.63099
574	12.99296	77.63106
575	12.99295	77.63113
576	12.99295	77.63119
577	12.99293	77.63124
578	12.99292	77.63130
579	12.99292	77.63136
580	12.99290	77.63142
581	12.99289	77.63148
582	12.99287	77.63155
583	12.99285	77.63162
584	12.99284	77.63168
585	12.99283	77.63173
586	12.99281	77.63180
587	12.99280	77.63187
588	12.99277	77.63194
589	12.99276	77.63201
590	12.99274	77.63208
591	12.99272	77.63214
592	12.99272	77.63221
593	12.99271	77.63226
594	12.99270	77.63233
595	12.99269	77.63240
596	12.99268	77.63246
597	12.99268	77.63253
598	12.99266	77.63260
599	12.99266	77.63266
600	12.99265	77.63273
601	12.99264	77.63278
602	12.99263	77.63287
603	12.99262	77.63293
604	12.99261	77.63299
605	12.99259	77.63306
606	12.99257	77.63312
607	12.99256	77.63317
608	12.99255	77.63326
609	12.99253	77.63332
610	12.99252	77.63339
611	12.99250	77.63345
612	12.99249	77.63353
613	12.99247	77.63359
614	12.99245	77.63369
615	12.99243	77.63377
616	12.99242	77.63384
617	12.99241	77.63391
618	12.99240	77.63397
619	12.99238	77.63405
620	12.99238	77.63411
621	12.99236	77.63417
622	12.99236	77.63425
623	12.99235	77.63432
624	12.99234	77.63439
625	12.99233	77.63447
626	12.99231	77.63454
627	12.99230	77.63462
628	12.99228	77.63468
629	12.99227	77.63475
630	12.99226	77.63480
631	12.99225	77.63489
632	12.99223	77.63497
633	12.99222	77.63505
634	12.99221	77.63511
635	12.99220	77.63517
636	12.99220	77.63523
637	12.99218	77.63530
638	12.99217	77.63535
639	12.99216	77.63540
640	12.99215	77.63548
641	12.99214	77.63555
642	12.99213	77.63562
643	12.99212	77.63569
644	12.99210	77.63575
645	12.99209	77.63582
646	12.99207	77.63588
647	12.99205	77.63593
648	12.99203	77.63599
649	12.99201	77.63605
650	12.99200	77.63611
651	12.99197	77.63618
652	12.99196	77.63623
653	12.99194	77.63629
654	12.99192	77.63636
655	12.99190	77.63642
656	12.99189	77.63649
657	12.99189	77.63655
658	12.99188	77.63661
659	12.99187	77.63666
660	12.99185	77.63674
661	12.99183	77.63680
662	12.99183	77.63685
663	12.99182	77.63691
664	12.99180	77.63698
665	12.99179	77.63706
666	12.99179	77.63712
667	12.99177	77.63719
668	12.99176	77.63728
669	12.99175	77.63734
670	12.99173	77.63741
671	12.99171	77.63747
672	12.99170	77.63754
673	12.99169	77.63759
674	12.99169	77.63765
675	12.99167	77.63772
676	12.99167	77.63777
677	12.99165	77.63784
678	12.99164	77.63791
679	12.99163	77.63797
680	12.99161	77.63803
681	12.99159	77.63810
682	12.99157	77.63816
683	12.99156	77.63821
684	12.99156	77.63828
685	12.99155	77.63834
686	12.99163	77.63837
687	12.99169	77.63838
688	12.99177	77.63840
689	12.99184	77.63842
690	12.99192	77.63844
691	12.99198	77.63846
692	12.99204	77.63847
693	12.99210	77.63848
694	12.99216	77.63849
695	12.99222	77.63849
696	12.99224	77.63855
697	12.99226	77.63861
698	12.99228	77.63867
699	12.99230	77.63874
700	12.99232	77.63880
701	12.99233	77.63886
702	12.99234	77.63891
703	12.99235	77.63897
704	12.99243	77.63898
705	12.99248	77.63898
706	12.99255	77.63898
707	12.99261	77.63898
708	12.99267	77.63898
709	12.99274	77.63898
710	12.99281	77.63898
711	12.99287	77.63897
712	12.99294	77.63897
713	12.99299	77.63895
714	12.99306	77.63895
715	12.99311	77.63894
716	12.99319	77.63896
717	12.99325	77.63897
718	12.99330	77.63898
719	12.99336	77.63901
720	12.99344	77.63905
721	12.99351	77.63908
722	12.99357	77.63912
723	12.99364	77.63917
724	12.99371	77.63922
725	12.99377	77.63927
726	12.99381	77.63932
727	12.99387	77.63937
728	12.99388	77.63943
729	12.99387	77.63950
730	12.99386	77.63956
731	12.99385	77.63963
732	12.99382	77.63970
733	12.99381	77.63977
734	12.99380	77.63985
735	12.99379	77.63992
736	12.99378	77.63998
737	12.99378	77.64006
738	12.99378	77.64014
739	12.99377	77.64019
740	12.99376	77.64026
741	12.99376	77.64034
742	12.99375	77.64043
743	12.99374	77.64048
744	12.99374	77.64055
745	12.99372	77.64061
746	12.99372	77.64067
747	12.99371	77.64073
748	12.99370	77.64081
749	12.99368	77.64090
750	12.99366	77.64096
751	12.99365	77.64102
752	12.99362	77.64108
753	12.99361	77.64115
754	12.99358	77.64123
755	12.99358	77.64130
756	12.99356	77.64137
757	12.99356	77.64144
758	12.99365	77.64148
759	12.99371	77.64149
760	12.99378	77.64149
761	12.99385	77.64150
762	12.99394	77.64153
763	12.99402	77.64156
764	12.99408	77.64157
765	12.99416	77.64160
766	12.99423	77.64163
767	12.99429	77.64165
768	12.99437	77.64168
769	12.99443	77.64170
770	12.99446	77.64178
771	12.99445	77.64185
772	12.99444	77.64192
773	12.99441	77.64199
774	12.99439	77.64204
775	12.99436	77.64209
776	12.99431	77.64216
777	12.99425	77.64223
778	12.99419	77.64229
779	12.99412	77.64236
780	12.99418	77.64238
781	12.99424	77.64239
782	12.99429	77.64239
783	12.99435	77.64239
784	12.99441	77.64239
785	12.99447	77.64239
786	12.99449	77.64245
787	12.99450	77.64251
788	12.99451	77.64257
789	12.99451	77.64264
790	12.99451	77.64270
791	12.99451	77.64277
792	12.99452	77.64283
793	12.99454	77.64288
794	12.99455	77.64294
795	12.99456	77.64301
796	12.99456	77.64308
797	12.99456	77.64314
798	12.99457	77.64321
799	12.99457	77.64328
800	12.99457	77.64335
801	12.99457	77.64342
802	12.99457	77.64349
803	12.99457	77.64355
804	12.99457	77.64363
805	12.99459	77.64368
806	12.99466	77.64369
807	12.99472	77.64365
808	12.99479	77.64360
809	12.99484	77.64355
810	12.99490	77.64351
811	12.99495	77.64349
812	12.99502	77.64346
813	12.99508	77.64341
814	12.99514	77.64336
815	12.99520	77.64332
816	12.99525	77.64328
817	12.99532	77.64322
818	12.99539	77.64317
819	12.99545	77.64313
820	12.99551	77.64309
821	12.99559	77.64305
822	12.99565	77.64301
823	12.99571	77.64296
824	12.99578	77.64291
825	12.99584	77.64287
826	12.99590	77.64281
827	12.99595	77.64276
828	12.99601	77.64272
829	12.99608	77.64269
830	12.99614	77.64266
831	12.99621	77.64262
832	12.99628	77.64259
833	12.99633	77.64254
834	12.99639	77.64250
835	12.99645	77.64245
836	12.99651	77.64241
837	12.99658	77.64237
838	12.99664	77.64233
839	12.99670	77.64229
840	12.99676	77.64224
841	12.99681	77.64220
842	12.99688	77.64216
843	12.99694	77.64212
844	12.99701	77.64209
845	12.99708	77.64205
846	12.99715	77.64200
847	12.99722	77.64195
848	12.99729	77.64191
849	12.99734	77.64187
850	12.99740	77.64182
851	12.99746	77.64179
852	12.99753	77.64175
853	12.99759	77.64171
854	12.99764	77.64169
855	12.99770	77.64167
856	12.99775	77.64165
857	12.99782	77.64162
858	12.99788	77.64158
859	12.99794	77.64155
860	12.99800	77.64150
861	12.99805	77.64148
862	12.99811	77.64144
863	12.99817	77.64142
864	12.99822	77.64140
865	12.99827	77.64138
866	12.99832	77.64137
867	12.99838	77.64134
868	12.99843	77.64132
869	12.99849	77.64129
870	12.99854	77.64126
871	12.99860	77.64123
872	12.99865	77.64120
873	12.99871	77.64118
874	12.99876	77.64115
875	12.99882	77.64112
876	12.99888	77.64110
877	12.99893	77.64106
878	12.99899	77.64103
879	12.99904	77.64099
880	12.99911	77.64096
881	12.99916	77.64092
882	12.99922	77.64090
883	12.99928	77.64086
884	12.99932	77.64081
885	12.99939	77.64075
886	12.99945	77.64071
887	12.99952	77.64068
888	12.99960	77.64065
889	12.99966	77.64062
890	12.99972	77.64057
891	12.99979	77.64052
892	12.99984	77.64047
893	12.99990	77.64042
894	12.99995	77.64038
895	13.00001	77.64034
896	13.00007	77.64029
897	13.00013	77.64024
898	13.00019	77.64019
899	13.00024	77.64015
900	13.00031	77.64010
901	13.00037	77.64005
902	13.00045	77.64002
903	13.00051	77.63998
904	13.00057	77.63995
905	13.00063	77.63992
906	13.00068	77.63991
907	13.00074	77.63989
908	13.00082	77.63986
909	13.00088	77.63982
910	13.00094	77.63981
911	13.00099	77.63979
912	13.00107	77.63976
913	13.00114	77.63973
914	13.00121	77.63970
915	13.00127	77.63966
916	13.00133	77.63962
917	13.00138	77.63956
918	13.00143	77.63949
919	13.00147	77.63943
920	13.00152	77.63937
921	13.00155	77.63930
922	13.00158	77.63925
923	13.00162	77.63917
924	13.00165	77.63910
925	13.00168	77.63905
926	13.00172	77.63899
927	13.00175	77.63893
928	13.00177	77.63888
929	13.00181	77.63880
930	13.00184	77.63875
931	13.00187	77.63869
932	13.00189	77.63863
933	13.00193	77.63857
934	13.00195	77.63852
935	13.00198	77.63846
936	13.00202	77.63839
937	13.00206	77.63833
938	13.00209	77.63826
939	13.00214	77.63820
940	13.00217	77.63813
941	13.00219	77.63807
942	13.00224	77.63801
943	13.00226	77.63793
944	13.00229	77.63788
945	13.00232	77.63782
946	13.00235	77.63776
947	13.00239	77.63769
948	13.00241	77.63764
949	13.00245	77.63758
950	13.00249	77.63752
951	13.00254	77.63745
