Rank	Latitude	Longitude
1	13.00893	77.61727
2	13.00890	77.61734
3	13.00888	77.61742
4	13.00887	77.61747
5	13.00885	77.61753
6	13.00883	77.61758
7	13.00879	77.61766
8	13.00877	77.61771
9	13.00874	77.61778
10	13.00870	77.61786
11	13.00869	77.61791
12	13.00867	77.61799
13	13.00865	77.61805
14	13.00863	77.61812
15	13.00859	77.61820
16	13.00857	77.61825
17	13.00853	77.61832
18	13.00850	77.61840
19	13.00848	77.61845
20	13.00847	77.61851
21	13.00845	77.61857
22	13.00843	77.61863
23	13.00841	77.61868
24	13.00840	77.61873
25	13.00838	77.61879
26	13.00836	77.61886
27	13.00834	77.61891
28	13.00832	77.61899
29	13.00829	77.61906
30	13.00827	77.61911
31	13.00824	77.61919
32	13.00822	77.61924
33	13.00820	77.61930
34	13.00817	77.61938
35	13.00815	77.61944
36	13.00813	77.61951
37	13.00811	77.61956
38	13.00808	77.61963
39	13.00807	77.61968
40	13.00799	77.61972
41	13.00793	77.61975
42	13.00786	77.61978
43	13.00779	77.61982
44	13.00772	77.61987
45	13.00767	77.61992
46	13.00761	77.61997
47	13.00756	77.62003
48	13.00752	77.62010
49	13.00751	77.62017
50	13.00752	77.62024
51	13.00753	77.62029
52	13.00754	77.62036
53	13.00756	77.62042
54	13.00758	77.62049
55	13.00760	77.62055
56	13.00761	77.62062
57	13.00762	77.62068
58	13.00764	77.62074
59	13.00766	77.62081
60	13.00769	77.62087
61	13.00772	77.62093
62	13.00776	77.62099
63	13.00780	77.62107
64	13.00784	77.62115
65	13.00788	77.62121
66	13.00791	77.62126
67	13.00796	77.62133
68	13.00798	77.62139
69	13.00803	77.62146
70	13.00809	77.62153
71	13.00814	77.62160
72	13.00818	77.62166
73	13.00822	77.62172
74	13.00827	77.62178
75	13.00829	77.62184
76	13.00833	77.62189
77	13.00836	77.62194
78	13.00829	77.62198
79	13.00823	77.62202
80	13.00816	77.62206
81	13.00811	77.62210
82	13.00806	77.62213
83	13.00799	77.62217
84	13.00793	77.62221
85	13.00787	77.62227
86	13.00780	77.62233
87	13.00775	77.62239
88	13.00769	77.62245
89	13.00763	77.62251
90	13.00756	77.62259
91	13.00751	77.62264
92	13.00746	77.62270
93	13.00740	77.62277
94	13.00735	77.62284
95	13.00730	77.62291
96	13.00727	77.62296
97	13.00723	77.62303
98	13.00719	77.62310
99	13.00716	77.62316
100	13.00712	77.62323
101	13.00709	77.62330
102	13.00706	77.62335
103	13.00702	77.62342
104	13.00700	77.62348
105	13.00699	77.62353
106	13.00697	77.62359
107	13.00695	77.62365
108	13.00692	77.62370
109	13.00687	77.62377
110	13.00680	77.62366
111	13.00672	77.62357
112	13.00668	77.62351
113	13.00664	77.62346
114	13.00659	77.62341
115	13.00651	77.62331
116	13.00646	77.62327
117	13.00642	77.62321
118	13.00633	77.62312
119	13.00628	77.62307
120	13.00623	77.62304
121	13.00612	77.62296
122	13.00607	77.62292
123	13.00602	77.62288
124	13.00595	77.62284
125	13.00585	77.62275
126	13.00579	77.62271
127	13.00574	77.62267
128	13.00569	77.62262
129	13.00564	77.62259
130	13.00558	77.62255
131	13.00553	77.62251
132	13.00548	77.62246
133	13.00543	77.62242
134	13.00536	77.62238
135	13.00531	77.62233
136	13.00526	77.62230
137	13.00521	77.62227
138	13.00511	77.62219
139	13.00506	77.62215
140	13.00500	77.62211
141	13.00493	77.62207
142	13.00488	77.62202
143	13.00482	77.62198
144	13.00472	77.62189
145	13.00465	77.62187
146	13.00460	77.62183
147	13.00450	77.62179
148	13.00445	77.62175
149	13.00440	77.62172
150	13.00434	77.62168
151	13.00429	77.62165
152	13.00421	77.62160
153	13.00415	77.62157
154	13.00410	77.62153
155	13.00405	77.62149
156	13.00396	77.62142
157	13.00388	77.62135
158	13.00383	77.62131
159	13.00374	77.62125
160	13.00369	77.62122
161	13.00362	77.62119
162	13.00355	77.62115
163	13.00346	77.62107
164	13.00339	77.62102
165	13.00332	77.62099
166	13.00327	77.62095
167	13.00320	77.62093
168	13.00312	77.62090
169	13.00306	77.62087
170	13.00299	77.62085
171	13.00293	77.62081
172	13.00287	77.62079
173	13.00276	77.62074
174	13.00269	77.62072
175	13.00263	77.62070
176	13.00255	77.62068
177	13.00249	77.62066
178	13.00242	77.62065
179	13.00235	77.62063
180	13.00229	77.62061
181	13.00222	77.62060
182	13.00212	77.62060
183	13.00207	77.62060
184	13.00202	77.62060
185	13.00195	77.62062
186	13.00190	77.62065
187	13.00182	77.62072
188	13.00175	77.62075
189	13.00170	77.62078
190	13.00165	77.62081
191	13.00160	77.62085
192	13.00153	77.62090
193	13.00149	77.62095
194	13.00146	77.62100
195	13.00144	77.62107
196	13.00141	77.62112
197	13.00137	77.62120
198	13.00128	77.62129
199	13.00125	77.62135
200	13.00121	77.62140
201	13.00117	77.62146
202	13.00113	77.62152
203	13.00111	77.62158
204	13.00109	77.62165
205	13.00106	77.62170
206	13.00103	77.62175
207	13.00098	77.62180
208	13.00090	77.62181
209	13.00081	77.62180
210	13.00074	77.62177
211	13.00065	77.62171
212	13.00058	77.62167
213	13.00052	77.62164
214	13.00042	77.62162
215	13.00033	77.62160
216	13.00023	77.62157
217	13.00017	77.62154
218	13.00010	77.62152
219	13.00004	77.62150
220	12.99998	77.62148
221	12.99991	77.62145
222	12.99983	77.62142
223	12.99971	77.62141
224	12.99960	77.62140
225	12.99951	77.62140
226	12.99944	77.62139
227	12.99932	77.62138
228	12.99920	77.62140
229	12.99912	77.62141
230	12.99905	77.62142
231	12.99898	77.62143
232	12.99889	77.62143
233	12.99882	77.62142
234	12.99877	77.62141
235	12.99870	77.62138
236	12.99865	77.62134
237	12.99858	77.62129
238	12.99863	77.62124
239	12.99867	77.62119
240	12.99873	77.62112
241	12.99878	77.62106
242	12.99884	77.62099
243	12.99890	77.62091
244	12.99895	77.62086
245	12.99899	77.62080
246	12.99903	77.62075
247	12.99908	77.62070
248	12.99914	77.62065
249	12.99918	77.62060
250	12.99923	77.62054
251	12.99928	77.62047
252	12.99932	77.62041
253	12.99938	77.62034
254	12.99942	77.62028
255	12.99946	77.62023
256	12.99949	77.62017
257	12.99954	77.62009
258	12.99958	77.62004
259	12.99962	77.61998
260	12.99966	77.61992
261	12.99969	77.61984
262	12.99971	77.61979
263	12.99975	77.61974
264	12.99978	77.61967
265	12.99983	77.61961
266	12.99987	77.61955
267	12.99990	77.61950
268	12.99994	77.61943
269	12.99996	77.61938
270	12.99999	77.61931
271	13.00003	77.61925
272	13.00006	77.61918
273	13.00010	77.61912
274	13.00015	77.61906
275	13.00019	77.61898
276	13.00022	77.61892
277	13.00025	77.61887
278	13.00028	77.61879
279	13.00030	77.61872
280	13.00032	77.61865
281	13.00034	77.61860
282	13.00036	77.61854
283	13.00037	77.61849
284	13.00039	77.61842
285	13.00041	77.61836
286	13.00042	77.61831
287	13.00044	77.61825
288	13.00046	77.61820
289	13.00047	77.61814
290	13.00049	77.61806
291	13.00051	77.61800
292	13.00052	77.61794
293	13.00055	77.61789
294	13.00056	77.61783
295	13.00057	77.61776
296	13.00059	77.61769
297	13.00060	77.61764
298	13.00061	77.61758
299	13.00062	77.61752
300	13.00064	77.61747
301	13.00066	77.61740
302	13.00067	77.61734
303	13.00069	77.61726
304	13.00071	77.61720
305	13.00072	77.61713
306	13.00073	77.61707
307	13.00074	77.61701
308	13.00075	77.61694
309	13.00075	77.61688
310	13.00076	77.61683
311	13.00077	77.61676
312	13.00078	77.61671
313	13.00079	77.61666
314	13.00080	77.61660
315	13.00080	77.61654
316	13.00081	77.61649
317	13.00081	77.61642
318	13.00081	77.61635
319	13.00081	77.61629
320	13.00080	77.61621
321	13.00080	77.61615
322	13.00080	77.61607
323	13.00080	77.61601
324	13.00080	77.61593
325	13.00080	77.61586
326	13.00080	77.61579
327	13.00079	77.61572
328	13.00078	77.61567
329	13.00078	77.61559
330	13.00078	77.61551
331	13.00078	77.61544
332	13.00078	77.61538
333	13.00078	77.61532
334	13.00076	77.61524
335	13.00076	77.61517
336	13.00075	77.61510
337	13.00074	77.61504
338	13.00074	77.61497
339	13.00072	77.61490
340	13.00072	77.61483
341	13.00071	77.61478
342	13.00070	77.61472
343	13.00069	77.61466
344	13.00068	77.61460
345	13.00068	77.61454
346	13.00067	77.61448
347	13.00066	77.61443
348	13.00065	77.61434
349	13.00065	77.61428
350	13.00062	77.61422
351	13.00061	77.61415
352	13.00059	77.61410
353	13.00057	77.61404
354	13.00056	77.61398
355	13.00054	77.61391
356	13.00051	77.61383
357	13.00049	77.61376
358	13.00047	77.61367
359	13.00044	77.61360
360	13.00041	77.61353
361	13.00038	77.61345
362	13.00036	77.61338
363	13.00032	77.61331
364	13.00030	77.61326
365	13.00026	77.61319
366	13.00032	77.61315
367	13.00040	77.61315
368	13.00048	77.61316
369	13.00056	77.61316
370	13.00062	77.61318
371	13.00070	77.61319
372	13.00077	77.61320
373	13.00085	77.61320
374	13.00093	77.61320
375	13.00100	77.61321
376	13.00107	77.61321
377	13.00113	77.61321
378	13.00120	77.61321
379	13.00128	77.61322
380	13.00133	77.61322
381	13.00139	77.61323
382	13.00146	77.61323
383	13.00152	77.61323
384	13.00159	77.61323
385	13.00166	77.61324
386	13.00171	77.61325
387	13.00179	77.61326
388	13.00188	77.61327
389	13.00194	77.61327
390	13.00200	77.61327
391	13.00209	77.61327
392	13.00216	77.61327
393	13.00224	77.61327
394	13.00232	77.61328
395	13.00241	77.61328
396	13.00249	77.61330
397	13.00256	77.61330
398	13.00262	77.61332
399	13.00268	77.61333
400	13.00277	77.61334
401	13.00282	77.61335
402	13.00289	77.61336
403	13.00297	77.61337
404	13.00303	77.61338
405	13.00311	77.61338
406	13.00320	77.61339
407	13.00327	77.61340
408	13.00334	77.61341
409	13.00342	77.61342
410	13.00350	77.61343
411	13.00358	77.61343
412	13.00367	77.61343
413	13.00375	77.61343
414	13.00381	77.61343
415	13.00387	77.61343
416	13.00394	77.61343
417	13.00400	77.61343
418	13.00407	77.61344
419	13.00412	77.61345
420	13.00420	77.61346
421	13.00426	77.61346
422	13.00432	77.61346
423	13.00439	77.61346
424	13.00446	77.61346
425	13.00452	77.61347
426	13.00459	77.61347
427	13.00465	77.61348
428	13.00471	77.61348
429	13.00478	77.61349
430	13.00486	77.61350
431	13.00492	77.61351
432	13.00500	77.61352
433	13.00506	77.61353
434	13.00512	77.61354
435	13.00520	77.61355
436	13.00527	77.61356
437	13.00534	77.61358
438	13.00541	77.61359
439	13.00547	77.61362
440	13.00553	77.61363
441	13.00559	77.61365
442	13.00565	77.61367
443	13.00570	77.61369
444	13.00576	77.61371
445	13.00583	77.61373
446	13.00592	77.61376
447	13.00598	77.61378
448	13.00605	77.61380
449	13.00611	77.61382
450	13.00617	77.61384
451	13.00624	77.61387
452	13.00631	77.61391
453	13.00637	77.61393
454	13.00644	77.61395
455	13.00649	77.61397
456	13.00654	77.61399
457	13.00661	77.61401
458	13.00667	77.61404
459	13.00673	77.61408
460	13.00681	77.61412
461	13.00687	77.61416
462	13.00692	77.61419
463	13.00698	77.61422
464	13.00703	77.61426
465	13.00708	77.61430
466	13.00713	77.61435
467	13.00720	77.61442
468	13.00718	77.61449
469	13.00713	77.61455
470	13.00709	77.61461
471	13.00704	77.61467
472	13.00700	77.61474
473	13.00696	77.61480
474	13.00692	77.61487
475	13.00689	77.61493
476	13.00685	77.61500
477	13.00690	77.61507
478	13.00696	77.61511
479	13.00701	77.61515
480	13.00708	77.61518
481	13.00713	77.61521
482	13.00719	77.61525
483	13.00724	77.61528
484	13.00732	77.61534
485	13.00738	77.61536
486	13.00745	77.61541
487	13.00751	77.61544
488	13.00760	77.61550
489	13.00766	77.61554
490	13.00771	77.61557
491	13.00777	77.61561
492	13.00783	77.61565
493	13.00789	77.61568
494	13.00794	77.61571
495	13.00800	77.61575
496	13.00807	77.61581
497	13.00814	77.61587
498	13.00812	77.61594
499	13.00809	77.61600
500	13.00805	77.61607
501	13.00802	77.61614
502	13.00798	77.61621
503	13.00794	77.61627
504	13.00790	77.61633
505	13.00785	77.61638
506	13.00782	77.61646
507	13.00780	77.61651
508	13.00779	77.61656
509	13.00777	77.61662
510	13.00775	77.61668
511	13.00774	77.61674
512	13.00773	77.61680
513	13.00772	77.61687
514	13.00771	77.61692
515	13.00778	77.61694
516	13.00784	77.61695
517	13.00790	77.61698
518	13.00796	77.61699
519	13.00802	77.61701
520	13.00808	77.61704
521	13.00814	77.61705
522	13.00820	77.61707
523	13.00825	77.61708
524	13.00831	77.61709
525	13.00838	77.61712
526	13.00844	77.61713
527	13.00849	77.61715
528	13.00855	77.61717
529	13.00861	77.61718
530	13.00867	77.61720
531	13.00873	77.61721
532	13.00879	77.61724
533	13.00885	77.61726
