Rank	Latitude	Longitude
1	13.00026	77.61315
2	13.00027	77.61321
3	13.00031	77.61328
4	13.00035	77.61336
5	13.00037	77.61343
6	13.00039	77.61349
7	13.00042	77.61356
8	13.00045	77.61363
9	13.00048	77.61371
10	13.00050	77.61378
11	13.00052	77.61386
12	13.00054	77.61393
13	13.00057	77.61401
14	13.00058	77.61407
15	13.00060	77.61413
16	13.00062	77.61419
17	13.00064	77.61424
18	13.00065	77.61431
19	13.00065	77.61439
20	13.00067	77.61446
21	13.00067	77.61451
22	13.00068	77.61457
23	13.00069	77.61462
24	13.00069	77.61469
25	13.00070	77.61475
26	13.00071	77.61481
27	13.00072	77.61487
28	13.00073	77.61494
29	13.00074	77.61501
30	13.00075	77.61507
31	13.00076	77.61513
32	13.00076	77.61520
33	13.00077	77.61527
34	13.00078	77.61535
35	13.00078	77.61541
36	13.00078	77.61548
37	13.00078	77.61555
38	13.00078	77.61563
39	13.00078	77.61570
40	13.00080	77.61579
41	13.00080	77.61586
42	13.00080	77.61593
43	13.00080	77.61601
44	13.00080	77.61607
45	13.00080	77.61615
46	13.00080	77.61621
47	13.00081	77.61629
48	13.00081	77.61635
49	13.00081	77.61642
50	13.00081	77.61649
51	13.00080	77.61654
52	13.00080	77.61660
53	13.00079	77.61666
54	13.00078	77.61671
55	13.00077	77.61676
56	13.00076	77.61683
57	13.00075	77.61688
58	13.00075	77.61694
59	13.00074	77.61701
60	13.00073	77.61707
61	13.00072	77.61713
62	13.00071	77.61720
63	13.00069	77.61726
64	13.00068	77.61732
65	13.00066	77.61740
66	13.00064	77.61747
67	13.00062	77.61752
68	13.00061	77.61758
69	13.00060	77.61764
70	13.00059	77.61769
71	13.00057	77.61776
72	13.00056	77.61783
73	13.00055	77.61789
74	13.00052	77.61794
75	13.00051	77.61800
76	13.00049	77.61806
77	13.00048	77.61812
78	13.00046	77.61820
79	13.00044	77.61825
80	13.00042	77.61831
81	13.00041	77.61836
82	13.00039	77.61842
83	13.00037	77.61849
84	13.00036	77.61854
85	13.00034	77.61860
86	13.00032	77.61865
87	13.00030	77.61872
88	13.00028	77.61879
89	13.00025	77.61887
90	13.00022	77.61892
91	13.00019	77.61898
92	13.00016	77.61903
93	13.00012	77.61909
94	13.00007	77.61916
95	13.00005	77.61922
96	13.00000	77.61929
97	12.99996	77.61938
98	12.99994	77.61943
99	12.99990	77.61950
100	12.99987	77.61955
101	12.99983	77.61961
102	12.99978	77.61967
103	12.99975	77.61974
104	12.99971	77.61979
105	12.99969	77.61984
106	12.99966	77.61992
107	12.99962	77.61998
108	12.99958	77.62004
109	12.99954	77.62009
110	12.99951	77.62014
111	12.99948	77.62020
112	12.99944	77.62025
113	12.99941	77.62032
114	12.99934	77.62039
115	12.99928	77.62047
116	12.99923	77.62054
117	12.99918	77.62060
118	12.99914	77.62065
119	12.99908	77.62070
120	12.99903	77.62075
121	12.99899	77.62080
122	12.99895	77.62086
123	12.99890	77.62091
124	12.99885	77.62097
125	12.99879	77.62104
126	12.99875	77.62109
127	12.99869	77.62118
128	12.99864	77.62123
129	12.99858	77.62128
130	12.99852	77.62122
131	12.99849	77.62117
132	12.99848	77.62112
133	12.99846	77.62107
134	12.99843	77.62101
135	12.99839	77.62095
136	12.99835	77.62090
137	12.99831	77.62084
138	12.99826	77.62079
139	12.99822	77.62074
140	12.99818	77.62069
141	12.99813	77.62063
142	12.99808	77.62057
143	12.99804	77.62052
144	12.99798	77.62047
145	12.99792	77.62043
146	12.99787	77.62039
147	12.99781	77.62035
148	12.99775	77.62031
149	12.99769	77.62027
150	12.99763	77.62024
151	12.99757	77.62021
152	12.99752	77.62017
153	12.99746	77.62013
154	12.99740	77.62009
155	12.99736	77.62004
156	12.99734	77.61999
157	12.99731	77.61993
158	12.99729	77.61987
159	12.99725	77.61981
160	12.99723	77.61975
161	12.99720	77.61969
162	12.99718	77.61964
163	12.99716	77.61958
164	12.99713	77.61953
165	12.99711	77.61948
166	12.99708	77.61941
167	12.99706	77.61936
168	12.99704	77.61931
169	12.99701	77.61925
170	12.99698	77.61919
171	12.99694	77.61914
172	12.99690	77.61908
173	12.99685	77.61903
174	12.99679	77.61899
175	12.99673	77.61894
176	12.99668	77.61890
177	12.99663	77.61887
178	12.99656	77.61884
179	12.99650	77.61880
180	12.99644	77.61877
181	12.99638	77.61874
182	12.99632	77.61871
183	12.99627	77.61868
184	12.99621	77.61866
185	12.99614	77.61862
186	12.99609	77.61860
187	12.99603	77.61856
188	12.99598	77.61853
189	12.99592	77.61851
190	12.99586	77.61847
191	12.99581	77.61843
192	12.99576	77.61840
193	12.99569	77.61837
194	12.99564	77.61834
195	12.99559	77.61831
196	12.99553	77.61828
197	12.99548	77.61826
198	12.99542	77.61825
199	12.99537	77.61823
200	12.99531	77.61821
201	12.99525	77.61819
202	12.99519	77.61818
203	12.99514	77.61816
204	12.99509	77.61815
205	12.99503	77.61813
206	12.99497	77.61811
207	12.99491	77.61810
208	12.99486	77.61809
209	12.99480	77.61808
210	12.99473	77.61808
211	12.99467	77.61807
212	12.99461	77.61806
213	12.99455	77.61806
214	12.99450	77.61807
215	12.99443	77.61807
216	12.99439	77.61801
217	12.99436	77.61796
218	12.99433	77.61789
219	12.99432	77.61784
220	12.99427	77.61789
221	12.99423	77.61794
222	12.99419	77.61799
223	12.99416	77.61805
224	12.99413	77.61811
225	12.99410	77.61817
226	12.99406	77.61823
227	12.99403	77.61829
228	12.99398	77.61835
229	12.99393	77.61840
230	12.99389	77.61845
231	12.99383	77.61851
232	12.99377	77.61856
233	12.99372	77.61860
234	12.99367	77.61864
235	12.99362	77.61868
236	12.99355	77.61873
237	12.99350	77.61877
238	12.99344	77.61881
239	12.99338	77.61884
240	12.99332	77.61887
241	12.99327	77.61890
242	12.99322	77.61893
243	12.99316	77.61896
244	12.99310	77.61899
245	12.99304	77.61904
246	12.99298	77.61907
247	12.99292	77.61909
248	12.99287	77.61912
249	12.99281	77.61915
250	12.99275	77.61918
251	12.99269	77.61920
252	12.99262	77.61922
253	12.99256	77.61925
254	12.99250	77.61927
255	12.99245	77.61930
256	12.99239	77.61933
257	12.99233	77.61938
258	12.99227	77.61941
259	12.99221	77.61945
260	12.99215	77.61948
261	12.99209	77.61951
262	12.99203	77.61955
263	12.99198	77.61958
264	12.99192	77.61961
265	12.99187	77.61965
266	12.99182	77.61967
267	12.99176	77.61970
268	12.99169	77.61973
269	12.99164	77.61977
270	12.99157	77.61980
271	12.99151	77.61983
272	12.99145	77.61987
273	12.99139	77.61990
274	12.99134	77.61992
275	12.99128	77.61994
276	12.99122	77.61996
277	12.99115	77.61999
278	12.99110	77.62002
279	12.99104	77.62006
280	12.99099	77.62008
281	12.99093	77.62011
282	12.99087	77.62013
283	12.99082	77.62015
284	12.99077	77.62017
285	12.99071	77.62019
286	12.99066	77.62021
287	12.99059	77.62024
288	12.99053	77.62026
289	12.99047	77.62030
290	12.99039	77.62033
291	12.99032	77.62036
292	12.99026	77.62038
293	12.99019	77.62040
294	12.99012	77.62043
295	12.99006	77.62044
296	12.99000	77.62046
297	12.98995	77.62047
298	12.98990	77.62049
299	12.98984	77.62050
300	12.98979	77.62051
301	12.98972	77.62052
302	12.98967	77.62053
303	12.98960	77.62054
304	12.98953	77.62054
305	12.98947	77.62054
306	12.98940	77.62054
307	12.98934	77.62054
308	12.98927	77.62054
309	12.98921	77.62055
310	12.98915	77.62055
311	12.98909	77.62057
312	12.98902	77.62057
313	12.98896	77.62057
314	12.98889	77.62057
315	12.98883	77.62057
316	12.98877	77.62057
317	12.98870	77.62057
318	12.98864	77.62057
319	12.98858	77.62058
320	12.98853	77.62058
321	12.98847	77.62059
322	12.98840	77.62059
323	12.98833	77.62060
324	12.98825	77.62061
325	12.98820	77.62062
326	12.98814	77.62062
327	12.98807	77.62063
328	12.98800	77.62065
329	12.98793	77.62065
330	12.98787	77.62065
331	12.98780	77.62065
332	12.98773	77.62065
333	12.98767	77.62065
334	12.98761	77.62064
335	12.98754	77.62064
336	12.98747	77.62064
337	12.98740	77.62064
338	12.98734	77.62064
339	12.98727	77.62064
340	12.98720	77.62064
341	12.98714	77.62063
342	12.98706	77.62062
343	12.98700	77.62061
344	12.98694	77.62060
345	12.98687	77.62058
346	12.98679	77.62055
347	12.98674	77.62054
348	12.98668	77.62053
349	12.98661	77.62053
350	12.98654	77.62052
351	12.98647	77.62051
352	12.98641	77.62050
353	12.98636	77.62048
354	12.98629	77.62048
355	12.98624	77.62047
356	12.98618	77.62046
357	12.98611	77.62046
358	12.98605	77.62046
359	12.98598	77.62046
360	12.98593	77.62047
361	12.98588	77.62047
362	12.98586	77.62041
363	12.98587	77.62034
364	12.98589	77.62027
365	12.98592	77.62021
366	12.98595	77.62014
367	12.98598	77.62008
368	12.98601	77.62001
369	12.98604	77.61995
370	12.98608	77.61988
371	12.98614	77.61980
372	12.98618	77.61975
373	12.98621	77.61969
374	12.98624	77.61963
375	12.98629	77.61956
376	12.98634	77.61948
377	12.98637	77.61943
378	12.98641	77.61937
379	12.98644	77.61931
380	12.98647	77.61925
381	12.98650	77.61919
382	12.98655	77.61912
383	12.98659	77.61907
384	12.98665	77.61899
385	12.98670	77.61891
386	12.98675	77.61886
387	12.98680	77.61880
388	12.98685	77.61874
389	12.98689	77.61868
390	12.98695	77.61860
391	12.98701	77.61853
392	12.98708	77.61846
393	12.98712	77.61841
394	12.98719	77.61835
395	12.98723	77.61830
396	12.98730	77.61824
397	12.98735	77.61817
398	12.98742	77.61809
399	12.98749	77.61802
400	12.98755	77.61795
401	12.98760	77.61789
402	12.98762	77.61784
403	12.98765	77.61778
404	12.98768	77.61771
405	12.98773	77.61763
406	12.98776	77.61755
407	12.98780	77.61749
408	12.98783	77.61743
409	12.98787	77.61735
410	12.98790	77.61729
411	12.98793	77.61722
412	12.98798	77.61714
413	12.98802	77.61708
414	12.98805	77.61701
415	12.98810	77.61696
416	12.98812	77.61690
417	12.98816	77.61683
418	12.98820	77.61677
419	12.98824	77.61671
420	12.98828	77.61666
421	12.98832	77.61661
422	12.98836	77.61655
423	12.98840	77.61648
424	12.98845	77.61640
425	12.98847	77.61635
426	12.98850	77.61629
427	12.98854	77.61623
428	12.98858	77.61614
429	12.98861	77.61608
430	12.98865	77.61601
431	12.98869	77.61595
432	12.98874	77.61588
433	12.98878	77.61581
434	12.98882	77.61576
435	12.98885	77.61569
436	12.98888	77.61562
437	12.98892	77.61556
438	12.98895	77.61548
439	12.98897	77.61543
440	12.98901	77.61537
441	12.98906	77.61530
442	12.98911	77.61522
443	12.98914	77.61515
444	12.98918	77.61509
445	12.98922	77.61503
446	12.98925	77.61498
447	12.98930	77.61491
448	12.98932	77.61484
449	12.98938	77.61477
450	12.98944	77.61469
451	12.98947	77.61464
452	12.98951	77.61458
453	12.98956	77.61450
454	12.98962	77.61443
455	12.98965	77.61437
456	12.98968	77.61430
457	12.98973	77.61423
458	12.98976	77.61417
459	12.98978	77.61411
460	12.98981	77.61406
461	12.98983	77.61400
462	12.98985	77.61393
463	12.98986	77.61386
464	12.98988	77.61381
465	12.98990	77.61375
466	12.98991	77.61369
467	12.98993	77.61362
468	12.98994	77.61356
469	12.98995	77.61351
470	12.98997	77.61344
471	12.98999	77.61338
472	12.99001	77.61331
473	12.99003	77.61323
474	12.99004	77.61318
475	12.99005	77.61311
476	12.99008	77.61304
477	12.99009	77.61297
478	12.99011	77.61291
479	12.99012	77.61285
480	12.99013	77.61280
481	12.99014	77.61273
482	12.99015	77.61266
483	12.99017	77.61259
484	12.99019	77.61251
485	12.99022	77.61244
486	12.99025	77.61238
487	12.99028	77.61231
488	12.99033	77.61224
489	12.99036	77.61219
490	12.99040	77.61212
491	12.99045	77.61205
492	12.99050	77.61198
493	12.99054	77.61192
494	12.99059	77.61184
495	12.99064	77.61178
496	12.99069	77.61171
497	12.99073	77.61165
498	12.99078	77.61159
499	12.99083	77.61153
500	12.99088	77.61146
501	12.99093	77.61140
502	12.99098	77.61133
503	12.99104	77.61127
504	12.99108	77.61121
505	12.99113	77.61116
506	12.99117	77.61110
507	12.99120	77.61104
508	12.99124	77.61098
509	12.99127	77.61092
510	12.99131	77.61086
511	12.99135	77.61079
512	12.99141	77.61073
513	12.99144	77.61068
514	12.99148	77.61062
515	12.99154	77.61055
516	12.99157	77.61050
517	12.99160	77.61044
518	12.99164	77.61038
519	12.99167	77.61032
520	12.99170	77.61026
521	12.99175	77.61018
522	12.99181	77.61011
523	12.99185	77.61006
524	12.99190	77.60998
525	12.99194	77.60993
526	12.99197	77.60987
527	12.99199	77.60981
528	12.99203	77.60974
529	12.99204	77.60968
530	12.99205	77.60962
531	12.99205	77.60955
532	12.99206	77.60948
533	12.99206	77.60942
534	12.99207	77.60935
535	12.99208	77.60928
536	12.99208	77.60921
537	12.99208	77.60913
538	12.99208	77.60904
539	12.99208	77.60897
540	12.99209	77.60890
541	12.99209	77.60884
542	12.99210	77.60877
543	12.99212	77.60869
544	12.99212	77.60864
545	12.99213	77.60856
546	12.99215	77.60849
547	12.99215	77.60842
548	12.99214	77.60836
549	12.99207	77.60835
550	12.99202	77.60834
551	12.99195	77.60834
552	12.99189	77.60833
553	12.99184	77.60833
554	12.99176	77.60833
555	12.99169	77.60832
556	12.99163	77.60832
557	12.99157	77.60831
558	12.99150	77.60831
559	12.99145	77.60830
560	12.99138	77.60829
561	12.99132	77.60828
562	12.99125	77.60828
563	12.99119	77.60828
564	12.99110	77.60828
565	12.99103	77.60828
566	12.99095	77.60828
567	12.99089	77.60828
568	12.99083	77.60828
569	12.99078	77.60828
570	12.99072	77.60827
571	12.99066	77.60827
572	12.99059	77.60827
573	12.99052	77.60826
574	12.99045	77.60826
575	12.99039	77.60826
576	12.99033	77.60826
577	12.99026	77.60826
578	12.99021	77.60825
579	12.99013	77.60824
580	12.99008	77.60824
581	12.99002	77.60824
582	12.98995	77.60824
583	12.98989	77.60824
584	12.98983	77.60824
585	12.98976	77.60824
586	12.98970	77.60824
587	12.98964	77.60824
588	12.98957	77.60824
589	12.98951	77.60824
590	12.98945	77.60824
591	12.98940	77.60823
592	12.98934	77.60822
593	12.98928	77.60822
594	12.98923	77.60820
595	12.98917	77.60820
596	12.98911	77.60820
597	12.98905	77.60820
598	12.98898	77.60820
599	12.98897	77.60813
600	12.98895	77.60808
601	12.98894	77.60801
602	12.98893	77.60795
603	12.98890	77.60788
604	12.98887	77.60782
605	12.98885	77.60775
606	12.98884	77.60769
607	12.98883	77.60763
608	12.98881	77.60756
609	12.98880	77.60751
610	12.98878	77.60744
611	12.98878	77.60737
612	12.98879	77.60729
613	12.98879	77.60721
614	12.98878	77.60714
615	12.98878	77.60708
616	12.98877	77.60702
617	12.98876	77.60696
618	12.98876	77.60690
619	12.98877	77.60683
620	12.98877	77.60676
621	12.98878	77.60670
622	12.98878	77.60664
623	12.98878	77.60658
624	12.98880	77.60651
625	12.98881	77.60644
626	12.98882	77.60639
627	12.98890	77.60639
628	12.98897	77.60640
629	12.98906	77.60639
630	12.98912	77.60638
631	12.98918	77.60637
632	12.98926	77.60635
633	12.98934	77.60632
634	12.98940	77.60629
635	12.98945	77.60626
636	12.98951	77.60623
637	12.98958	77.60620
638	12.98964	77.60617
639	12.98971	77.60613
640	12.98977	77.60610
641	12.98983	77.60606
642	12.98989	77.60603
643	12.98994	77.60600
644	12.99001	77.60597
645	12.99006	77.60593
646	12.99012	77.60590
647	12.99019	77.60584
648	12.99026	77.60579
649	12.99031	77.60575
650	12.99037	77.60571
651	12.99044	77.60565
652	12.99051	77.60560
653	12.99056	77.60556
654	12.99062	77.60552
655	12.99067	77.60547
656	12.99074	77.60544
657	12.99080	77.60540
658	12.99087	77.60535
659	12.99093	77.60530
660	12.99099	77.60526
661	12.99104	77.60522
662	12.99110	77.60519
663	12.99115	77.60515
664	12.99122	77.60510
665	12.99127	77.60506
666	12.99133	77.60502
667	12.99139	77.60498
668	12.99144	77.60494
669	12.99139	77.60487
670	12.99135	77.60480
671	12.99131	77.60472
672	12.99128	77.60465
673	12.99127	77.60459
674	12.99125	77.60453
675	12.99123	77.60446
676	12.99122	77.60437
677	12.99121	77.60429
678	12.99120	77.60422
679	12.99117	77.60414
680	12.99116	77.60406
681	12.99115	77.60400
682	12.99114	77.60394
683	12.99114	77.60388
684	12.99113	77.60382
685	12.99113	77.60377
686	12.99113	77.60371
687	12.99113	77.60365
688	12.99112	77.60359
689	12.99111	77.60353
690	12.99109	77.60345
691	12.99107	77.60338
692	12.99107	77.60332
693	12.99107	77.60325
694	12.99108	77.60318
695	12.99108	77.60311
696	12.99108	77.60304
697	12.99109	77.60298
698	12.99110	77.60291
699	12.99114	77.60283
700	12.99115	77.60277
701	12.99117	77.60271
702	12.99120	77.60265
703	12.99122	77.60257
704	12.99124	77.60250
705	12.99126	77.60242
706	12.99127	77.60234
707	12.99130	77.60227
708	12.99131	77.60220
709	12.99134	77.60212
710	12.99136	77.60206
711	12.99137	77.60199
712	12.99140	77.60193
713	12.99142	77.60186
714	12.99145	77.60179
715	12.99149	77.60174
716	12.99151	77.60168
717	12.99154	77.60161
718	12.99157	77.60156
719	12.99159	77.60150
720	12.99162	77.60145
721	12.99165	77.60139
722	12.99168	77.60132
723	12.99171	77.60125
724	12.99174	77.60119
725	12.99176	77.60113
726	12.99178	77.60108
727	12.99182	77.60102
728	12.99185	77.60096
729	12.99187	77.60090
730	12.99190	77.60084
731	12.99193	77.60078
732	12.99196	77.60073
733	12.99198	77.60066
734	12.99202	77.60058
735	12.99204	77.60053
736	12.99206	77.60047
737	12.99210	77.60040
738	12.99211	77.60034
739	12.99213	77.60029
740	12.99216	77.60021
741	12.99219	77.60012
742	12.99222	77.60005
743	12.99224	77.60000
744	12.99226	77.59994
745	12.99228	77.59988
746	12.99231	77.59980
747	12.99232	77.59974
748	12.99234	77.59968
749	12.99235	77.59963
750	12.99237	77.59956
751	12.99240	77.59949
752	12.99242	77.59942
753	12.99244	77.59935
754	12.99246	77.59928
755	12.99248	77.59922
756	12.99250	77.59915
757	12.99252	77.59908
758	12.99254	77.59901
759	12.99256	77.59896
760	12.99259	77.59890
761	12.99261	77.59883
762	12.99263	77.59878
763	12.99265	77.59871
764	12.99267	77.59866
765	12.99270	77.59860
766	12.99273	77.59853
767	12.99274	77.59846
768	12.99277	77.59839
769	12.99278	77.59833
770	12.99280	77.59826
771	12.99282	77.59820
772	12.99284	77.59813
773	12.99286	77.59806
774	12.99289	77.59799
775	12.99291	77.59792
776	12.99295	77.59786
777	12.99296	77.59780
778	12.99299	77.59773
779	12.99302	77.59767
780	12.99305	77.59759
781	12.99308	77.59753
782	12.99311	77.59747
783	12.99314	77.59741
784	12.99317	77.59735
785	12.99319	77.59730
786	12.99323	77.59724
787	12.99326	77.59717
788	12.99331	77.59723
789	12.99331	77.59729
790	12.99332	77.59734
791	12.99332	77.59740
792	12.99332	77.59748
793	12.99332	77.59755
794	12.99332	77.59761
795	12.99332	77.59768
796	12.99333	77.59776
797	12.99332	77.59783
798	12.99332	77.59790
799	12.99332	77.59797
800	12.99331	77.59804
801	12.99331	77.59812
802	12.99331	77.59819
803	12.99331	77.59827
804	12.99332	77.59833
805	12.99333	77.59839
806	12.99335	77.59845
807	12.99337	77.59850
808	12.99339	77.59859
809	12.99341	77.59864
810	12.99343	77.59872
811	12.99345	77.59879
812	12.99347	77.59886
813	12.99349	77.59892
814	12.99351	77.59899
815	12.99352	77.59904
816	12.99354	77.59911
817	12.99357	77.59917
818	12.99359	77.59923
819	12.99362	77.59929
820	12.99364	77.59935
821	12.99365	77.59942
822	12.99367	77.59948
823	12.99369	77.59954
824	12.99372	77.59961
825	12.99374	77.59967
826	12.99375	77.59973
827	12.99377	77.59979
828	12.99378	77.59984
829	12.99380	77.59989
830	12.99382	77.59995
831	12.99383	77.60001
832	12.99384	77.60007
833	12.99385	77.60012
834	12.99387	77.60018
835	12.99388	77.60024
836	12.99390	77.60030
837	12.99393	77.60037
838	12.99395	77.60043
839	12.99397	77.60049
840	12.99399	77.60056
841	12.99401	77.60062
842	12.99403	77.60069
843	12.99404	77.60076
844	12.99407	77.60083
845	12.99408	77.60089
846	12.99411	77.60096
847	12.99413	77.60104
848	12.99415	77.60111
849	12.99417	77.60116
850	12.99419	77.60123
851	12.99421	77.60129
852	12.99423	77.60135
853	12.99425	77.60141
854	12.99427	77.60149
855	12.99427	77.60157
856	12.99428	77.60162
857	12.99428	77.60170
858	12.99428	77.60177
859	12.99428	77.60183
860	12.99427	77.60190
861	12.99426	77.60196
862	12.99425	77.60202
863	12.99425	77.60208
864	12.99424	77.60215
865	12.99422	77.60222
866	12.99420	77.60228
867	12.99419	77.60234
868	12.99417	77.60242
869	12.99416	77.60247
870	12.99414	77.60253
871	12.99412	77.60259
872	12.99410	77.60265
873	12.99409	77.60272
874	12.99407	77.60278
875	12.99406	77.60283
876	12.99404	77.60290
877	12.99402	77.60298
878	12.99400	77.60304
879	12.99399	77.60310
880	12.99397	77.60318
881	12.99395	77.60324
882	12.99393	77.60333
883	12.99392	77.60340
884	12.99391	77.60347
885	12.99390	77.60354
886	12.99388	77.60359
887	12.99387	77.60367
888	12.99385	77.60373
889	12.99383	77.60381
890	12.99381	77.60387
891	12.99379	77.60395
892	12.99377	77.60400
893	12.99375	77.60408
894	12.99373	77.60416
895	12.99371	77.60421
896	12.99369	77.60427
897	12.99368	77.60433
898	12.99366	77.60438
899	12.99365	77.60444
900	12.99364	77.60450
901	12.99362	77.60456
902	12.99359	77.60463
903	12.99357	77.60472
904	12.99355	77.60478
905	12.99353	77.60486
906	12.99352	77.60491
907	12.99349	77.60499
908	12.99347	77.60504
909	12.99345	77.60511
910	12.99344	77.60518
911	12.99342	77.60525
912	12.99338	77.60532
913	12.99336	77.60537
914	12.99334	77.60543
915	12.99331	77.60550
916	12.99326	77.60557
917	12.99323	77.60565
918	12.99319	77.60570
919	12.99317	77.60576
920	12.99314	77.60582
921	12.99312	77.60588
922	12.99308	77.60596
923	12.99305	77.60604
924	12.99303	77.60609
925	12.99301	77.60614
926	12.99299	77.60620
927	12.99296	77.60627
928	12.99294	77.60632
929	12.99292	77.60639
930	12.99290	77.60645
931	12.99287	77.60651
932	12.99283	77.60658
933	12.99287	77.60665
934	12.99293	77.60669
935	12.99299	77.60672
936	12.99305	77.60675
937	12.99313	77.60679
938	12.99319	77.60683
939	12.99325	77.60686
940	12.99331	77.60690
941	12.99339	77.60694
942	12.99344	77.60698
943	12.99349	77.60702
944	12.99356	77.60705
945	12.99361	77.60708
946	12.99369	77.60715
947	12.99376	77.60720
948	12.99384	77.60725
949	12.99390	77.60730
950	12.99395	77.60735
951	12.99401	77.60738
952	12.99406	77.60742
953	12.99412	77.60746
954	12.99419	77.60752
955	12.99426	77.60757
956	12.99432	77.60762
957	12.99439	77.60767
958	12.99445	77.60772
959	12.99450	77.60775
960	12.99456	77.60779
961	12.99462	77.60783
962	12.99469	77.60789
963	12.99475	77.60793
964	12.99480	77.60797
965	12.99486	77.60801
966	12.99493	77.60807
967	12.99499	77.60810
968	12.99505	77.60813
969	12.99510	77.60817
970	12.99517	77.60820
971	12.99522	77.60824
972	12.99528	77.60827
973	12.99533	77.60832
974	12.99538	77.60836
975	12.99544	77.60839
976	12.99549	77.60841
977	12.99556	77.60845
978	12.99562	77.60848
979	12.99568	77.60852
980	12.99575	77.60855
981	12.99581	77.60858
982	12.99587	77.60862
983	12.99593	77.60866
984	12.99599	77.60869
985	12.99606	77.60873
986	12.99611	77.60877
987	12.99618	77.60882
988	12.99624	77.60886
989	12.99633	77.60892
990	12.99638	77.60895
991	12.99644	77.60899
992	12.99649	77.60903
993	12.99655	77.60906
994	12.99662	77.60909
995	12.99669	77.60914
996	12.99675	77.60918
997	12.99681	77.60922
998	12.99688	77.60926
999	12.99693	77.60929
1000	12.99699	77.60934
1001	12.99705	77.60936
1002	12.99711	77.60940
1003	12.99717	77.60943
1004	12.99722	77.60948
1005	12.99730	77.60952
1006	12.99736	77.60956
1007	12.99741	77.60959
1008	12.99747	77.60963
1009	12.99754	77.60967
1010	12.99759	77.60971
1011	12.99767	77.60977
1012	12.99773	77.60982
1013	12.99780	77.60986
1014	12.99786	77.60991
1015	12.99791	77.60995
1016	12.99796	77.61000
1017	12.99801	77.61006
1018	12.99808	77.61012
1019	12.99815	77.61018
1020	12.99819	77.61024
1021	12.99826	77.61031
1022	12.99831	77.61038
1023	12.99836	77.61044
1024	12.99843	77.61052
1025	12.99850	77.61058
1026	12.99856	77.61063
1027	12.99862	77.61069
1028	12.99869	77.61076
1029	12.99875	77.61080
1030	12.99880	77.61085
1031	12.99887	77.61091
1032	12.99893	77.61097
1033	12.99900	77.61104
1034	12.99907	77.61111
1035	12.99912	77.61118
1036	12.99917	77.61124
1037	12.99923	77.61132
1038	12.99928	77.61138
1039	12.99932	77.61143
1040	12.99936	77.61149
1041	12.99940	77.61156
1042	12.99943	77.61162
1043	12.99946	77.61168
1044	12.99948	77.61173
1045	12.99952	77.61180
1046	12.99954	77.61185
1047	12.99959	77.61193
1048	12.99964	77.61199
1049	12.99968	77.61205
1050	12.99973	77.61212
1051	12.99978	77.61219
1052	12.99983	77.61226
1053	12.99987	77.61231
1054	12.99991	77.61237
1055	12.99995	77.61243
1056	12.99999	77.61250
1057	13.00001	77.61255
1058	13.00003	77.61260
1059	13.00006	77.61266
1060	13.00008	77.61272
1061	13.00009	77.61279
1062	13.00011	77.61285
1063	13.00013	77.61291
1064	13.00015	77.61297
1065	13.00018	77.61302
1066	13.00021	77.61308
