Rank	Latitude	Longitude
1	12.98033	77.62411
2	12.98038	77.62404
3	12.98044	77.62399
4	12.98049	77.62397
5	12.98055	77.62394
6	12.98061	77.62392
7	12.98066	77.62391
8	12.98072	77.62390
9	12.98079	77.62389
10	12.98084	77.62388
11	12.98090	77.62387
12	12.98095	77.62385
13	12.98101	77.62383
14	12.98107	77.62381
15	12.98112	77.62381
16	12.98119	77.62380
17	12.98125	77.62379
18	12.98131	77.62378
19	12.98138	77.62377
20	12.98144	77.62376
21	12.98150	77.62374
22	12.98155	77.62373
23	12.98163	77.62370
24	12.98169	77.62369
25	12.98174	77.62367
26	12.98181	77.62366
27	12.98188	77.62366
28	12.98196	77.62366
29	12.98205	77.62365
30	12.98210	77.62365
31	12.98216	77.62364
32	12.98222	77.62362
33	12.98227	77.62361
34	12.98235	77.62361
35	12.98242	77.62359
36	12.98248	77.62359
37	12.98253	77.62358
38	12.98261	77.62357
39	12.98268	77.62356
40	12.98274	77.62355
41	12.98280	77.62354
42	12.98286	77.62354
43	12.98293	77.62352
44	12.98298	77.62353
45	12.98305	77.62353
46	12.98311	77.62353
47	12.98317	77.62353
48	12.98322	77.62351
49	12.98327	77.62351
50	12.98335	77.62350
51	12.98343	77.62350
52	12.98351	77.62350
53	12.98357	77.62350
54	12.98364	77.62350
55	12.98371	77.62350
56	12.98376	77.62351
57	12.98382	77.62351
58	12.98389	77.62352
59	12.98395	77.62353
60	12.98402	77.62355
61	12.98407	77.62356
62	12.98413	77.62357
63	12.98418	77.62358
64	12.98427	77.62359
65	12.98434	77.62359
66	12.98439	77.62360
67	12.98447	77.62360
68	12.98454	77.62360
69	12.98461	77.62360
70	12.98468	77.62360
71	12.98474	77.62360
72	12.98482	77.62360
73	12.98489	77.62360
74	12.98495	77.62360
75	12.98503	77.62360
76	12.98510	77.62360
77	12.98516	77.62360
78	12.98522	77.62361
79	12.98528	77.62361
80	12.98536	77.62361
81	12.98544	77.62362
82	12.98553	77.62363
83	12.98558	77.62365
84	12.98565	77.62365
85	12.98572	77.62365
86	12.98579	77.62365
87	12.98585	77.62364
88	12.98591	77.62363
89	12.98598	77.62360
90	12.98605	77.62356
91	12.98611	77.62352
92	12.98617	77.62347
93	12.98622	77.62340
94	12.98624	77.62335
95	12.98625	77.62329
96	12.98626	77.62323
97	12.98626	77.62317
98	12.98625	77.62311
99	12.98623	77.62305
100	12.98621	77.62299
101	12.98620	77.62293
102	12.98619	77.62286
103	12.98618	77.62279
104	12.98617	77.62273
105	12.98617	77.62266
106	12.98617	77.62258
107	12.98617	77.62251
108	12.98617	77.62245
109	12.98616	77.62239
110	12.98616	77.62232
111	12.98615	77.62226
112	12.98614	77.62220
113	12.98612	77.62215
114	12.98609	77.62208
115	12.98608	77.62201
116	12.98608	77.62195
117	12.98607	77.62188
118	12.98606	77.62181
119	12.98605	77.62176
120	12.98603	77.62169
121	12.98602	77.62164
122	12.98601	77.62157
123	12.98600	77.62151
124	12.98600	77.62144
125	12.98599	77.62137
126	12.98598	77.62131
127	12.98597	77.62124
128	12.98596	77.62118
129	12.98595	77.62111
130	12.98594	77.62104
131	12.98594	77.62098
132	12.98593	77.62091
133	12.98592	77.62085
134	12.98590	77.62079
135	12.98588	77.62073
136	12.98587	77.62066
137	12.98586	77.62060
138	12.98586	77.62053
139	12.98587	77.62047
140	12.98593	77.62047
141	12.98598	77.62046
142	12.98605	77.62046
143	12.98611	77.62046
144	12.98618	77.62046
145	12.98624	77.62047
146	12.98629	77.62048
147	12.98636	77.62048
148	12.98641	77.62050
149	12.98647	77.62051
150	12.98654	77.62052
151	12.98659	77.62052
152	12.98665	77.62053
153	12.98671	77.62054
154	12.98677	77.62054
155	12.98682	77.62056
156	12.98690	77.62058
157	12.98698	77.62060
158	12.98703	77.62062
159	12.98710	77.62063
160	12.98716	77.62064
161	12.98723	77.62064
162	12.98730	77.62064
163	12.98736	77.62064
164	12.98743	77.62064
165	12.98751	77.62064
166	12.98758	77.62064
167	12.98765	77.62064
168	12.98770	77.62065
169	12.98777	77.62065
170	12.98783	77.62065
171	12.98790	77.62065
172	12.98797	77.62065
173	12.98803	77.62064
174	12.98809	77.62063
175	12.98817	77.62062
176	12.98823	77.62062
177	12.98828	77.62061
178	12.98835	77.62060
179	12.98843	77.62059
180	12.98850	77.62058
181	12.98856	77.62058
182	12.98864	77.62057
183	12.98870	77.62057
184	12.98877	77.62057
185	12.98883	77.62057
186	12.98889	77.62057
187	12.98896	77.62057
188	12.98902	77.62057
189	12.98909	77.62057
190	12.98915	77.62055
191	12.98921	77.62055
192	12.98927	77.62054
193	12.98934	77.62054
194	12.98940	77.62054
195	12.98947	77.62054
196	12.98953	77.62054
197	12.98960	77.62054
198	12.98967	77.62053
199	12.98972	77.62052
200	12.98979	77.62051
201	12.98984	77.62050
202	12.98990	77.62049
203	12.98995	77.62047
204	12.99000	77.62046
205	12.99006	77.62044
206	12.99012	77.62043
207	12.99019	77.62040
208	12.99024	77.62039
209	12.99032	77.62036
210	12.99039	77.62033
211	12.99047	77.62030
212	12.99053	77.62026
213	12.99059	77.62024
214	12.99066	77.62021
215	12.99071	77.62019
216	12.99077	77.62017
217	12.99082	77.62015
218	12.99087	77.62013
219	12.99093	77.62011
220	12.99099	77.62008
221	12.99104	77.62006
222	12.99110	77.62002
223	12.99115	77.61999
224	12.99121	77.61997
225	12.99128	77.61994
226	12.99134	77.61992
227	12.99139	77.61990
228	12.99145	77.61987
229	12.99151	77.61983
230	12.99157	77.61980
231	12.99163	77.61977
232	12.99168	77.61974
233	12.99174	77.61971
234	12.99179	77.61969
235	12.99184	77.61966
236	12.99190	77.61963
237	12.99195	77.61959
238	12.99201	77.61956
239	12.99207	77.61953
240	12.99212	77.61950
241	12.99218	77.61947
242	12.99224	77.61943
243	12.99230	77.61940
244	12.99236	77.61935
245	12.99242	77.61932
246	12.99247	77.61929
247	12.99253	77.61926
248	12.99259	77.61923
249	12.99265	77.61921
250	12.99270	77.61920
251	12.99276	77.61917
252	12.99283	77.61914
253	12.99289	77.61911
254	12.99294	77.61908
255	12.99300	77.61905
256	12.99307	77.61902
257	12.99313	77.61897
258	12.99318	77.61894
259	12.99324	77.61892
260	12.99330	77.61888
261	12.99335	77.61885
262	12.99342	77.61882
263	12.99347	77.61879
264	12.99353	77.61874
265	12.99359	77.61870
266	12.99364	77.61866
267	12.99370	77.61862
268	12.99375	77.61857
269	12.99381	77.61853
270	12.99387	77.61848
271	12.99392	77.61842
272	12.99396	77.61837
273	12.99401	77.61831
274	12.99405	77.61825
275	12.99408	77.61819
276	12.99411	77.61814
277	12.99414	77.61809
278	12.99417	77.61803
279	12.99421	77.61797
280	12.99425	77.61792
281	12.99429	77.61787
282	12.99434	77.61792
283	12.99436	77.61797
284	12.99440	77.61802
285	12.99447	77.61807
286	12.99452	77.61806
287	12.99458	77.61806
288	12.99465	77.61806
289	12.99470	77.61807
290	12.99476	77.61808
291	12.99482	77.61808
292	12.99488	77.61809
293	12.99494	77.61811
294	12.99499	77.61812
295	12.99504	77.61813
296	12.99510	77.61815
297	12.99516	77.61816
298	12.99522	77.61819
299	12.99528	77.61820
300	12.99534	77.61822
301	12.99540	77.61824
302	12.99545	77.61826
303	12.99552	77.61827
304	12.99558	77.61830
305	12.99564	77.61834
306	12.99569	77.61837
307	12.99576	77.61840
308	12.99581	77.61843
309	12.99586	77.61847
310	12.99592	77.61851
311	12.99598	77.61853
312	12.99603	77.61856
313	12.99609	77.61860
314	12.99614	77.61862
315	12.99620	77.61865
316	12.99625	77.61867
317	12.99631	77.61870
318	12.99637	77.61873
319	12.99643	77.61876
320	12.99648	77.61879
321	12.99653	77.61882
322	12.99659	77.61885
323	12.99665	77.61889
324	12.99670	77.61892
325	12.99676	77.61896
326	12.99682	77.61901
327	12.99688	77.61905
328	12.99692	77.61911
329	12.99696	77.61917
330	12.99700	77.61923
331	12.99702	77.61929
332	12.99705	77.61934
333	12.99708	77.61940
334	12.99710	77.61945
335	12.99713	77.61951
336	12.99714	77.61956
337	12.99717	77.61962
338	12.99720	77.61968
339	12.99722	77.61974
340	12.99725	77.61980
341	12.99728	77.61986
342	12.99731	77.61992
343	12.99733	77.61998
344	12.99736	77.62004
345	12.99740	77.62009
346	12.99746	77.62013
347	12.99752	77.62017
348	12.99757	77.62021
349	12.99763	77.62024
350	12.99768	77.62027
351	12.99774	77.62030
352	12.99779	77.62033
353	12.99784	77.62037
354	12.99790	77.62041
355	12.99795	77.62045
356	12.99802	77.62050
357	12.99807	77.62055
358	12.99811	77.62061
359	12.99815	77.62066
360	12.99821	77.62072
361	12.99825	77.62077
362	12.99829	77.62082
363	12.99833	77.62088
364	12.99837	77.62093
365	12.99841	77.62099
366	12.99845	77.62104
367	12.99847	77.62110
368	12.99849	77.62116
369	12.99852	77.62121
370	12.99855	77.62127
371	12.99854	77.62133
372	12.99848	77.62141
373	12.99842	77.62148
374	12.99838	77.62153
375	12.99830	77.62160
376	12.99823	77.62166
377	12.99817	77.62173
378	12.99811	77.62181
379	12.99806	77.62187
380	12.99799	77.62195
381	12.99794	77.62202
382	12.99789	77.62208
383	12.99782	77.62216
384	12.99778	77.62221
385	12.99771	77.62229
386	12.99765	77.62236
387	12.99758	77.62243
388	12.99751	77.62251
389	12.99746	77.62257
390	12.99740	77.62262
391	12.99735	77.62267
392	12.99728	77.62275
393	12.99722	77.62280
394	12.99718	77.62285
395	12.99711	77.62293
396	12.99705	77.62298
397	12.99700	77.62305
398	12.99694	77.62312
399	12.99688	77.62320
400	12.99683	77.62327
401	12.99679	77.62332
402	12.99675	77.62337
403	12.99670	77.62343
404	12.99666	77.62349
405	12.99661	77.62354
406	12.99655	77.62362
407	12.99649	77.62369
408	12.99646	77.62374
409	12.99640	77.62380
410	12.99636	77.62386
411	12.99631	77.62393
412	12.99627	77.62399
413	12.99621	77.62403
414	12.99616	77.62408
415	12.99610	77.62413
416	12.99604	77.62418
417	12.99599	77.62423
418	12.99593	77.62428
419	12.99586	77.62435
420	12.99580	77.62440
421	12.99576	77.62446
422	12.99572	77.62451
423	12.99566	77.62458
424	12.99560	77.62466
425	12.99555	77.62472
426	12.99549	77.62477
427	12.99543	77.62484
428	12.99538	77.62490
429	12.99532	77.62497
430	12.99525	77.62504
431	12.99520	77.62510
432	12.99515	77.62515
433	12.99509	77.62520
434	12.99502	77.62526
435	12.99496	77.62531
436	12.99490	77.62536
437	12.99483	77.62542
438	12.99475	77.62549
439	12.99471	77.62555
440	12.99465	77.62562
441	12.99460	77.62568
442	12.99455	77.62577
443	12.99452	77.62585
444	12.99448	77.62592
445	12.99445	77.62598
446	12.99441	77.62605
447	12.99439	77.62612
448	12.99437	77.62617
449	12.99435	77.62624
450	12.99433	77.62630
451	12.99429	77.62636
452	12.99426	77.62642
453	12.99423	77.62648
454	12.99419	77.62653
455	12.99417	77.62660
456	12.99414	77.62667
457	12.99411	77.62673
458	12.99409	77.62680
459	12.99407	77.62685
460	12.99405	77.62690
461	12.99402	77.62697
462	12.99398	77.62703
463	12.99395	77.62710
464	12.99391	77.62716
465	12.99388	77.62723
466	12.99386	77.62729
467	12.99383	77.62736
468	12.99382	77.62741
469	12.99378	77.62750
470	12.99377	77.62756
471	12.99375	77.62761
472	12.99373	77.62767
473	12.99371	77.62774
474	12.99369	77.62781
475	12.99367	77.62786
476	12.99365	77.62792
477	12.99362	77.62799
478	12.99360	77.62805
479	12.99358	77.62810
480	12.99355	77.62816
481	12.99354	77.62821
482	12.99352	77.62828
483	12.99351	77.62834
484	12.99348	77.62841
485	12.99347	77.62846
486	12.99345	77.62852
487	12.99344	77.62857
488	12.99342	77.62865
489	12.99340	77.62871
490	12.99339	77.62878
491	12.99337	77.62886
492	12.99336	77.62892
493	12.99335	77.62897
494	12.99334	77.62905
495	12.99334	77.62911
496	12.99334	77.62918
497	12.99333	77.62924
498	12.99331	77.62931
499	12.99330	77.62937
500	12.99327	77.62943
501	12.99326	77.62949
502	12.99325	77.62956
503	12.99324	77.62962
504	12.99322	77.62969
505	12.99321	77.62976
506	12.99320	77.62982
507	12.99319	77.62989
508	12.99318	77.62995
509	12.99317	77.63002
510	12.99316	77.63010
511	12.99314	77.63018
512	12.99312	77.63025
513	12.99310	77.63033
514	12.99308	77.63040
515	12.99307	77.63047
516	12.99306	77.63054
517	12.99304	77.63061
518	12.99303	77.63067
519	12.99301	77.63073
520	12.99300	77.63079
521	12.99298	77.63087
522	12.99297	77.63094
523	12.99297	77.63099
524	12.99296	77.63106
525	12.99295	77.63113
526	12.99295	77.63119
527	12.99293	77.63124
528	12.99292	77.63130
529	12.99292	77.63136
530	12.99290	77.63142
531	12.99289	77.63148
532	12.99287	77.63155
533	12.99285	77.63162
534	12.99284	77.63168
535	12.99283	77.63173
536	12.99281	77.63180
537	12.99280	77.63187
538	12.99277	77.63194
539	12.99276	77.63201
540	12.99274	77.63208
541	12.99272	77.63214
542	12.99272	77.63221
543	12.99271	77.63226
544	12.99270	77.63233
545	12.99269	77.63240
546	12.99268	77.63246
547	12.99268	77.63253
548	12.99266	77.63260
549	12.99266	77.63266
550	12.99265	77.63273
551	12.99264	77.63278
552	12.99263	77.63287
553	12.99262	77.63293
554	12.99261	77.63299
555	12.99259	77.63306
556	12.99257	77.63312
557	12.99256	77.63317
558	12.99255	77.63326
559	12.99253	77.63332
560	12.99252	77.63339
561	12.99250	77.63345
562	12.99249	77.63353
563	12.99247	77.63359
564	12.99245	77.63369
565	12.99243	77.63377
566	12.99242	77.63384
567	12.99241	77.63391
568	12.99240	77.63397
569	12.99238	77.63405
570	12.99238	77.63411
571	12.99236	77.63417
572	12.99236	77.63425
573	12.99235	77.63432
574	12.99234	77.63439
575	12.99233	77.63447
576	12.99231	77.63454
577	12.99230	77.63462
578	12.99228	77.63468
579	12.99227	77.63475
580	12.99226	77.63480
581	12.99225	77.63489
582	12.99223	77.63497
583	12.99222	77.63505
584	12.99221	77.63511
585	12.99220	77.63517
586	12.99220	77.63523
587	12.99218	77.63530
588	12.99217	77.63535
589	12.99216	77.63540
590	12.99215	77.63548
591	12.99214	77.63555
592	12.99213	77.63562
593	12.99212	77.63569
594	12.99210	77.63575
595	12.99209	77.63582
596	12.99207	77.63588
597	12.99205	77.63593
598	12.99203	77.63599
599	12.99201	77.63605
600	12.99200	77.63611
601	12.99197	77.63618
602	12.99196	77.63623
603	12.99194	77.63629
604	12.99192	77.63636
605	12.99190	77.63642
606	12.99189	77.63649
607	12.99189	77.63655
608	12.99188	77.63661
609	12.99187	77.63666
610	12.99185	77.63674
611	12.99183	77.63680
612	12.99183	77.63685
613	12.99182	77.63691
614	12.99180	77.63698
615	12.99179	77.63706
616	12.99179	77.63712
617	12.99177	77.63719
618	12.99176	77.63728
619	12.99175	77.63734
620	12.99173	77.63741
621	12.99171	77.63747
622	12.99170	77.63754
623	12.99169	77.63759
624	12.99169	77.63765
625	12.99167	77.63772
626	12.99167	77.63777
627	12.99165	77.63784
628	12.99164	77.63791
629	12.99163	77.63797
630	12.99161	77.63803
631	12.99159	77.63810
632	12.99157	77.63816
633	12.99156	77.63821
634	12.99156	77.63828
635	12.99155	77.63834
636	12.99154	77.63839
637	12.99152	77.63846
638	12.99150	77.63851
639	12.99149	77.63857
640	12.99148	77.63863
641	12.99147	77.63869
642	12.99146	77.63878
643	12.99145	77.63884
644	12.99144	77.63889
645	12.99143	77.63894
646	12.99142	77.63901
647	12.99140	77.63909
648	12.99140	77.63915
649	12.99138	77.63921
650	12.99138	77.63928
651	12.99136	77.63935
652	12.99136	77.63942
653	12.99135	77.63948
654	12.99134	77.63955
655	12.99132	77.63962
656	12.99131	77.63967
657	12.99130	77.63973
658	12.99129	77.63979
659	12.99128	77.63986
660	12.99127	77.63992
661	12.99127	77.63999
662	12.99127	77.64005
663	12.99126	77.64013
664	12.99125	77.64019
665	12.99125	77.64026
666	12.99124	77.64033
667	12.99123	77.64040
668	12.99122	77.64046
669	12.99121	77.64052
670	12.99120	77.64057
671	12.99120	77.64062
672	12.99119	77.64068
673	12.99118	77.64076
674	12.99117	77.64082
675	12.99117	77.64088
676	12.99116	77.64095
677	12.99115	77.64102
678	12.99112	77.64111
679	12.99112	77.64117
680	12.99111	77.64123
681	12.99110	77.64131
682	12.99109	77.64136
683	12.99108	77.64143
684	12.99108	77.64151
685	12.99107	77.64158
686	12.99106	77.64164
687	12.99105	77.64172
688	12.99104	77.64177
689	12.99103	77.64183
690	12.99102	77.64190
691	12.99102	77.64195
692	12.99100	77.64202
693	12.99099	77.64209
694	12.99098	77.64215
695	12.99098	77.64222
696	12.99097	77.64229
697	12.99095	77.64236
698	12.99093	77.64241
699	12.99092	77.64249
700	12.99091	77.64254
701	12.99091	77.64260
702	12.99089	77.64266
703	12.99089	77.64272
704	12.99088	77.64278
705	12.99088	77.64283
706	12.99087	77.64291
707	12.99086	77.64297
708	12.99085	77.64304
709	12.99084	77.64310
710	12.99083	77.64318
711	12.99083	77.64323
712	12.99082	77.64329
713	12.99081	77.64334
714	12.99080	77.64340
715	12.99079	77.64346
716	12.99079	77.64352
717	12.99078	77.64359
718	12.99077	77.64364
719	12.99076	77.64371
720	12.99073	77.64379
721	12.99072	77.64386
722	12.99071	77.64394
723	12.99070	77.64399
724	12.99069	77.64406
725	12.99068	77.64413
726	12.99068	77.64421
727	12.99067	77.64426
728	12.99066	77.64432
729	12.99065	77.64439
730	12.99063	77.64447
731	12.99061	77.64452
732	12.99060	77.64459
733	12.99058	77.64465
734	12.99057	77.64472
735	12.99055	77.64479
736	12.99053	77.64485
737	12.99052	77.64490
738	12.99051	77.64495
739	12.99049	77.64501
740	12.99047	77.64508
741	12.99045	77.64516
742	12.99045	77.64521
743	12.99044	77.64529
744	12.99042	77.64536
745	12.99042	77.64541
746	12.99041	77.64547
747	12.99040	77.64555
748	12.99039	77.64561
749	12.99038	77.64569
750	12.99037	77.64575
751	12.99037	77.64581
752	12.99036	77.64587
753	12.99035	77.64592
754	12.99034	77.64600
755	12.99034	77.64607
756	12.99032	77.64613
757	12.99030	77.64621
758	12.99029	77.64626
759	12.99028	77.64633
760	12.99027	77.64639
761	12.99026	77.64645
762	12.99025	77.64652
763	12.99025	77.64658
764	12.99023	77.64665
765	12.99021	77.64672
766	12.99019	77.64678
767	12.99018	77.64684
768	12.99017	77.64690
769	12.99015	77.64696
770	12.99014	77.64702
771	12.99012	77.64709
772	12.99010	77.64715
773	12.99008	77.64722
774	12.99006	77.64728
775	12.99005	77.64734
776	12.99004	77.64739
777	12.99001	77.64746
778	12.98999	77.64753
779	12.98997	77.64760
780	12.98995	77.64766
781	12.98992	77.64774
782	12.98991	77.64779
783	12.98989	77.64786
784	12.98987	77.64792
785	12.98985	77.64798
786	12.98982	77.64804
787	12.98978	77.64812
788	12.98976	77.64818
789	12.98972	77.64823
790	12.98970	77.64829
791	12.98967	77.64834
792	12.98965	77.64840
793	12.98959	77.64848
794	12.98953	77.64855
795	12.98949	77.64860
796	12.98944	77.64866
797	12.98939	77.64872
798	12.98934	77.64878
799	12.98928	77.64883
800	12.98923	77.64887
801	12.98916	77.64892
802	12.98909	77.64896
803	12.98904	77.64899
804	12.98898	77.64901
805	12.98893	77.64904
806	12.98887	77.64907
807	12.98880	77.64911
808	12.98874	77.64914
809	12.98867	77.64918
810	12.98860	77.64922
811	12.98854	77.64926
812	12.98848	77.64929
813	12.98840	77.64934
814	12.98835	77.64937
815	12.98829	77.64940
816	12.98823	77.64944
817	12.98817	77.64947
818	12.98811	77.64950
819	12.98806	77.64953
820	12.98801	77.64955
821	12.98795	77.64957
822	12.98788	77.64959
823	12.98783	77.64961
824	12.98776	77.64963
825	12.98769	77.64965
826	12.98762	77.64966
827	12.98754	77.64968
828	12.98747	77.64969
829	12.98740	77.64970
830	12.98735	77.64971
831	12.98729	77.64972
832	12.98720	77.64972
833	12.98712	77.64972
834	12.98704	77.64972
835	12.98696	77.64972
836	12.98690	77.64971
837	12.98684	77.64970
838	12.98677	77.64969
839	12.98669	77.64967
840	12.98663	77.64967
841	12.98657	77.64966
842	12.98652	77.64965
843	12.98645	77.64964
844	12.98638	77.64963
845	12.98632	77.64963
846	12.98625	77.64962
847	12.98619	77.64960
848	12.98613	77.64960
849	12.98606	77.64958
850	12.98600	77.64957
851	12.98594	77.64956
852	12.98588	77.64955
853	12.98582	77.64954
854	12.98576	77.64953
855	12.98570	77.64951
856	12.98563	77.64950
857	12.98561	77.64944
858	12.98558	77.64936
859	12.98556	77.64931
860	12.98554	77.64925
861	12.98552	77.64917
862	12.98548	77.64910
863	12.98545	77.64905
864	12.98544	77.64900
865	12.98543	77.64895
866	12.98541	77.64890
867	12.98539	77.64882
868	12.98538	77.64877
869	12.98537	77.64871
870	12.98535	77.64865
871	12.98533	77.64860
872	12.98532	77.64854
873	12.98530	77.64849
874	12.98527	77.64843
875	12.98523	77.64836
876	12.98522	77.64830
877	12.98520	77.64824
878	12.98518	77.64819
879	12.98516	77.64812
880	12.98514	77.64805
881	12.98511	77.64798
882	12.98508	77.64791
883	12.98505	77.64784
884	12.98503	77.64778
885	12.98501	77.64772
886	12.98499	77.64766
887	12.98497	77.64759
888	12.98495	77.64752
889	12.98493	77.64746
890	12.98491	77.64741
891	12.98489	77.64736
892	12.98488	77.64730
893	12.98485	77.64725
894	12.98483	77.64717
895	12.98480	77.64710
896	12.98478	77.64704
897	12.98476	77.64699
898	12.98474	77.64692
899	12.98472	77.64685
900	12.98470	77.64678
901	12.98469	77.64671
902	12.98467	77.64666
903	12.98464	77.64659
904	12.98460	77.64651
905	12.98458	77.64646
906	12.98456	77.64640
907	12.98454	77.64635
908	12.98452	77.64629
909	12.98451	77.64623
910	12.98449	77.64617
911	12.98447	77.64609
912	12.98447	77.64604
913	12.98445	77.64597
914	12.98443	77.64592
915	12.98440	77.64586
916	12.98437	77.64578
917	12.98433	77.64571
918	12.98431	77.64565
919	12.98427	77.64558
920	12.98423	77.64551
921	12.98420	77.64544
922	12.98416	77.64538
923	12.98413	77.64531
924	12.98409	77.64524
925	12.98405	77.64519
926	12.98401	77.64511
927	12.98398	77.64505
928	12.98395	77.64500
929	12.98391	77.64492
930	12.98388	77.64484
931	12.98384	77.64478
932	12.98381	77.64470
933	12.98378	77.64462
934	12.98376	77.64455
935	12.98373	77.64448
936	12.98372	77.64442
937	12.98369	77.64436
938	12.98367	77.64430
939	12.98364	77.64425
940	12.98361	77.64417
941	12.98358	77.64412
942	12.98357	77.64406
943	12.98354	77.64400
944	12.98353	77.64394
945	12.98350	77.64386
946	12.98349	77.64380
947	12.98347	77.64373
948	12.98343	77.64368
949	12.98341	77.64362
950	12.98338	77.64356
951	12.98334	77.64350
952	12.98331	77.64342
953	12.98329	77.64335
954	12.98327	77.64329
955	12.98324	77.64323
956	12.98322	77.64317
957	12.98320	77.64310
958	12.98319	77.64304
959	12.98317	77.64297
960	12.98315	77.64292
961	12.98312	77.64284
962	12.98309	77.64275
963	12.98306	77.64269
964	12.98304	77.64263
965	12.98301	77.64256
966	12.98298	77.64248
967	12.98295	77.64242
968	12.98292	77.64237
969	12.98290	77.64231
970	12.98287	77.64225
971	12.98285	77.64219
972	12.98282	77.64212
973	12.98280	77.64207
974	12.98278	77.64202
975	12.98276	77.64195
976	12.98274	77.64189
977	12.98273	77.64183
978	12.98271	77.64175
979	12.98269	77.64170
980	12.98267	77.64163
981	12.98266	77.64157
982	12.98265	77.64151
983	12.98261	77.64143
984	12.98259	77.64134
985	12.98256	77.64127
986	12.98253	77.64122
987	12.98250	77.64115
988	12.98247	77.64109
989	12.98244	77.64104
990	12.98241	77.64094
991	12.98239	77.64085
992	12.98237	77.64078
993	12.98234	77.64073
994	12.98231	77.64068
995	12.98229	77.64062
996	12.98225	77.64054
997	12.98223	77.64048
998	12.98221	77.64042
999	12.98220	77.64037
1000	12.98217	77.64029
1001	12.98213	77.64022
1002	12.98212	77.64017
1003	12.98210	77.64010
1004	12.98209	77.64004
1005	12.98206	77.63997
1006	12.98204	77.63991
1007	12.98201	77.63986
1008	12.98199	77.63977
1009	12.98197	77.63970
1010	12.98195	77.63964
1011	12.98192	77.63956
1012	12.98189	77.63951
1013	12.98187	77.63945
1014	12.98182	77.63937
1015	12.98179	77.63929
1016	12.98177	77.63923
1017	12.98173	77.63916
1018	12.98171	77.63910
1019	12.98168	77.63905
1020	12.98165	77.63898
1021	12.98160	77.63892
1022	12.98155	77.63885
1023	12.98152	77.63877
1024	12.98151	77.63872
1025	12.98149	77.63867
1026	12.98148	77.63860
1027	12.98147	77.63854
1028	12.98146	77.63848
1029	12.98144	77.63840
1030	12.98141	77.63834
1031	12.98140	77.63827
1032	12.98138	77.63821
1033	12.98137	77.63815
1034	12.98136	77.63809
1035	12.98134	77.63803
1036	12.98131	77.63797
1037	12.98130	77.63791
1038	12.98128	77.63785
1039	12.98126	77.63780
1040	12.98125	77.63773
1041	12.98124	77.63766
1042	12.98122	77.63759
1043	12.98121	77.63753
1044	12.98120	77.63746
1045	12.98120	77.63739
1046	12.98121	77.63732
1047	12.98121	77.63725
1048	12.98120	77.63717
1049	12.98119	77.63709
1050	12.98119	77.63703
1051	12.98119	77.63697
1052	12.98119	77.63689
1053	12.98120	77.63680
1054	12.98121	77.63673
1055	12.98120	77.63666
1056	12.98119	77.63660
1057	12.98118	77.63653
1058	12.98118	77.63646
1059	12.98117	77.63641
1060	12.98117	77.63633
1061	12.98116	77.63627
1062	12.98115	77.63620
1063	12.98115	77.63613
1064	12.98114	77.63607
1065	12.98114	77.63600
1066	12.98113	77.63592
1067	12.98112	77.63586
1068	12.98111	77.63580
1069	12.98110	77.63573
1070	12.98109	77.63565
1071	12.98108	77.63559
1072	12.98108	77.63553
1073	12.98107	77.63546
1074	12.98106	77.63538
1075	12.98105	77.63531
1076	12.98104	77.63526
1077	12.98104	77.63520
1078	12.98102	77.63514
1079	12.98102	77.63507
1080	12.98101	77.63501
1081	12.98101	77.63494
1082	12.98101	77.63486
1083	12.98100	77.63479
1084	12.98100	77.63472
1085	12.98099	77.63464
1086	12.98098	77.63457
1087	12.98098	77.63451
1088	12.98097	77.63445
1089	12.98096	77.63438
1090	12.98095	77.63432
1091	12.98095	77.63426
1092	12.98094	77.63418
1093	12.98092	77.63413
1094	12.98091	77.63407
1095	12.98090	77.63400
1096	12.98089	77.63392
1097	12.98087	77.63385
1098	12.98086	77.63379
1099	12.98084	77.63373
1100	12.98081	77.63367
1101	12.98077	77.63360
1102	12.98075	77.63354
1103	12.98074	77.63348
1104	12.98070	77.63341
1105	12.98068	77.63333
1106	12.98064	77.63327
1107	12.98061	77.63321
1108	12.98058	77.63314
1109	12.98056	77.63307
1110	12.98052	77.63301
1111	12.98049	77.63295
1112	12.98045	77.63288
1113	12.98041	77.63282
1114	12.98037	77.63275
1115	12.98034	77.63270
1116	12.98031	77.63264
1117	12.98030	77.63259
1118	12.98028	77.63253
1119	12.98027	77.63247
1120	12.98026	77.63241
1121	12.98026	77.63234
1122	12.98026	77.63226
1123	12.98026	77.63219
1124	12.98025	77.63213
1125	12.98024	77.63207
1126	12.98023	77.63201
1127	12.98021	77.63194
1128	12.98020	77.63188
1129	12.98019	77.63181
1130	12.98018	77.63174
1131	12.98016	77.63168
1132	12.98016	77.63161
1133	12.98016	77.63154
1134	12.98016	77.63148
1135	12.98017	77.63140
1136	12.98017	77.63132
1137	12.98017	77.63126
1138	12.98017	77.63117
1139	12.98017	77.63110
1140	12.98017	77.63104
1141	12.98017	77.63096
1142	12.98017	77.63089
1143	12.98017	77.63083
1144	12.98017	77.63076
1145	12.98018	77.63069
1146	12.98018	77.63062
1147	12.98019	77.63056
1148	12.98020	77.63050
1149	12.98022	77.63043
1150	12.98023	77.63037
1151	12.98024	77.63031
1152	12.98024	77.63024
1153	12.98025	77.63017
1154	12.98026	77.63011
1155	12.98027	77.63004
1156	12.98028	77.62999
1157	12.98030	77.62994
1158	12.98031	77.62988
1159	12.98033	77.62982
1160	12.98035	77.62976
1161	12.98037	77.62969
1162	12.98039	77.62963
1163	12.98040	77.62958
1164	12.98042	77.62951
1165	12.98044	77.62945
1166	12.98046	77.62939
1167	12.98046	77.62932
1168	12.98048	77.62925
1169	12.98050	77.62919
1170	12.98051	77.62913
1171	12.98053	77.62906
1172	12.98054	77.62899
1173	12.98055	77.62893
1174	12.98056	77.62886
1175	12.98057	77.62880
1176	12.98058	77.62871
1177	12.98059	77.62864
1178	12.98059	77.62857
1179	12.98060	77.62851
1180	12.98061	77.62843
1181	12.98063	77.62836
1182	12.98064	77.62830
1183	12.98065	77.62824
1184	12.98065	77.62818
1185	12.98067	77.62811
1186	12.98068	77.62806
1187	12.98069	77.62800
1188	12.98069	77.62792
1189	12.98070	77.62784
1190	12.98071	77.62777
1191	12.98071	77.62770
1192	12.98071	77.62763
1193	12.98072	77.62755
1194	12.98073	77.62748
1195	12.98074	77.62741
1196	12.98074	77.62734
1197	12.98074	77.62727
1198	12.98074	77.62720
1199	12.98072	77.62713
1200	12.98071	77.62707
1201	12.98070	77.62700
1202	12.98070	77.62692
1203	12.98069	77.62684
1204	12.98068	77.62677
1205	12.98066	77.62671
1206	12.98065	77.62665
1207	12.98063	77.62659
1208	12.98062	77.62650
1209	12.98061	77.62644
1210	12.98060	77.62638
1211	12.98059	77.62631
1212	12.98058	77.62624
1213	12.98057	77.62619
1214	12.98056	77.62613
1215	12.98055	77.62607
1216	12.98055	77.62600
1217	12.98054	77.62594
1218	12.98054	77.62589
1219	12.98052	77.62582
1220	12.98050	77.62577
1221	12.98049	77.62571
1222	12.98048	77.62565
1223	12.98047	77.62559
1224	12.98047	77.62554
1225	12.98047	77.62548
1226	12.98047	77.62541
1227	12.98048	77.62536
1228	12.98048	77.62528
1229	12.98048	77.62521
1230	12.98048	77.62514
1231	12.98047	77.62509
1232	12.98047	77.62502
1233	12.98046	77.62496
1234	12.98045	77.62489
1235	12.98044	77.62483
1236	12.98043	77.62476
1237	12.98041	77.62468
1238	12.98039	77.62463
1239	12.98037	77.62455
1240	12.98036	77.62449
1241	12.98034	77.62441
1242	12.98034	77.62436
1243	12.98033	77.62430
1244	12.98032	77.62424
1245	12.98032	77.62418
