Rank	Latitude	Longitude
1	12.97126	77.64224
2	12.97132	77.64223
3	12.97140	77.64221
4	12.97148	77.64220
5	12.97156	77.64219
6	12.97162	77.64219
7	12.97168	77.64219
8	12.97174	77.64219
9	12.97180	77.64219
10	12.97185	77.64219
11	12.97192	77.64219
12	12.97199	77.64220
13	12.97204	77.64221
14	12.97210	77.64222
15	12.97216	77.64222
16	12.97222	77.64222
17	12.97229	77.64222
18	12.97235	77.64222
19	12.97241	77.64221
20	12.97247	77.64221
21	12.97253	77.64221
22	12.97258	77.64221
23	12.97264	77.64221
24	12.97271	77.64221
25	12.97277	77.64221
26	12.97284	77.64221
27	12.97289	77.64221
28	12.97297	77.64221
29	12.97304	77.64221
30	12.97309	77.64220
31	12.97315	77.64220
32	12.97320	77.64220
33	12.97327	77.64219
34	12.97333	77.64219
35	12.97341	77.64218
36	12.97347	77.64217
37	12.97353	77.64216
38	12.97360	77.64215
39	12.97368	77.64215
40	12.97374	77.64215
41	12.97379	77.64215
42	12.97387	77.64215
43	12.97393	77.64215
44	12.97400	77.64215
45	12.97406	77.64214
46	12.97411	77.64213
47	12.97416	77.64213
48	12.97422	77.64213
49	12.97429	77.64213
50	12.97435	77.64212
51	12.97441	77.64211
52	12.97446	77.64211
53	12.97456	77.64209
54	12.97465	77.64209
55	12.97468	77.64201
56	12.97468	77.64194
57	12.97468	77.64189
58	12.97469	77.64181
59	12.97469	77.64174
60	12.97469	77.64165
61	12.97469	77.64158
62	12.97469	77.64151
63	12.97468	77.64144
64	12.97468	77.64137
65	12.97468	77.64130
66	12.97468	77.64122
67	12.97468	77.64114
68	12.97468	77.64105
69	12.97468	77.64099
70	12.97467	77.64094
71	12.97467	77.64086
72	12.97466	77.64079
73	12.97464	77.64073
74	12.97463	77.64065
75	12.97462	77.64058
76	12.97462	77.64051
77	12.97462	77.64044
78	12.97462	77.64037
79	12.97462	77.64028
80	12.97462	77.64021
81	12.97462	77.64013
82	12.97463	77.64008
83	12.97463	77.64001
84	12.97463	77.63993
85	12.97463	77.63986
86	12.97463	77.63979
87	12.97463	77.63973
88	12.97463	77.63965
89	12.97463	77.63958
90	12.97462	77.63951
91	12.97462	77.63945
92	12.97462	77.63939
93	12.97461	77.63932
94	12.97460	77.63926
95	12.97460	77.63918
96	12.97460	77.63911
97	12.97460	77.63904
98	12.97460	77.63896
99	12.97460	77.63890
100	12.97460	77.63883
101	12.97460	77.63874
102	12.97460	77.63867
103	12.97460	77.63860
104	12.97460	77.63852
105	12.97460	77.63846
106	12.97459	77.63839
107	12.97459	77.63832
108	12.97459	77.63825
109	12.97459	77.63819
110	12.97459	77.63813
111	12.97459	77.63806
112	12.97459	77.63800
113	12.97458	77.63792
114	12.97457	77.63786
115	12.97457	77.63779
116	12.97457	77.63772
117	12.97458	77.63766
118	12.97458	77.63759
119	12.97458	77.63751
120	12.97458	77.63744
121	12.97458	77.63737
122	12.97458	77.63730
123	12.97458	77.63722
124	12.97458	77.63715
125	12.97459	77.63709
126	12.97459	77.63701
127	12.97459	77.63694
128	12.97459	77.63688
129	12.97460	77.63682
130	12.97454	77.63678
131	12.97448	77.63677
132	12.97442	77.63677
133	12.97434	77.63676
134	12.97428	77.63675
135	12.97420	77.63674
136	12.97415	77.63672
137	12.97409	77.63671
138	12.97403	77.63671
139	12.97402	77.63664
140	12.97404	77.63658
141	12.97406	77.63652
142	12.97408	77.63646
143	12.97408	77.63641
144	12.97408	77.63634
145	12.97408	77.63628
146	12.97409	77.63622
147	12.97410	77.63616
148	12.97412	77.63609
149	12.97413	77.63602
150	12.97414	77.63595
151	12.97416	77.63588
152	12.97417	77.63581
153	12.97418	77.63574
154	12.97420	77.63567
155	12.97421	77.63562
156	12.97423	77.63555
157	12.97423	77.63550
158	12.97424	77.63542
159	12.97425	77.63535
160	12.97426	77.63529
161	12.97428	77.63523
162	12.97429	77.63516
163	12.97431	77.63511
164	12.97433	77.63504
165	12.97435	77.63497
166	12.97437	77.63491
167	12.97439	77.63484
168	12.97440	77.63477
169	12.97443	77.63471
170	12.97445	77.63466
171	12.97447	77.63459
172	12.97448	77.63453
173	12.97443	77.63452
174	12.97437	77.63453
175	12.97431	77.63454
176	12.97425	77.63454
177	12.97417	77.63456
178	12.97411	77.63457
179	12.97405	77.63458
180	12.97399	77.63459
181	12.97393	77.63459
182	12.97388	77.63461
183	12.97382	77.63461
184	12.97376	77.63462
185	12.97370	77.63463
186	12.97363	77.63465
187	12.97356	77.63465
188	12.97349	77.63462
189	12.97342	77.63458
190	12.97337	77.63457
191	12.97331	77.63454
192	12.97325	77.63451
193	12.97319	77.63447
194	12.97313	77.63444
195	12.97307	77.63441
196	12.97302	77.63438
197	12.97295	77.63434
198	12.97290	77.63432
199	12.97285	77.63429
200	12.97278	77.63425
201	12.97272	77.63422
202	12.97264	77.63418
203	12.97259	77.63415
204	12.97253	77.63411
205	12.97247	77.63406
206	12.97252	77.63405
207	12.97258	77.63404
208	12.97264	77.63403
209	12.97271	77.63401
210	12.97277	77.63399
211	12.97282	77.63398
212	12.97288	77.63396
213	12.97295	77.63394
214	12.97302	77.63392
215	12.97310	77.63390
216	12.97317	77.63388
217	12.97322	77.63386
218	12.97328	77.63385
219	12.97334	77.63384
220	12.97339	77.63382
221	12.97346	77.63380
222	12.97351	77.63377
223	12.97357	77.63375
224	12.97363	77.63372
225	12.97369	77.63370
226	12.97375	77.63367
227	12.97381	77.63363
228	12.97387	77.63360
229	12.97392	77.63357
230	12.97398	77.63354
231	12.97406	77.63348
232	12.97412	77.63344
233	12.97418	77.63339
234	12.97426	77.63332
235	12.97432	77.63328
236	12.97440	77.63322
237	12.97447	77.63318
238	12.97453	77.63315
239	12.97458	77.63311
240	12.97466	77.63308
241	12.97472	77.63304
242	12.97477	77.63301
243	12.97483	77.63298
244	12.97488	77.63295
245	12.97493	77.63290
246	12.97499	77.63282
247	12.97503	77.63277
248	12.97507	77.63271
249	12.97510	77.63265
250	12.97513	77.63259
251	12.97515	77.63253
252	12.97516	77.63248
253	12.97518	77.63242
254	12.97519	77.63237
255	12.97522	77.63230
256	12.97525	77.63225
257	12.97528	77.63217
258	12.97531	77.63212
259	12.97534	77.63206
260	12.97536	77.63201
261	12.97538	77.63195
262	12.97542	77.63190
263	12.97545	77.63182
264	12.97548	77.63175
265	12.97552	77.63167
266	12.97555	77.63162
267	12.97558	77.63156
268	12.97560	77.63151
269	12.97563	77.63146
270	12.97566	77.63139
271	12.97569	77.63132
272	12.97571	77.63126
273	12.97575	77.63119
274	12.97579	77.63112
275	12.97583	77.63105
276	12.97586	77.63099
277	12.97591	77.63092
278	12.97595	77.63087
279	12.97599	77.63080
280	12.97603	77.63074
281	12.97606	77.63067
282	12.97610	77.63062
283	12.97614	77.63056
284	12.97618	77.63049
285	12.97621	77.63042
286	12.97626	77.63033
287	12.97628	77.63028
288	12.97631	77.63022
289	12.97635	77.63015
290	12.97638	77.63010
291	12.97641	77.63004
292	12.97646	77.62999
293	12.97649	77.62993
294	12.97654	77.62987
295	12.97657	77.62981
296	12.97661	77.62974
297	12.97665	77.62969
298	12.97668	77.62963
299	12.97671	77.62957
300	12.97675	77.62951
301	12.97671	77.62946
302	12.97667	77.62940
303	12.97662	77.62933
304	12.97657	77.62927
305	12.97653	77.62921
306	12.97649	77.62913
307	12.97645	77.62906
308	12.97642	77.62900
309	12.97638	77.62893
310	12.97636	77.62887
311	12.97632	77.62880
312	12.97628	77.62872
313	12.97625	77.62866
314	12.97620	77.62860
315	12.97615	77.62855
316	12.97609	77.62849
317	12.97602	77.62844
318	12.97596	77.62838
319	12.97589	77.62833
320	12.97582	77.62828
321	12.97576	77.62825
322	12.97569	77.62821
323	12.97563	77.62818
324	12.97557	77.62815
325	12.97551	77.62811
326	12.97544	77.62805
327	12.97537	77.62801
328	12.97532	77.62798
329	12.97525	77.62793
330	12.97518	77.62790
331	12.97513	77.62787
332	12.97507	77.62784
333	12.97501	77.62781
334	12.97495	77.62777
335	12.97490	77.62772
336	12.97485	77.62767
337	12.97478	77.62762
338	12.97472	77.62756
339	12.97466	77.62751
340	12.97460	77.62747
341	12.97453	77.62743
342	12.97446	77.62739
343	12.97439	77.62735
344	12.97434	77.62731
345	12.97428	77.62726
346	12.97421	77.62721
347	12.97414	77.62715
348	12.97408	77.62708
349	12.97405	77.62702
350	12.97402	77.62697
351	12.97398	77.62689
352	12.97391	77.62683
353	12.97386	77.62676
354	12.97381	77.62669
355	12.97376	77.62664
356	12.97371	77.62657
357	12.97367	77.62650
358	12.97364	77.62645
359	12.97357	77.62646
360	12.97351	77.62649
361	12.97344	77.62653
362	12.97339	77.62657
363	12.97332	77.62662
364	12.97326	77.62666
365	12.97321	77.62669
366	12.97315	77.62672
367	12.97309	77.62677
368	12.97303	77.62682
369	12.97298	77.62686
370	12.97292	77.62690
371	12.97285	77.62694
372	12.97280	77.62698
373	12.97272	77.62705
374	12.97267	77.62708
375	12.97261	77.62712
376	12.97255	77.62716
377	12.97250	77.62720
378	12.97243	77.62723
379	12.97237	77.62726
380	12.97229	77.62731
381	12.97222	77.62736
382	12.97217	77.62739
383	12.97211	77.62742
384	12.97205	77.62746
385	12.97198	77.62752
386	12.97192	77.62755
387	12.97186	77.62757
388	12.97180	77.62760
389	12.97174	77.62763
390	12.97166	77.62768
391	12.97160	77.62771
392	12.97153	77.62777
393	12.97145	77.62781
394	12.97140	77.62784
395	12.97134	77.62787
396	12.97129	77.62790
397	12.97122	77.62796
398	12.97114	77.62803
399	12.97107	77.62807
400	12.97102	77.62810
401	12.97096	77.62814
402	12.97091	77.62817
403	12.97086	77.62821
404	12.97080	77.62824
405	12.97074	77.62828
406	12.97068	77.62832
407	12.97061	77.62838
408	12.97055	77.62841
409	12.97049	77.62845
410	12.97043	77.62849
411	12.97038	77.62853
412	12.97033	77.62855
413	12.97028	77.62860
414	12.97022	77.62864
415	12.97016	77.62867
416	12.97009	77.62870
417	12.97003	77.62874
418	12.96996	77.62880
419	12.96991	77.62883
420	12.96985	77.62885
421	12.96979	77.62888
422	12.96970	77.62892
423	12.96964	77.62895
424	12.96958	77.62898
425	12.96952	77.62900
426	12.96947	77.62903
427	12.96941	77.62906
428	12.96934	77.62912
429	12.96928	77.62914
430	12.96921	77.62918
431	12.96915	77.62922
432	12.96910	77.62926
433	12.96903	77.62929
434	12.96898	77.62932
435	12.96892	77.62935
436	12.96887	77.62938
437	12.96882	77.62942
438	12.96876	77.62945
439	12.96870	77.62949
440	12.96862	77.62954
441	12.96857	77.62958
442	12.96851	77.62962
443	12.96846	77.62966
444	12.96841	77.62970
445	12.96834	77.62975
446	12.96829	77.62978
447	12.96821	77.62983
448	12.96813	77.62988
449	12.96807	77.62993
450	12.96799	77.62999
451	12.96793	77.63002
452	12.96787	77.63006
453	12.96782	77.63009
454	12.96779	77.63015
455	12.96781	77.63021
456	12.96784	77.63028
457	12.96786	77.63035
458	12.96788	77.63043
459	12.96790	77.63049
460	12.96792	77.63055
461	12.96793	77.63060
462	12.96795	77.63066
463	12.96797	77.63071
464	12.96799	77.63078
465	12.96801	77.63084
466	12.96803	77.63090
467	12.96806	77.63098
468	12.96809	77.63103
469	12.96811	77.63109
470	12.96814	77.63116
471	12.96816	77.63123
472	12.96818	77.63129
473	12.96819	77.63134
474	12.96821	77.63140
475	12.96823	77.63146
476	12.96826	77.63154
477	12.96829	77.63161
478	12.96832	77.63166
479	12.96835	77.63174
480	12.96837	77.63179
481	12.96840	77.63184
482	12.96842	77.63190
483	12.96845	77.63197
484	12.96848	77.63205
485	12.96849	77.63210
486	12.96851	77.63216
487	12.96853	77.63223
488	12.96855	77.63228
489	12.96856	77.63235
490	12.96858	77.63241
491	12.96860	77.63247
492	12.96862	77.63252
493	12.96863	77.63258
494	12.96865	77.63263
495	12.96869	77.63271
496	12.96872	77.63278
497	12.96873	77.63284
498	12.96875	77.63289
499	12.96876	77.63294
500	12.96878	77.63301
501	12.96880	77.63308
502	12.96882	77.63314
503	12.96884	77.63321
504	12.96886	77.63329
505	12.96888	77.63334
506	12.96890	77.63341
507	12.96892	77.63347
508	12.96894	77.63354
509	12.96895	77.63360
510	12.96897	77.63366
511	12.96900	77.63374
512	12.96902	77.63380
513	12.96903	77.63387
514	12.96906	77.63394
515	12.96907	77.63400
516	12.96910	77.63407
517	12.96913	77.63412
518	12.96916	77.63419
519	12.96918	77.63425
520	12.96919	77.63431
521	12.96921	77.63439
522	12.96922	77.63445
523	12.96923	77.63452
524	12.96924	77.63459
525	12.96926	77.63466
526	12.96927	77.63471
527	12.96930	77.63479
528	12.96932	77.63485
529	12.96933	77.63491
530	12.96936	77.63497
531	12.96938	77.63503
532	12.96939	77.63508
533	12.96943	77.63514
534	12.96945	77.63520
535	12.96948	77.63526
536	12.96951	77.63533
537	12.96955	77.63540
538	12.96957	77.63547
539	12.96960	77.63555
540	12.96963	77.63561
541	12.96965	77.63566
542	12.96968	77.63574
543	12.96971	77.63580
544	12.96975	77.63587
545	12.96977	77.63593
546	12.96980	77.63599
547	12.96981	77.63605
548	12.96984	77.63612
549	12.96988	77.63619
550	12.96991	77.63626
551	12.96994	77.63632
552	12.96996	77.63638
553	12.96999	77.63645
554	12.97002	77.63652
555	12.97005	77.63657
556	12.97008	77.63663
557	12.97011	77.63669
558	12.97015	77.63676
559	12.97018	77.63683
560	12.97020	77.63689
561	12.97022	77.63694
562	12.97024	77.63701
563	12.97026	77.63707
564	12.97028	77.63713
565	12.97029	77.63719
566	12.97032	77.63727
567	12.97035	77.63733
568	12.97038	77.63739
569	12.97041	77.63745
570	12.97044	77.63750
571	12.97047	77.63757
572	12.97051	77.63764
573	12.97054	77.63771
574	12.97058	77.63778
575	12.97060	77.63784
576	12.97064	77.63790
577	12.97065	77.63798
578	12.97067	77.63804
579	12.97070	77.63811
580	12.97074	77.63819
581	12.97077	77.63826
582	12.97080	77.63832
583	12.97084	77.63839
584	12.97087	77.63847
585	12.97090	77.63854
586	12.97094	77.63861
587	12.97095	77.63866
588	12.97098	77.63874
589	12.97100	77.63881
590	12.97103	77.63889
591	12.97105	77.63896
592	12.97108	77.63904
593	12.97109	77.63909
594	12.97110	77.63915
595	12.97110	77.63921
596	12.97112	77.63926
597	12.97113	77.63933
598	12.97113	77.63940
599	12.97114	77.63946
600	12.97115	77.63952
601	12.97116	77.63959
602	12.97116	77.63965
603	12.97116	77.63973
604	12.97117	77.63979
605	12.97117	77.63986
606	12.97117	77.63993
607	12.97117	77.64001
608	12.97117	77.64010
609	12.97117	77.64018
610	12.97117	77.64026
611	12.97117	77.64032
612	12.97118	77.64038
613	12.97118	77.64046
614	12.97119	77.64052
615	12.97120	77.64059
616	12.97120	77.64066
617	12.97120	77.64073
618	12.97120	77.64078
619	12.97120	77.64084
620	12.97120	77.64090
621	12.97121	77.64095
622	12.97121	77.64102
623	12.97121	77.64110
624	12.97122	77.64117
625	12.97122	77.64124
626	12.97122	77.64129
627	12.97122	77.64135
628	12.97122	77.64140
629	12.97122	77.64147
630	12.97122	77.64152
631	12.97122	77.64158
632	12.97122	77.64164
633	12.97122	77.64170
634	12.97122	77.64175
635	12.97122	77.64181
636	12.97122	77.64187
637	12.97123	77.64195
638	12.97124	77.64200
639	12.97124	77.64206
640	12.97125	77.64212
641	12.97125	77.64219
