Rank	Latitude	Longitude
1	12.94834	77.60699
2	12.94834	77.60705
3	12.94833	77.60712
4	12.94832	77.60719
5	12.94830	77.60728
6	12.94830	77.60733
7	12.94828	77.60740
8	12.94827	77.60748
9	12.94826	77.60756
10	12.94825	77.60762
11	12.94824	77.60768
12	12.94822	77.60775
13	12.94821	77.60781
14	12.94819	77.60788
15	12.94818	77.60795
16	12.94817	77.60802
17	12.94816	77.60810
18	12.94816	77.60818
19	12.94816	77.60823
20	12.94815	77.60830
21	12.94814	77.60836
22	12.94813	77.60843
23	12.94813	77.60849
24	12.94811	77.60857
25	12.94811	77.60863
26	12.94809	77.60871
27	12.94808	77.60878
28	12.94807	77.60883
29	12.94806	77.60892
30	12.94805	77.60899
31	12.94804	77.60905
32	12.94803	77.60910
33	12.94800	77.60917
34	12.94799	77.60923
35	12.94799	77.60930
36	12.94797	77.60935
37	12.94797	77.60942
38	12.94796	77.60951
39	12.94796	77.60957
40	12.94796	77.60963
41	12.94795	77.60971
42	12.94794	77.60977
43	12.94793	77.60984
44	12.94792	77.60990
45	12.94791	77.60996
46	12.94790	77.61004
47	12.94790	77.61010
48	12.94789	77.61016
49	12.94789	77.61021
50	12.94787	77.61028
51	12.94786	77.61034
52	12.94786	77.61041
53	12.94786	77.61048
54	12.94784	77.61053
55	12.94782	77.61059
56	12.94781	77.61065
57	12.94780	77.61071
58	12.94779	77.61077
59	12.94777	77.61082
60	12.94777	77.61089
61	12.94776	77.61095
62	12.94775	77.61102
63	12.94774	77.61109
64	12.94773	77.61117
65	12.94773	77.61122
66	12.94772	77.61130
67	12.94770	77.61137
68	12.94770	77.61143
69	12.94769	77.61149
70	12.94768	77.61156
71	12.94767	77.61163
72	12.94766	77.61169
73	12.94765	77.61177
74	12.94764	77.61185
75	12.94764	77.61190
76	12.94763	77.61196
77	12.94762	77.61202
78	12.94762	77.61210
79	12.94762	77.61216
80	12.94762	77.61223
81	12.94762	77.61229
82	12.94764	77.61236
83	12.94765	77.61241
84	12.94768	77.61248
85	12.94771	77.61255
86	12.94775	77.61262
87	12.94778	77.61268
88	12.94780	77.61274
89	12.94782	77.61280
90	12.94784	77.61287
91	12.94784	77.61294
92	12.94784	77.61302
93	12.94784	77.61307
94	12.94783	77.61314
95	12.94783	77.61320
96	12.94782	77.61328
97	12.94782	77.61334
98	12.94782	77.61341
99	12.94782	77.61346
100	12.94782	77.61354
101	12.94782	77.61362
102	12.94782	77.61369
103	12.94782	77.61376
104	12.94782	77.61383
105	12.94782	77.61391
106	12.94782	77.61399
107	12.94782	77.61407
108	12.94782	77.61413
109	12.94782	77.61421
110	12.94782	77.61428
111	12.94782	77.61434
112	12.94782	77.61440
113	12.94782	77.61446
114	12.94781	77.61454
115	12.94781	77.61461
116	12.94781	77.61467
117	12.94781	77.61473
118	12.94782	77.61479
119	12.94783	77.61485
120	12.94784	77.61493
121	12.94784	77.61499
122	12.94784	77.61508
123	12.94784	77.61515
124	12.94785	77.61521
125	12.94786	77.61528
126	12.94787	77.61533
127	12.94788	77.61539
128	12.94789	77.61547
129	12.94790	77.61553
130	12.94790	77.61560
131	12.94790	77.61568
132	12.94790	77.61575
133	12.94790	77.61583
134	12.94789	77.61589
135	12.94789	77.61596
136	12.94787	77.61603
137	12.94787	77.61609
138	12.94787	77.61615
139	12.94787	77.61622
140	12.94787	77.61629
141	12.94787	77.61636
142	12.94787	77.61642
143	12.94787	77.61649
144	12.94787	77.61656
145	12.94786	77.61662
146	12.94786	77.61668
147	12.94785	77.61674
148	12.94785	77.61682
149	12.94785	77.61688
150	12.94785	77.61697
151	12.94785	77.61704
152	12.94786	77.61710
153	12.94786	77.61716
154	12.94786	77.61723
155	12.94786	77.61731
156	12.94786	77.61738
157	12.94786	77.61745
158	12.94786	77.61752
159	12.94786	77.61759
160	12.94787	77.61765
161	12.94788	77.61772
162	12.94790	77.61777
163	12.94791	77.61783
164	12.94792	77.61789
165	12.94793	77.61795
166	12.94793	77.61802
167	12.94792	77.61807
168	12.94792	77.61814
169	12.94783	77.61820
170	12.94775	77.61820
171	12.94769	77.61822
172	12.94762	77.61828
173	12.94756	77.61835
174	12.94753	77.61841
175	12.94750	77.61847
176	12.94745	77.61854
177	12.94739	77.61861
178	12.94734	77.61866
179	12.94730	77.61872
180	12.94724	77.61879
181	12.94720	77.61884
182	12.94717	77.61890
183	12.94714	77.61895
184	12.94710	77.61901
185	12.94704	77.61908
186	12.94700	77.61913
187	12.94695	77.61919
188	12.94691	77.61924
189	12.94687	77.61930
190	12.94684	77.61936
191	12.94680	77.61942
192	12.94674	77.61949
193	12.94671	77.61954
194	12.94666	77.61962
195	12.94663	77.61968
196	12.94660	77.61975
197	12.94657	77.61980
198	12.94652	77.61986
199	12.94646	77.61993
200	12.94642	77.61999
201	12.94637	77.62005
202	12.94632	77.62012
203	12.94627	77.62019
204	12.94623	77.62025
205	12.94619	77.62031
206	12.94615	77.62037
207	12.94612	77.62044
208	12.94607	77.62045
209	12.94601	77.62042
210	12.94595	77.62038
211	12.94589	77.62035
212	12.94582	77.62031
213	12.94576	77.62028
214	12.94569	77.62024
215	12.94564	77.62022
216	12.94559	77.62020
217	12.94552	77.62015
218	12.94546	77.62012
219	12.94539	77.62008
220	12.94533	77.62005
221	12.94527	77.62002
222	12.94520	77.61998
223	12.94513	77.61995
224	12.94507	77.61992
225	12.94500	77.61988
226	12.94495	77.61985
227	12.94488	77.61981
228	12.94481	77.61977
229	12.94476	77.61976
230	12.94470	77.61974
231	12.94465	77.61971
232	12.94459	77.61972
233	12.94452	77.61976
234	12.94447	77.61978
235	12.94440	77.61982
236	12.94435	77.61985
237	12.94430	77.61990
238	12.94427	77.61995
239	12.94421	77.62002
240	12.94416	77.62009
241	12.94412	77.62015
242	12.94407	77.62021
243	12.94402	77.62027
244	12.94397	77.62032
245	12.94393	77.62038
246	12.94386	77.62035
247	12.94379	77.62032
248	12.94372	77.62029
249	12.94365	77.62026
250	12.94359	77.62024
251	12.94352	77.62022
252	12.94346	77.62019
253	12.94341	77.62018
254	12.94335	77.62016
255	12.94330	77.62015
256	12.94325	77.62013
257	12.94320	77.62012
258	12.94312	77.62010
259	12.94305	77.62008
260	12.94297	77.62006
261	12.94292	77.62005
262	12.94286	77.62003
263	12.94281	77.62002
264	12.94274	77.61999
265	12.94268	77.61998
266	12.94263	77.61997
267	12.94256	77.61996
268	12.94251	77.61995
269	12.94245	77.61994
270	12.94240	77.61993
271	12.94232	77.61990
272	12.94224	77.61988
273	12.94218	77.61987
274	12.94213	77.61986
275	12.94207	77.61983
276	12.94207	77.61977
277	12.94207	77.61971
278	12.94207	77.61964
279	12.94207	77.61957
280	12.94208	77.61950
281	12.94208	77.61943
282	12.94208	77.61937
283	12.94209	77.61930
284	12.94211	77.61924
285	12.94211	77.61917
286	12.94210	77.61911
287	12.94210	77.61905
288	12.94211	77.61898
289	12.94211	77.61892
290	12.94211	77.61885
291	12.94213	77.61879
292	12.94214	77.61873
293	12.94208	77.61872
294	12.94200	77.61871
295	12.94195	77.61869
296	12.94190	77.61868
297	12.94182	77.61864
298	12.94174	77.61862
299	12.94169	77.61861
300	12.94162	77.61857
301	12.94155	77.61857
302	12.94149	77.61857
303	12.94143	77.61857
304	12.94137	77.61857
305	12.94131	77.61856
306	12.94124	77.61856
307	12.94118	77.61856
308	12.94113	77.61856
309	12.94106	77.61854
310	12.94100	77.61853
311	12.94094	77.61852
312	12.94089	77.61852
313	12.94083	77.61852
314	12.94076	77.61852
315	12.94070	77.61852
316	12.94064	77.61852
317	12.94058	77.61851
318	12.94052	77.61850
319	12.94046	77.61850
320	12.94040	77.61849
321	12.94034	77.61849
322	12.94028	77.61848
323	12.94022	77.61847
324	12.94014	77.61847
325	12.94007	77.61847
326	12.94001	77.61846
327	12.93994	77.61843
328	12.93989	77.61843
329	12.93983	77.61841
330	12.93978	77.61840
331	12.93972	77.61839
332	12.93966	77.61840
333	12.93966	77.61846
334	12.93967	77.61853
335	12.93967	77.61859
336	12.93967	77.61867
337	12.93967	77.61872
338	12.93968	77.61879
339	12.93969	77.61885
340	12.93969	77.61892
341	12.93969	77.61898
342	12.93969	77.61905
343	12.93968	77.61913
344	12.93967	77.61918
345	12.93965	77.61923
346	12.93963	77.61930
347	12.93960	77.61938
348	12.93957	77.61945
349	12.93956	77.61951
350	12.93950	77.61950
351	12.93942	77.61947
352	12.93936	77.61944
353	12.93931	77.61943
354	12.93924	77.61939
355	12.93918	77.61938
356	12.93912	77.61937
357	12.93906	77.61936
358	12.93899	77.61933
359	12.93893	77.61931
360	12.93887	77.61930
361	12.93882	77.61929
362	12.93876	77.61928
363	12.93871	77.61927
364	12.93864	77.61926
365	12.93858	77.61925
366	12.93852	77.61924
367	12.93846	77.61923
368	12.93841	77.61922
369	12.93835	77.61921
370	12.93829	77.61920
371	12.93822	77.61919
372	12.93816	77.61917
373	12.93811	77.61916
374	12.93804	77.61915
375	12.93798	77.61915
376	12.93793	77.61914
377	12.93788	77.61913
378	12.93782	77.61912
379	12.93775	77.61912
380	12.93769	77.61912
381	12.93762	77.61909
382	12.93754	77.61907
383	12.93749	77.61905
384	12.93742	77.61904
385	12.93736	77.61902
386	12.93730	77.61901
387	12.93725	77.61899
388	12.93720	77.61897
389	12.93712	77.61895
390	12.93706	77.61894
391	12.93700	77.61893
392	12.93693	77.61890
393	12.93687	77.61888
394	12.93680	77.61886
395	12.93672	77.61883
396	12.93666	77.61882
397	12.93661	77.61880
398	12.93655	77.61879
399	12.93650	77.61877
400	12.93644	77.61875
401	12.93636	77.61873
402	12.93631	77.61872
403	12.93625	77.61870
404	12.93620	77.61869
405	12.93614	77.61868
406	12.93609	77.61866
407	12.93602	77.61864
408	12.93596	77.61862
409	12.93591	77.61861
410	12.93585	77.61859
411	12.93579	77.61858
412	12.93573	77.61857
413	12.93568	77.61856
414	12.93562	77.61854
415	12.93557	77.61853
416	12.93551	77.61851
417	12.93544	77.61849
418	12.93539	77.61847
419	12.93533	77.61845
420	12.93527	77.61843
421	12.93521	77.61842
422	12.93515	77.61842
423	12.93510	77.61840
424	12.93504	77.61839
425	12.93499	77.61837
426	12.93494	77.61835
427	12.93489	77.61829
428	12.93487	77.61823
429	12.93487	77.61816
430	12.93487	77.61809
431	12.93487	77.61802
432	12.93487	77.61794
433	12.93487	77.61787
434	12.93487	77.61779
435	12.93487	77.61772
436	12.93487	77.61765
437	12.93487	77.61758
438	12.93487	77.61751
439	12.93487	77.61744
440	12.93485	77.61737
441	12.93483	77.61730
442	12.93482	77.61725
443	12.93480	77.61717
444	12.93479	77.61711
445	12.93478	77.61704
446	12.93477	77.61698
447	12.93472	77.61692
448	12.93469	77.61686
449	12.93467	77.61680
450	12.93463	77.61673
451	12.93459	77.61665
452	12.93457	77.61659
453	12.93453	77.61652
454	12.93450	77.61644
455	12.93448	77.61638
456	12.93445	77.61633
457	12.93444	77.61627
458	12.93442	77.61619
459	12.93438	77.61612
460	12.93434	77.61605
461	12.93431	77.61598
462	12.93429	77.61593
463	12.93426	77.61587
464	12.93423	77.61581
465	12.93420	77.61574
466	12.93416	77.61568
467	12.93413	77.61560
468	12.93409	77.61553
469	12.93406	77.61545
470	12.93402	77.61538
471	12.93397	77.61531
472	12.93394	77.61526
473	12.93389	77.61518
474	12.93387	77.61513
475	12.93383	77.61507
476	12.93381	77.61502
477	12.93377	77.61494
478	12.93373	77.61488
479	12.93371	77.61483
480	12.93368	77.61477
481	12.93365	77.61470
482	12.93362	77.61465
483	12.93359	77.61458
484	12.93357	77.61451
485	12.93355	77.61446
486	12.93351	77.61439
487	12.93348	77.61431
488	12.93344	77.61424
489	12.93341	77.61419
490	12.93337	77.61413
491	12.93333	77.61406
492	12.93330	77.61399
493	12.93327	77.61392
494	12.93323	77.61385
495	12.93321	77.61379
496	12.93318	77.61373
497	12.93315	77.61366
498	12.93312	77.61360
499	12.93309	77.61353
500	12.93311	77.61347
501	12.93317	77.61344
502	12.93322	77.61340
503	12.93329	77.61337
504	12.93334	77.61335
505	12.93340	77.61330
506	12.93345	77.61327
507	12.93351	77.61321
508	12.93360	77.61314
509	12.93367	77.61310
510	12.93372	77.61308
511	12.93379	77.61303
512	12.93386	77.61300
513	12.93392	77.61297
514	12.93398	77.61294
515	12.93404	77.61291
516	12.93410	77.61287
517	12.93417	77.61283
518	12.93426	77.61277
519	12.93432	77.61272
520	12.93439	77.61269
521	12.93444	77.61265
522	12.93450	77.61262
523	12.93456	77.61259
524	12.93461	77.61256
525	12.93467	77.61254
526	12.93473	77.61249
527	12.93480	77.61246
528	12.93486	77.61243
529	12.93494	77.61239
530	12.93500	77.61235
531	12.93506	77.61232
532	12.93515	77.61227
533	12.93521	77.61224
534	12.93527	77.61221
535	12.93532	77.61218
536	12.93540	77.61214
537	12.93545	77.61212
538	12.93553	77.61207
539	12.93558	77.61204
540	12.93565	77.61201
541	12.93572	77.61198
542	12.93578	77.61195
543	12.93583	77.61194
544	12.93589	77.61192
545	12.93597	77.61190
546	12.93602	77.61188
547	12.93609	77.61184
548	12.93614	77.61180
549	12.93621	77.61177
550	12.93627	77.61173
551	12.93632	77.61170
552	12.93639	77.61166
553	12.93644	77.61162
554	12.93649	77.61156
555	12.93657	77.61151
556	12.93662	77.61146
557	12.93669	77.61142
558	12.93674	77.61139
559	12.93682	77.61134
560	12.93690	77.61129
561	12.93695	77.61125
562	12.93701	77.61122
563	12.93708	77.61117
564	12.93713	77.61114
565	12.93720	77.61110
566	12.93727	77.61107
567	12.93733	77.61103
568	12.93739	77.61100
569	12.93745	77.61096
570	12.93752	77.61093
571	12.93760	77.61089
572	12.93766	77.61086
573	12.93773	77.61082
574	12.93779	77.61079
575	12.93784	77.61076
576	12.93791	77.61072
577	12.93798	77.61069
578	12.93804	77.61066
579	12.93812	77.61062
580	12.93817	77.61060
581	12.93823	77.61057
582	12.93829	77.61056
583	12.93834	77.61053
584	12.93840	77.61052
585	12.93848	77.61049
586	12.93853	77.61048
587	12.93860	77.61045
588	12.93866	77.61044
589	12.93872	77.61042
590	12.93879	77.61038
591	12.93886	77.61035
592	12.93894	77.61031
593	12.93900	77.61029
594	12.93908	77.61025
595	12.93916	77.61021
596	12.93921	77.61018
597	12.93927	77.61014
598	12.93934	77.61011
599	12.93941	77.61007
600	12.93949	77.61002
601	12.93955	77.60999
602	12.93961	77.60996
603	12.93967	77.60992
604	12.93974	77.60987
605	12.93980	77.60983
606	12.93988	77.60979
607	12.93993	77.60976
608	12.94000	77.60972
609	12.94008	77.60967
610	12.94016	77.60962
611	12.94023	77.60956
612	12.94029	77.60953
613	12.94034	77.60950
614	12.94039	77.60947
615	12.94046	77.60943
616	12.94053	77.60939
617	12.94059	77.60936
618	12.94064	77.60933
619	12.94070	77.60930
620	12.94076	77.60928
621	12.94082	77.60926
622	12.94088	77.60924
623	12.94094	77.60923
624	12.94103	77.60920
625	12.94109	77.60918
626	12.94115	77.60916
627	12.94121	77.60914
628	12.94127	77.60912
629	12.94136	77.60910
630	12.94142	77.60908
631	12.94150	77.60905
632	12.94156	77.60904
633	12.94162	77.60903
634	12.94169	77.60900
635	12.94175	77.60898
636	12.94182	77.60897
637	12.94187	77.60895
638	12.94194	77.60893
639	12.94200	77.60891
640	12.94207	77.60889
641	12.94215	77.60887
642	12.94221	77.60884
643	12.94227	77.60883
644	12.94233	77.60881
645	12.94239	77.60880
646	12.94246	77.60877
647	12.94253	77.60875
648	12.94260	77.60873
649	12.94266	77.60870
650	12.94273	77.60868
651	12.94279	77.60866
652	12.94284	77.60865
653	12.94290	77.60863
654	12.94296	77.60861
655	12.94304	77.60860
656	12.94309	77.60859
657	12.94315	77.60858
658	12.94322	77.60855
659	12.94329	77.60853
660	12.94334	77.60852
661	12.94340	77.60850
662	12.94349	77.60847
663	12.94354	77.60845
664	12.94361	77.60842
665	12.94367	77.60841
666	12.94373	77.60839
667	12.94378	77.60838
668	12.94386	77.60836
669	12.94393	77.60833
670	12.94401	77.60831
671	12.94408	77.60829
672	12.94416	77.60828
673	12.94422	77.60826
674	12.94427	77.60825
675	12.94434	77.60823
676	12.94441	77.60821
677	12.94446	77.60820
678	12.94454	77.60817
679	12.94459	77.60815
680	12.94465	77.60814
681	12.94472	77.60811
682	12.94478	77.60808
683	12.94485	77.60806
684	12.94492	77.60802
685	12.94498	77.60800
686	12.94504	77.60796
687	12.94513	77.60793
688	12.94519	77.60792
689	12.94527	77.60788
690	12.94534	77.60787
691	12.94539	77.60787
692	12.94548	77.60786
693	12.94554	77.60785
694	12.94561	77.60783
695	12.94567	77.60780
696	12.94575	77.60777
697	12.94583	77.60775
698	12.94589	77.60772
699	12.94595	77.60771
700	12.94603	77.60769
701	12.94611	77.60766
702	12.94616	77.60764
703	12.94624	77.60762
704	12.94630	77.60761
705	12.94636	77.60758
706	12.94643	77.60757
707	12.94648	77.60757
708	12.94654	77.60756
709	12.94659	77.60754
710	12.94668	77.60751
711	12.94674	77.60749
712	12.94680	77.60747
713	12.94686	77.60744
714	12.94693	77.60742
715	12.94701	77.60740
716	12.94707	77.60737
717	12.94713	77.60736
718	12.94718	77.60734
719	12.94725	77.60733
720	12.94730	77.60732
721	12.94738	77.60729
722	12.94744	77.60727
723	12.94752	77.60725
724	12.94757	77.60724
725	12.94763	77.60721
726	12.94768	77.60720
727	12.94774	77.60717
728	12.94781	77.60714
729	12.94787	77.60712
730	12.94793	77.60710
731	12.94798	77.60708
732	12.94803	77.60706
733	12.94810	77.60704
734	12.94817	77.60704
735	12.94824	77.60702
