Rank	Latitude	Longitude
1	12.92926	77.63502
2	12.92933	77.63506
3	12.92941	77.63510
4	12.92948	77.63510
5	12.92953	77.63511
6	12.92959	77.63511
7	12.92965	77.63512
8	12.92970	77.63510
9	12.92976	77.63501
10	12.92982	77.63495
11	12.92990	77.63488
12	12.92997	77.63482
13	12.93005	77.63477
14	12.93010	77.63469
15	12.93015	77.63462
16	12.93024	77.63454
17	12.93032	77.63448
18	12.93042	77.63446
19	12.93048	77.63449
20	12.93053	77.63451
21	12.93058	77.63453
22	12.93065	77.63455
23	12.93070	77.63456
24	12.93076	77.63456
25	12.93087	77.63459
26	12.93093	77.63461
27	12.93098	77.63462
28	12.93104	77.63463
29	12.93109	77.63464
30	12.93118	77.63466
31	12.93124	77.63468
32	12.93130	77.63470
33	12.93135	77.63472
34	12.93140	77.63473
35	12.93146	77.63475
36	12.93151	77.63477
37	12.93156	77.63478
38	12.93161	77.63480
39	12.93167	77.63481
40	12.93172	77.63483
41	12.93178	77.63485
42	12.93189	77.63490
43	12.93198	77.63493
44	12.93205	77.63496
45	12.93210	77.63498
46	12.93215	77.63500
47	12.93222	77.63506
48	12.93229	77.63508
49	12.93235	77.63509
50	12.93245	77.63512
51	12.93250	77.63514
52	12.93255	77.63515
53	12.93260	77.63519
54	12.93266	77.63522
55	12.93271	77.63523
56	12.93276	77.63525
57	12.93285	77.63530
58	12.93293	77.63536
59	12.93301	77.63543
60	12.93309	77.63550
61	12.93316	77.63556
62	12.93321	77.63564
63	12.93325	77.63569
64	12.93327	77.63574
65	12.93330	77.63580
66	12.93331	77.63585
67	12.93334	77.63591
68	12.93335	77.63597
69	12.93338	77.63608
70	12.93340	77.63613
71	12.93345	77.63622
72	12.93348	77.63631
73	12.93355	77.63631
74	12.93361	77.63631
75	12.93367	77.63630
76	12.93372	77.63629
77	12.93378	77.63628
78	12.93386	77.63627
79	12.93392	77.63627
80	12.93398	77.63626
81	12.93409	77.63623
82	12.93414	77.63622
83	12.93420	77.63622
84	12.93431	77.63620
85	12.93437	77.63612
86	12.93443	77.63603
87	12.93451	77.63597
88	12.93457	77.63590
89	12.93465	77.63583
90	12.93472	77.63576
91	12.93479	77.63570
92	12.93485	77.63567
93	12.93492	77.63560
94	12.93500	77.63554
95	12.93508	77.63547
96	12.93515	77.63541
97	12.93521	77.63535
98	12.93528	77.63526
99	12.93535	77.63519
100	12.93542	77.63511
101	12.93549	77.63503
102	12.93556	77.63497
103	12.93563	77.63490
104	12.93571	77.63482
105	12.93579	77.63475
106	12.93584	77.63467
107	12.93591	77.63458
108	12.93599	77.63451
109	12.93608	77.63446
110	12.93616	77.63438
111	12.93623	77.63432
112	12.93629	77.63429
113	12.93637	77.63424
114	12.93647	77.63419
115	12.93656	77.63413
116	12.93661	77.63411
117	12.93667	77.63409
118	12.93676	77.63404
119	12.93681	77.63402
120	12.93687	77.63398
121	12.93695	77.63394
122	12.93703	77.63390
123	12.93711	77.63385
124	12.93717	77.63385
125	12.93726	77.63381
126	12.93735	77.63376
127	12.93740	77.63373
128	12.93747	77.63372
129	12.93752	77.63368
130	12.93761	77.63365
131	12.93771	77.63360
132	12.93776	77.63356
133	12.93785	77.63351
134	12.93791	77.63348
135	12.93799	77.63344
136	12.93808	77.63339
137	12.93816	77.63333
138	12.93824	77.63329
139	12.93834	77.63323
140	12.93839	77.63321
141	12.93849	77.63318
142	12.93858	77.63314
143	12.93867	77.63308
144	12.93875	77.63302
145	12.93880	77.63300
146	12.93885	77.63297
147	12.93895	77.63292
148	12.93900	77.63291
149	12.93908	77.63290
150	12.93914	77.63290
151	12.93923	77.63288
152	12.93929	77.63288
153	12.93938	77.63286
154	12.93943	77.63284
155	12.93949	77.63281
156	12.93954	77.63279
157	12.93962	77.63274
158	12.93972	77.63268
159	12.93980	77.63263
160	12.93989	77.63259
161	12.93995	77.63256
162	12.94003	77.63251
163	12.94012	77.63246
164	12.94017	77.63244
165	12.94025	77.63240
166	12.94031	77.63236
167	12.94037	77.63235
168	12.94043	77.63234
169	12.94053	77.63230
170	12.94061	77.63226
171	12.94066	77.63223
172	12.94072	77.63220
173	12.94077	77.63218
174	12.94088	77.63214
175	12.94096	77.63212
176	12.94101	77.63211
177	12.94106	77.63209
178	12.94112	77.63208
179	12.94117	77.63207
180	12.94122	77.63205
181	12.94129	77.63203
182	12.94137	77.63198
183	12.94145	77.63192
184	12.94156	77.63186
185	12.94165	77.63182
186	12.94171	77.63178
187	12.94180	77.63174
188	12.94185	77.63172
189	12.94195	77.63168
190	12.94204	77.63163
191	12.94210	77.63162
192	12.94216	77.63158
193	12.94221	77.63156
194	12.94226	77.63153
195	12.94232	77.63149
196	12.94240	77.63146
197	12.94246	77.63143
198	12.94256	77.63138
199	12.94265	77.63132
200	12.94272	77.63129
201	12.94281	77.63124
202	12.94291	77.63119
203	12.94296	77.63117
204	12.94305	77.63112
205	12.94315	77.63108
206	12.94320	77.63103
207	12.94325	77.63101
208	12.94334	77.63096
209	12.94343	77.63091
210	12.94349	77.63089
211	12.94357	77.63085
212	12.94365	77.63081
213	12.94371	77.63078
214	12.94380	77.63074
215	12.94385	77.63071
216	12.94396	77.63067
217	12.94402	77.63064
218	12.94410	77.63060
219	12.94416	77.63057
220	12.94421	77.63055
221	12.94431	77.63050
222	12.94439	77.63045
223	12.94449	77.63041
224	12.94457	77.63034
225	12.94462	77.63030
226	12.94467	77.63027
227	12.94478	77.63023
228	12.94483	77.63020
229	12.94488	77.63017
230	12.94498	77.63013
231	12.94503	77.63011
232	12.94512	77.63007
233	12.94520	77.63001
234	12.94525	77.63000
235	12.94535	77.62996
236	12.94543	77.62991
237	12.94548	77.62990
238	12.94557	77.62982
239	12.94566	77.62977
240	12.94572	77.62974
241	12.94580	77.62970
242	12.94590	77.62965
243	12.94598	77.62959
244	12.94606	77.62955
245	12.94615	77.62950
246	12.94621	77.62948
247	12.94630	77.62942
248	12.94639	77.62938
249	12.94646	77.62932
250	12.94652	77.62929
251	12.94660	77.62925
252	12.94670	77.62921
253	12.94678	77.62917
254	12.94685	77.62911
255	12.94692	77.62906
256	12.94699	77.62900
257	12.94704	77.62895
258	12.94710	77.62891
259	12.94717	77.62885
260	12.94723	77.62879
261	12.94732	77.62873
262	12.94740	77.62867
263	12.94747	77.62861
264	12.94755	77.62854
265	12.94762	77.62848
266	12.94768	77.62841
267	12.94776	77.62835
268	12.94781	77.62826
269	12.94787	77.62820
270	12.94795	77.62814
271	12.94801	77.62805
272	12.94808	77.62795
273	12.94815	77.62788
274	12.94821	77.62780
275	12.94827	77.62773
276	12.94833	77.62765
277	12.94840	77.62758
278	12.94846	77.62749
279	12.94853	77.62742
280	12.94859	77.62734
281	12.94865	77.62727
282	12.94872	77.62718
283	12.94878	77.62711
284	12.94883	77.62702
285	12.94888	77.62693
286	12.94891	77.62688
287	12.94896	77.62680
288	12.94900	77.62672
289	12.94902	77.62667
290	12.94904	77.62660
291	12.94905	77.62654
292	12.94906	77.62647
293	12.94907	77.62642
294	12.94908	77.62631
295	12.94911	77.62621
296	12.94911	77.62613
297	12.94912	77.62606
298	12.94913	77.62601
299	12.94914	77.62596
300	12.94915	77.62589
301	12.94916	77.62583
302	12.94917	77.62577
303	12.94918	77.62572
304	12.94920	77.62566
305	12.94921	77.62560
306	12.94922	77.62554
307	12.94925	77.62544
308	12.94924	77.62538
309	12.94924	77.62531
310	12.94924	77.62525
311	12.94924	77.62518
312	12.94925	77.62513
313	12.94926	77.62506
314	12.94927	77.62499
315	12.94927	77.62493
316	12.94928	77.62487
317	12.94929	77.62482
318	12.94932	77.62477
319	12.94933	77.62471
320	12.94935	77.62466
321	12.94938	77.62457
322	12.94940	77.62451
323	12.94942	77.62445
324	12.94946	77.62437
325	12.94950	77.62427
326	12.94954	77.62422
327	12.94958	77.62415
328	12.94960	77.62410
329	12.94964	77.62402
330	12.94965	77.62396
331	12.94966	77.62389
332	12.94967	77.62383
333	12.94968	77.62378
334	12.94969	77.62371
335	12.94973	77.62362
336	12.94978	77.62353
337	12.94983	77.62345
338	12.94988	77.62336
339	12.94993	77.62325
340	12.94997	77.62317
341	12.95000	77.62311
342	12.95004	77.62303
343	12.95006	77.62297
344	12.95012	77.62289
345	12.95014	77.62282
346	12.95016	77.62276
347	12.95017	77.62271
348	12.95021	77.62261
349	12.95015	77.62258
350	12.95009	77.62255
351	12.95003	77.62251
352	12.94998	77.62248
353	12.94993	77.62245
354	12.94986	77.62242
355	12.94981	77.62238
356	12.94975	77.62236
357	12.94969	77.62233
358	12.94962	77.62230
359	12.94957	77.62226
360	12.94952	77.62222
361	12.94944	77.62219
362	12.94939	77.62216
363	12.94933	77.62214
364	12.94927	77.62211
365	12.94921	77.62206
366	12.94915	77.62203
367	12.94908	77.62200
368	12.94902	77.62195
369	12.94896	77.62193
370	12.94889	77.62190
371	12.94883	77.62187
372	12.94877	77.62184
373	12.94871	77.62180
374	12.94865	77.62177
375	12.94858	77.62174
376	12.94849	77.62171
377	12.94844	77.62171
378	12.94838	77.62168
379	12.94827	77.62164
380	12.94821	77.62161
381	12.94815	77.62159
382	12.94804	77.62153
383	12.94798	77.62149
384	12.94792	77.62146
385	12.94784	77.62142
386	12.94773	77.62136
387	12.94766	77.62134
388	12.94760	77.62131
389	12.94754	77.62129
390	12.94747	77.62126
391	12.94741	77.62123
392	12.94735	77.62120
393	12.94728	77.62117
394	12.94723	77.62114
395	12.94716	77.62110
396	12.94710	77.62106
397	12.94703	77.62103
398	12.94697	77.62100
399	12.94687	77.62095
400	12.94681	77.62091
401	12.94675	77.62089
402	12.94670	77.62086
403	12.94664	77.62082
404	12.94659	77.62079
405	12.94653	77.62074
406	12.94646	77.62071
407	12.94641	77.62068
408	12.94635	77.62065
409	12.94627	77.62061
410	12.94621	77.62057
411	12.94615	77.62053
412	12.94610	77.62047
413	12.94604	77.62043
414	12.94597	77.62039
415	12.94591	77.62036
416	12.94585	77.62032
417	12.94578	77.62029
418	12.94571	77.62025
419	12.94564	77.62022
420	12.94559	77.62020
421	12.94552	77.62015
422	12.94546	77.62012
423	12.94539	77.62008
424	12.94533	77.62005
425	12.94527	77.62002
426	12.94520	77.61998
427	12.94513	77.61995
428	12.94507	77.61992
429	12.94500	77.61988
430	12.94495	77.61985
431	12.94488	77.61981
432	12.94481	77.61977
433	12.94476	77.61976
434	12.94470	77.61974
435	12.94465	77.61971
436	12.94459	77.61972
437	12.94452	77.61976
438	12.94447	77.61978
439	12.94440	77.61982
440	12.94435	77.61985
441	12.94430	77.61990
442	12.94427	77.61995
443	12.94421	77.62002
444	12.94416	77.62009
445	12.94412	77.62015
446	12.94407	77.62021
447	12.94402	77.62027
448	12.94397	77.62032
449	12.94392	77.62038
450	12.94387	77.62044
451	12.94383	77.62050
452	12.94378	77.62058
453	12.94374	77.62065
454	12.94370	77.62071
455	12.94361	77.62081
456	12.94357	77.62086
457	12.94352	77.62094
458	12.94347	77.62099
459	12.94339	77.62111
460	12.94336	77.62116
461	12.94332	77.62121
462	12.94327	77.62127
463	12.94322	77.62134
464	12.94318	77.62140
465	12.94315	77.62145
466	12.94311	77.62150
467	12.94301	77.62161
468	12.94297	77.62168
469	12.94292	77.62174
470	12.94289	77.62179
471	12.94284	77.62185
472	12.94276	77.62194
473	12.94272	77.62200
474	12.94268	77.62205
475	12.94259	77.62215
476	12.94254	77.62219
477	12.94245	77.62228
478	12.94239	77.62232
479	12.94230	77.62241
480	12.94225	77.62246
481	12.94217	77.62256
482	12.94213	77.62261
483	12.94210	77.62267
484	12.94205	77.62273
485	12.94202	77.62278
486	12.94194	77.62288
487	12.94190	77.62294
488	12.94181	77.62304
489	12.94177	77.62309
490	12.94173	77.62315
491	12.94169	77.62320
492	12.94164	77.62325
493	12.94156	77.62335
494	12.94152	77.62340
495	12.94142	77.62349
496	12.94138	77.62355
497	12.94130	77.62364
498	12.94125	77.62369
499	12.94120	77.62376
500	12.94116	77.62381
501	12.94109	77.62389
502	12.94104	77.62394
503	12.94101	77.62399
504	12.94098	77.62405
505	12.94090	77.62413
506	12.94086	77.62419
507	12.94079	77.62426
508	12.94075	77.62432
509	12.94070	77.62435
510	12.94065	77.62440
511	12.94060	77.62445
512	12.94055	77.62450
513	12.94046	77.62459
514	12.94041	77.62465
515	12.94038	77.62470
516	12.94030	77.62479
517	12.94022	77.62486
518	12.94017	77.62493
519	12.94009	77.62503
520	12.94004	77.62509
521	12.94000	77.62515
522	12.93992	77.62524
523	12.93988	77.62529
524	12.93982	77.62533
525	12.93974	77.62542
526	12.93970	77.62549
527	12.93964	77.62554
528	12.93960	77.62559
529	12.93956	77.62565
530	12.93948	77.62573
531	12.93942	77.62577
532	12.93937	77.62582
533	12.93932	77.62587
534	12.93925	77.62591
535	12.93916	77.62598
536	12.93911	77.62602
537	12.93905	77.62606
538	12.93900	77.62610
539	12.93891	77.62618
540	12.93885	77.62621
541	12.93880	77.62626
542	12.93875	77.62630
543	12.93869	77.62634
544	12.93863	77.62638
545	12.93858	77.62642
546	12.93853	77.62646
547	12.93845	77.62652
548	12.93835	77.62660
549	12.93829	77.62663
550	12.93822	77.62668
551	12.93816	77.62671
552	12.93810	77.62673
553	12.93804	77.62676
554	12.93795	77.62682
555	12.93790	77.62685
556	12.93782	77.62688
557	12.93773	77.62693
558	12.93763	77.62698
559	12.93758	77.62701
560	12.93750	77.62704
561	12.93743	77.62708
562	12.93735	77.62713
563	12.93729	77.62716
564	12.93721	77.62720
565	12.93715	77.62723
566	12.93709	77.62728
567	12.93702	77.62730
568	12.93697	77.62733
569	12.93690	77.62736
570	12.93684	77.62739
571	12.93675	77.62745
572	12.93664	77.62749
573	12.93658	77.62752
574	12.93653	77.62756
575	12.93648	77.62759
576	12.93638	77.62764
577	12.93632	77.62767
578	12.93626	77.62772
579	12.93616	77.62780
580	12.93611	77.62783
581	12.93601	77.62792
582	12.93596	77.62795
583	12.93587	77.62800
584	12.93577	77.62807
585	12.93572	77.62811
586	12.93567	77.62816
587	12.93557	77.62824
588	12.93552	77.62830
589	12.93547	77.62834
590	12.93542	77.62839
591	12.93538	77.62845
592	12.93530	77.62853
593	12.93524	77.62858
594	12.93516	77.62865
595	12.93510	77.62870
596	12.93505	77.62875
597	12.93496	77.62881
598	12.93489	77.62889
599	12.93481	77.62899
600	12.93474	77.62907
601	12.93469	77.62914
602	12.93460	77.62924
603	12.93456	77.62929
604	12.93452	77.62935
605	12.93447	77.62938
606	12.93438	77.62947
607	12.93432	77.62952
608	12.93423	77.62961
609	12.93413	77.62969
610	12.93403	77.62978
611	12.93398	77.62981
612	12.93393	77.62985
613	12.93388	77.62991
614	12.93381	77.62995
615	12.93372	77.63006
616	12.93368	77.63011
617	12.93363	77.63016
618	12.93356	77.63025
619	12.93349	77.63030
620	12.93345	77.63036
621	12.93336	77.63043
622	12.93326	77.63053
623	12.93322	77.63058
624	12.93317	77.63066
625	12.93313	77.63071
626	12.93305	77.63081
627	12.93296	77.63090
628	12.93292	77.63096
629	12.93281	77.63104
630	12.93273	77.63113
631	12.93263	77.63120
632	12.93254	77.63128
633	12.93249	77.63133
634	12.93243	77.63138
635	12.93237	77.63141
636	12.93233	77.63146
637	12.93228	77.63150
638	12.93222	77.63155
639	12.93212	77.63163
640	12.93202	77.63171
641	12.93198	77.63176
642	12.93194	77.63182
643	12.93186	77.63190
644	12.93182	77.63196
645	12.93173	77.63203
646	12.93166	77.63211
647	12.93161	77.63217
648	12.93157	77.63222
649	12.93153	77.63228
650	12.93149	77.63233
651	12.93140	77.63241
652	12.93135	77.63245
653	12.93130	77.63249
654	12.93125	77.63255
655	12.93117	77.63264
656	12.93110	77.63273
657	12.93106	77.63279
658	12.93101	77.63285
659	12.93093	77.63294
660	12.93086	77.63303
661	12.93081	77.63308
662	12.93076	77.63315
663	12.93071	77.63321
664	12.93062	77.63330
665	12.93057	77.63334
666	12.93047	77.63343
667	12.93037	77.63351
668	12.93028	77.63359
669	12.93018	77.63367
670	12.93013	77.63372
671	12.93008	77.63376
672	12.92999	77.63384
673	12.92996	77.63390
674	12.92987	77.63397
675	12.92980	77.63400
676	12.92972	77.63402
677	12.92964	77.63403
678	12.92957	77.63405
679	12.92951	77.63407
680	12.92946	77.63411
681	12.92938	77.63413
682	12.92932	77.63415
683	12.92926	77.63418
684	12.92917	77.63420
685	12.92910	77.63421
686	12.92903	77.63423
687	12.92897	77.63423
688	12.92889	77.63424
689	12.92884	77.63424
690	12.92875	77.63425
691	12.92867	77.63425
692	12.92861	77.63425
693	12.92853	77.63427
694	12.92847	77.63429
695	12.92841	77.63435
696	12.92835	77.63446
697	12.92834	77.63452
698	12.92834	77.63458
699	12.92839	77.63466
700	12.92846	77.63467
701	12.92852	77.63468
702	12.92857	77.63469
703	12.92863	77.63471
704	12.92868	77.63472
705	12.92876	77.63477
706	12.92886	77.63481
707	12.92894	77.63485
708	12.92899	77.63486
709	12.92907	77.63492
710	12.92915	77.63496
