Rank	Latitude	Longitude
1	13.02594	77.69548
2	13.02594	77.69541
3	13.02594	77.69534
4	13.02594	77.69526
5	13.02595	77.69519
6	13.02595	77.69512
7	13.02595	77.69505
8	13.02596	77.69498
9	13.02597	77.69491
10	13.02598	77.69482
11	13.02599	77.69476
12	13.02600	77.69469
13	13.02600	77.69462
14	13.02601	77.69454
15	13.02602	77.69448
16	13.02603	77.69442
17	13.02604	77.69435
18	13.02605	77.69427
19	13.02605	77.69420
20	13.02606	77.69413
21	13.02607	77.69408
22	13.02607	77.69400
23	13.02607	77.69394
24	13.02609	77.69388
25	13.02609	77.69381
26	13.02610	77.69374
27	13.02611	77.69367
28	13.02612	77.69360
29	13.02613	77.69353
30	13.02616	77.69346
31	13.02617	77.69341
32	13.02618	77.69335
33	13.02619	77.69329
34	13.02619	77.69322
35	13.02620	77.69316
36	13.02621	77.69309
37	13.02622	77.69303
38	13.02622	77.69296
39	13.02623	77.69291
40	13.02624	77.69284
41	13.02625	77.69276
42	13.02621	77.69270
43	13.02615	77.69263
44	13.02611	77.69257
45	13.02605	77.69251
46	13.02600	77.69247
47	13.02594	77.69243
48	13.02589	77.69240
49	13.02583	77.69236
50	13.02577	77.69232
51	13.02569	77.69228
52	13.02563	77.69224
53	13.02557	77.69222
54	13.02551	77.69218
55	13.02543	77.69213
56	13.02537	77.69209
57	13.02529	77.69203
58	13.02524	77.69198
59	13.02519	77.69194
60	13.02512	77.69189
61	13.02506	77.69184
62	13.02501	77.69180
63	13.02496	77.69176
64	13.02489	77.69171
65	13.02484	77.69167
66	13.02478	77.69161
67	13.02471	77.69155
68	13.02467	77.69149
69	13.02462	77.69145
70	13.02454	77.69137
71	13.02450	77.69132
72	13.02444	77.69126
73	13.02439	77.69122
74	13.02434	77.69117
75	13.02428	77.69110
76	13.02421	77.69104
77	13.02415	77.69100
78	13.02408	77.69094
79	13.02402	77.69088
80	13.02396	77.69083
81	13.02390	77.69078
82	13.02384	77.69073
83	13.02378	77.69067
84	13.02373	77.69063
85	13.02368	77.69058
86	13.02361	77.69052
87	13.02355	77.69048
88	13.02348	77.69041
89	13.02341	77.69034
90	13.02337	77.69029
91	13.02332	77.69022
92	13.02327	77.69017
93	13.02320	77.69011
94	13.02314	77.69005
95	13.02310	77.68999
96	13.02303	77.68992
97	13.02299	77.68986
98	13.02293	77.68979
99	13.02287	77.68972
100	13.02283	77.68966
101	13.02277	77.68960
102	13.02271	77.68955
103	13.02264	77.68948
104	13.02259	77.68943
105	13.02254	77.68938
106	13.02248	77.68932
107	13.02243	77.68927
108	13.02238	77.68923
109	13.02232	77.68918
110	13.02227	77.68913
111	13.02220	77.68906
112	13.02215	77.68901
113	13.02209	77.68896
114	13.02203	77.68888
115	13.02200	77.68881
116	13.02197	77.68875
117	13.02194	77.68869
118	13.02189	77.68862
119	13.02186	77.68855
120	13.02182	77.68850
121	13.02176	77.68842
122	13.02171	77.68837
123	13.02167	77.68831
124	13.02163	77.68826
125	13.02159	77.68821
126	13.02155	77.68815
127	13.02149	77.68810
128	13.02145	77.68804
129	13.02140	77.68799
130	13.02139	77.68794
131	13.02140	77.68788
132	13.02142	77.68781
133	13.02143	77.68775
134	13.02146	77.68767
135	13.02147	77.68762
136	13.02148	77.68754
137	13.02148	77.68747
138	13.02149	77.68740
139	13.02149	77.68733
140	13.02149	77.68727
141	13.02149	77.68720
142	13.02149	77.68712
143	13.02149	77.68705
144	13.02150	77.68698
145	13.02151	77.68692
146	13.02151	77.68684
147	13.02151	77.68678
148	13.02151	77.68673
149	13.02151	77.68667
150	13.02151	77.68659
151	13.02151	77.68652
152	13.02151	77.68645
153	13.02151	77.68635
154	13.02151	77.68628
155	13.02151	77.68620
156	13.02151	77.68613
157	13.02151	77.68605
158	13.02152	77.68598
159	13.02152	77.68591
160	13.02153	77.68583
161	13.02153	77.68578
162	13.02153	77.68569
163	13.02153	77.68563
164	13.02153	77.68557
165	13.02153	77.68550
166	13.02153	77.68543
167	13.02153	77.68537
168	13.02153	77.68530
169	13.02153	77.68523
170	13.02153	77.68516
171	13.02153	77.68508
172	13.02152	77.68501
173	13.02151	77.68492
174	13.02151	77.68486
175	13.02150	77.68480
176	13.02149	77.68474
177	13.02149	77.68469
178	13.02149	77.68463
179	13.02148	77.68457
180	13.02147	77.68452
181	13.02146	77.68446
182	13.02145	77.68438
183	13.02145	77.68431
184	13.02144	77.68426
185	13.02143	77.68420
186	13.02142	77.68413
187	13.02141	77.68406
188	13.02141	77.68400
189	13.02140	77.68395
190	13.02140	77.68388
191	13.02140	77.68381
192	13.02140	77.68373
193	13.02140	77.68366
194	13.02140	77.68358
195	13.02139	77.68351
196	13.02138	77.68344
197	13.02138	77.68336
198	13.02137	77.68330
199	13.02137	77.68324
200	13.02136	77.68317
201	13.02135	77.68310
202	13.02134	77.68303
203	13.02139	77.68303
204	13.02144	77.68302
205	13.02150	77.68302
206	13.02156	77.68301
207	13.02162	77.68301
208	13.02167	77.68301
209	13.02173	77.68301
210	13.02179	77.68300
211	13.02184	77.68300
212	13.02192	77.68299
213	13.02198	77.68298
214	13.02204	77.68297
215	13.02210	77.68296
216	13.02218	77.68296
217	13.02223	77.68295
218	13.02228	77.68294
219	13.02233	77.68294
220	13.02239	77.68293
221	13.02246	77.68292
222	13.02254	77.68292
223	13.02261	77.68290
224	13.02267	77.68290
225	13.02274	77.68289
226	13.02281	77.68289
227	13.02289	77.68289
228	13.02294	77.68289
229	13.02300	77.68289
230	13.02309	77.68289
231	13.02316	77.68289
232	13.02322	77.68289
233	13.02329	77.68289
234	13.02335	77.68289
235	13.02342	77.68289
236	13.02348	77.68290
237	13.02355	77.68290
238	13.02363	77.68290
239	13.02368	77.68290
240	13.02374	77.68288
241	13.02380	77.68287
242	13.02385	77.68286
243	13.02391	77.68285
244	13.02398	77.68285
245	13.02406	77.68285
246	13.02414	77.68286
247	13.02420	77.68287
248	13.02426	77.68288
249	13.02432	77.68289
250	13.02440	77.68289
251	13.02446	77.68290
252	13.02454	77.68291
253	13.02461	77.68292
254	13.02468	77.68293
255	13.02473	77.68294
256	13.02480	77.68294
257	13.02485	77.68295
258	13.02492	77.68296
259	13.02500	77.68297
260	13.02506	77.68299
261	13.02514	77.68301
262	13.02520	77.68301
263	13.02527	77.68302
264	13.02533	77.68303
265	13.02539	77.68306
266	13.02544	77.68307
267	13.02552	77.68308
268	13.02557	77.68310
269	13.02566	77.68312
270	13.02573	77.68315
271	13.02578	77.68316
272	13.02584	77.68318
273	13.02590	77.68318
274	13.02595	77.68320
275	13.02602	77.68322
276	13.02608	77.68323
277	13.02614	77.68324
278	13.02622	77.68324
279	13.02629	77.68325
280	13.02636	77.68325
281	13.02643	77.68325
282	13.02650	77.68325
283	13.02656	77.68324
284	13.02662	77.68323
285	13.02668	77.68323
286	13.02676	77.68321
287	13.02683	77.68320
288	13.02691	77.68319
289	13.02697	77.68318
290	13.02703	77.68318
291	13.02709	77.68318
292	13.02716	77.68318
293	13.02722	77.68318
294	13.02728	77.68318
295	13.02735	77.68318
296	13.02743	77.68318
297	13.02749	77.68318
298	13.02757	77.68319
299	13.02764	77.68319
300	13.02771	77.68319
301	13.02778	77.68319
302	13.02786	77.68321
303	13.02793	77.68321
304	13.02799	77.68322
305	13.02806	77.68322
306	13.02812	77.68322
307	13.02818	77.68322
308	13.02824	77.68322
309	13.02830	77.68322
310	13.02837	77.68322
311	13.02845	77.68322
312	13.02852	77.68322
313	13.02858	77.68322
314	13.02864	77.68323
315	13.02870	77.68323
316	13.02876	77.68324
317	13.02883	77.68324
318	13.02889	77.68324
319	13.02902	77.68324
320	13.02908	77.68324
321	13.02913	77.68324
322	13.02922	77.68324
323	13.02928	77.68324
324	13.02934	77.68323
325	13.02942	77.68323
326	13.02947	77.68323
327	13.02954	77.68322
328	13.02961	77.68322
329	13.02968	77.68322
330	13.02975	77.68324
331	13.02980	77.68324
332	13.02986	77.68325
333	13.02994	77.68326
334	13.03002	77.68328
335	13.03008	77.68328
336	13.03015	77.68329
337	13.03022	77.68330
338	13.03030	77.68330
339	13.03038	77.68330
340	13.03045	77.68331
341	13.03050	77.68332
342	13.03060	77.68332
343	13.03067	77.68333
344	13.03075	77.68333
345	13.03081	77.68333
346	13.03088	77.68333
347	13.03095	77.68333
348	13.03101	77.68333
349	13.03107	77.68332
350	13.03114	77.68332
351	13.03121	77.68332
352	13.03127	77.68333
353	13.03133	77.68333
354	13.03139	77.68333
355	13.03144	77.68333
356	13.03150	77.68333
357	13.03156	77.68333
358	13.03162	77.68333
359	13.03169	77.68334
360	13.03176	77.68334
361	13.03184	77.68335
362	13.03190	77.68335
363	13.03195	77.68336
364	13.03203	77.68337
365	13.03208	77.68338
366	13.03215	77.68339
367	13.03221	77.68340
368	13.03226	77.68340
369	13.03233	77.68340
370	13.03238	77.68340
371	13.03244	77.68341
372	13.03250	77.68342
373	13.03258	77.68343
374	13.03265	77.68344
375	13.03271	77.68344
376	13.03276	77.68344
377	13.03284	77.68345
378	13.03290	77.68346
379	13.03297	77.68346
380	13.03303	77.68346
381	13.03309	77.68346
382	13.03315	77.68346
383	13.03321	77.68346
384	13.03329	77.68346
385	13.03336	77.68346
386	13.03343	77.68346
387	13.03349	77.68347
388	13.03355	77.68347
389	13.03362	77.68347
390	13.03370	77.68348
391	13.03378	77.68348
392	13.03384	77.68348
393	13.03393	77.68348
394	13.03401	77.68348
395	13.03408	77.68348
396	13.03413	77.68348
397	13.03420	77.68348
398	13.03426	77.68348
399	13.03433	77.68348
400	13.03441	77.68348
401	13.03448	77.68348
402	13.03455	77.68350
403	13.03460	77.68350
404	13.03466	77.68351
405	13.03475	77.68352
406	13.03482	77.68353
407	13.03489	77.68353
408	13.03495	77.68353
409	13.03502	77.68353
410	13.03507	77.68353
411	13.03513	77.68353
412	13.03519	77.68353
413	13.03524	77.68355
414	13.03528	77.68362
415	13.03531	77.68370
416	13.03534	77.68375
417	13.03538	77.68382
418	13.03543	77.68387
419	13.03549	77.68393
420	13.03554	77.68399
421	13.03560	77.68404
422	13.03565	77.68410
423	13.03572	77.68414
424	13.03578	77.68419
425	13.03584	77.68422
426	13.03591	77.68426
427	13.03598	77.68430
428	13.03606	77.68435
429	13.03611	77.68439
430	13.03617	77.68443
431	13.03622	77.68446
432	13.03629	77.68449
433	13.03636	77.68453
434	13.03642	77.68455
435	13.03647	77.68456
436	13.03653	77.68458
437	13.03660	77.68460
438	13.03667	77.68462
439	13.03674	77.68464
440	13.03681	77.68465
441	13.03686	77.68467
442	13.03693	77.68468
443	13.03698	77.68469
444	13.03704	77.68471
445	13.03710	77.68473
446	13.03718	77.68475
447	13.03725	77.68477
448	13.03730	77.68479
449	13.03736	77.68480
450	13.03742	77.68482
451	13.03747	77.68484
452	13.03755	77.68486
453	13.03761	77.68487
454	13.03768	77.68488
455	13.03775	77.68490
456	13.03781	77.68491
457	13.03786	77.68493
458	13.03791	77.68495
459	13.03797	77.68496
460	13.03804	77.68497
461	13.03811	77.68498
462	13.03818	77.68499
463	13.03826	77.68500
464	13.03834	77.68500
465	13.03841	77.68501
466	13.03847	77.68502
467	13.03855	77.68502
468	13.03862	77.68502
469	13.03869	77.68503
470	13.03875	77.68503
471	13.03883	77.68504
472	13.03890	77.68505
473	13.03898	77.68505
474	13.03905	77.68505
475	13.03913	77.68505
476	13.03921	77.68505
477	13.03929	77.68505
478	13.03936	77.68505
479	13.03941	77.68506
480	13.03947	77.68507
481	13.03954	77.68508
482	13.03961	77.68509
483	13.03966	77.68511
484	13.03972	77.68512
485	13.03979	77.68514
486	13.03985	77.68515
487	13.03991	77.68516
488	13.03998	77.68517
489	13.04003	77.68519
490	13.04010	77.68520
491	13.04017	77.68522
492	13.04022	77.68523
493	13.04030	77.68525
494	13.04036	77.68527
495	13.04041	77.68528
496	13.04047	77.68529
497	13.04053	77.68530
498	13.04059	77.68530
499	13.04064	77.68531
500	13.04070	77.68531
501	13.04076	77.68533
502	13.04082	77.68534
503	13.04089	77.68535
504	13.04094	77.68536
505	13.04100	77.68538
506	13.04107	77.68539
507	13.04112	77.68540
508	13.04117	77.68541
509	13.04125	77.68542
510	13.04131	77.68542
511	13.04138	77.68543
512	13.04146	77.68544
513	13.04153	77.68545
514	13.04159	77.68546
515	13.04166	77.68547
516	13.04172	77.68547
517	13.04178	77.68549
518	13.04184	77.68550
519	13.04191	77.68550
520	13.04198	77.68551
521	13.04203	77.68552
522	13.04210	77.68552
523	13.04217	77.68552
524	13.04222	77.68552
525	13.04229	77.68552
526	13.04235	77.68553
527	13.04242	77.68554
528	13.04248	77.68554
529	13.04254	77.68554
530	13.04261	77.68554
531	13.04267	77.68554
532	13.04272	77.68554
533	13.04280	77.68554
534	13.04287	77.68554
535	13.04293	77.68554
536	13.04299	77.68554
537	13.04305	77.68554
538	13.04311	77.68554
539	13.04320	77.68554
540	13.04327	77.68554
541	13.04332	77.68554
542	13.04338	77.68554
543	13.04345	77.68554
544	13.04352	77.68554
545	13.04359	77.68554
546	13.04365	77.68556
547	13.04372	77.68557
548	13.04377	77.68557
549	13.04383	77.68557
550	13.04390	77.68558
551	13.04399	77.68558
552	13.04405	77.68558
553	13.04412	77.68558
554	13.04418	77.68558
555	13.04425	77.68558
556	13.04432	77.68558
557	13.04439	77.68558
558	13.04446	77.68558
559	13.04451	77.68558
560	13.04458	77.68558
561	13.04464	77.68558
562	13.04469	77.68557
563	13.04475	77.68557
564	13.04481	77.68557
565	13.04487	77.68557
566	13.04492	77.68557
567	13.04498	77.68557
568	13.04505	77.68557
569	13.04512	77.68557
570	13.04517	77.68557
571	13.04523	77.68557
572	13.04528	77.68557
573	13.04536	77.68557
574	13.04541	77.68557
575	13.04548	77.68557
576	13.04554	77.68557
577	13.04559	77.68557
578	13.04567	77.68557
579	13.04573	77.68558
580	13.04578	77.68559
581	13.04584	77.68560
582	13.04589	77.68561
583	13.04595	77.68561
584	13.04603	77.68563
585	13.04608	77.68563
586	13.04614	77.68564
587	13.04620	77.68565
588	13.04626	77.68565
589	13.04634	77.68565
590	13.04641	77.68565
591	13.04649	77.68565
592	13.04655	77.68564
593	13.04661	77.68563
594	13.04668	77.68562
595	13.04674	77.68561
596	13.04681	77.68560
597	13.04688	77.68558
598	13.04696	77.68556
599	13.04702	77.68554
600	13.04708	77.68552
601	13.04714	77.68551
602	13.04720	77.68551
603	13.04726	77.68550
604	13.04732	77.68550
605	13.04739	77.68550
606	13.04746	77.68550
607	13.04754	77.68550
608	13.04764	77.68550
609	13.04770	77.68549
610	13.04776	77.68548
611	13.04781	77.68546
612	13.04787	77.68545
613	13.04794	77.68542
614	13.04799	77.68541
615	13.04807	77.68538
616	13.04812	77.68537
617	13.04818	77.68535
618	13.04824	77.68534
619	13.04831	77.68531
620	13.04837	77.68529
621	13.04842	77.68528
622	13.04848	77.68527
623	13.04853	77.68525
624	13.04860	77.68525
625	13.04866	77.68523
626	13.04873	77.68521
627	13.04880	77.68521
628	13.04888	77.68521
629	13.04896	77.68521
630	13.04903	77.68521
631	13.04909	77.68519
632	13.04916	77.68517
633	13.04923	77.68514
634	13.04929	77.68513
635	13.04934	77.68511
636	13.04941	77.68507
637	13.04948	77.68504
638	13.04954	77.68501
639	13.04961	77.68498
640	13.04967	77.68494
641	13.04973	77.68491
642	13.04980	77.68487
643	13.04988	77.68483
644	13.04994	77.68479
645	13.05000	77.68475
646	13.05005	77.68470
647	13.05012	77.68464
648	13.05018	77.68459
649	13.05025	77.68453
650	13.05029	77.68447
651	13.05035	77.68440
652	13.05040	77.68433
653	13.05045	77.68427
654	13.05050	77.68420
655	13.05055	77.68414
656	13.05060	77.68407
657	13.05065	77.68401
658	13.05069	77.68396
659	13.05073	77.68390
660	13.05078	77.68384
661	13.05082	77.68378
662	13.05085	77.68373
663	13.05089	77.68367
664	13.05092	77.68361
665	13.05094	77.68354
666	13.05096	77.68348
667	13.05097	77.68343
668	13.05099	77.68337
669	13.05100	77.68332
670	13.05103	77.68324
671	13.05104	77.68319
672	13.05107	77.68311
673	13.05110	77.68304
674	13.05113	77.68298
675	13.05114	77.68293
676	13.05116	77.68287
677	13.05117	77.68280
678	13.05120	77.68272
679	13.05121	77.68265
680	13.05123	77.68260
681	13.05124	77.68253
682	13.05126	77.68245
683	13.05128	77.68240
684	13.05130	77.68232
685	13.05131	77.68225
686	13.05132	77.68219
687	13.05133	77.68212
688	13.05134	77.68207
689	13.05136	77.68201
690	13.05136	77.68195
691	13.05137	77.68188
692	13.05139	77.68181
693	13.05140	77.68173
694	13.05141	77.68165
695	13.05142	77.68157
696	13.05144	77.68149
697	13.05146	77.68143
698	13.05149	77.68136
699	13.05150	77.68129
700	13.05153	77.68122
701	13.05155	77.68115
702	13.05157	77.68109
703	13.05159	77.68103
704	13.05162	77.68097
705	13.05164	77.68090
706	13.05167	77.68082
707	13.05171	77.68075
708	13.05175	77.68067
709	13.05180	77.68061
710	13.05184	77.68053
711	13.05188	77.68047
712	13.05192	77.68040
713	13.05196	77.68034
714	13.05200	77.68027
715	13.05203	77.68022
716	13.05207	77.68015
717	13.05211	77.68008
718	13.05214	77.68001
719	13.05210	77.67994
720	13.05203	77.67989
721	13.05197	77.67984
722	13.05190	77.67978
723	13.05183	77.67972
724	13.05177	77.67967
725	13.05171	77.67961
726	13.05166	77.67956
727	13.05161	77.67951
728	13.05155	77.67945
729	13.05150	77.67939
730	13.05146	77.67933
731	13.05141	77.67927
732	13.05135	77.67921
733	13.05131	77.67915
734	13.05124	77.67907
735	13.05120	77.67901
736	13.05115	77.67895
737	13.05111	77.67888
738	13.05107	77.67881
739	13.05103	77.67873
740	13.05100	77.67866
741	13.05097	77.67860
742	13.05094	77.67853
743	13.05091	77.67846
744	13.05087	77.67840
745	13.05085	77.67833
746	13.05082	77.67826
747	13.05080	77.67820
748	13.05078	77.67814
749	13.05075	77.67807
750	13.05074	77.67801
751	13.05072	77.67795
752	13.05071	77.67788
753	13.05069	77.67782
754	13.05067	77.67775
755	13.05065	77.67767
756	13.05064	77.67760
757	13.05062	77.67754
758	13.05061	77.67747
759	13.05059	77.67739
760	13.05058	77.67731
761	13.05056	77.67723
762	13.05055	77.67715
763	13.05054	77.67707
764	13.05053	77.67701
765	13.05051	77.67694
766	13.05050	77.67689
767	13.05049	77.67683
768	13.05047	77.67676
769	13.05047	77.67670
770	13.05046	77.67664
771	13.05045	77.67657
772	13.05043	77.67649
773	13.05041	77.67644
774	13.05040	77.67638
775	13.05038	77.67631
776	13.05036	77.67626
777	13.05035	77.67620
778	13.05033	77.67614
779	13.05031	77.67609
780	13.05030	77.67603
781	13.05028	77.67597
782	13.05026	77.67591
783	13.05024	77.67585
784	13.05022	77.67579
785	13.05021	77.67573
786	13.05019	77.67567
787	13.05016	77.67561
788	13.05013	77.67553
789	13.05011	77.67547
790	13.05008	77.67541
791	13.05005	77.67535
792	13.05002	77.67528
793	13.05000	77.67521
794	13.04999	77.67515
795	13.04998	77.67507
796	13.04997	77.67502
797	13.04995	77.67492
798	13.04993	77.67485
799	13.04991	77.67480
800	13.04990	77.67472
801	13.04988	77.67466
802	13.04987	77.67461
803	13.04985	77.67455
804	13.04979	77.67450
805	13.04973	77.67448
806	13.04968	77.67445
807	13.04963	77.67442
808	13.04957	77.67438
809	13.04951	77.67435
810	13.04945	77.67430
811	13.04940	77.67428
812	13.04932	77.67424
813	13.04926	77.67420
814	13.04918	77.67415
815	13.04912	77.67411
816	13.04912	77.67404
817	13.04914	77.67397
818	13.04917	77.67391
819	13.04918	77.67385
820	13.04921	77.67378
821	13.04924	77.67370
822	13.04925	77.67363
823	13.04925	77.67356
824	13.04924	77.67348
825	13.04923	77.67342
826	13.04923	77.67335
827	13.04923	77.67329
828	13.04922	77.67323
829	13.04921	77.67316
830	13.04919	77.67309
831	13.04918	77.67302
832	13.04917	77.67296
833	13.04916	77.67289
834	13.04914	77.67283
835	13.04912	77.67278
836	13.04909	77.67270
837	13.04907	77.67264
838	13.04903	77.67257
839	13.04900	77.67251
840	13.04895	77.67243
841	13.04892	77.67236
842	13.04888	77.67231
843	13.04883	77.67224
844	13.04880	77.67217
845	13.04876	77.67210
846	13.04873	77.67204
847	13.04867	77.67196
848	13.04860	77.67189
849	13.04853	77.67182
850	13.04848	77.67177
851	13.04841	77.67171
852	13.04836	77.67167
853	13.04830	77.67163
854	13.04824	77.67160
855	13.04818	77.67157
856	13.04812	77.67154
857	13.04806	77.67152
858	13.04798	77.67150
859	13.04791	77.67150
860	13.04786	77.67150
861	13.04779	77.67148
862	13.04773	77.67146
863	13.04768	77.67143
864	13.04762	77.67141
865	13.04755	77.67138
866	13.04747	77.67134
867	13.04740	77.67131
868	13.04735	77.67128
869	13.04728	77.67125
870	13.04720	77.67121
871	13.04714	77.67120
872	13.04707	77.67117
873	13.04701	77.67114
874	13.04696	77.67113
875	13.04689	77.67111
876	13.04682	77.67109
877	13.04675	77.67108
878	13.04669	77.67105
879	13.04664	77.67104
880	13.04657	77.67102
881	13.04650	77.67100
882	13.04644	77.67097
883	13.04638	77.67095
884	13.04632	77.67092
885	13.04625	77.67089
886	13.04617	77.67085
887	13.04612	77.67082
888	13.04606	77.67079
889	13.04599	77.67075
890	13.04593	77.67072
891	13.04588	77.67069
892	13.04582	77.67067
893	13.04576	77.67064
894	13.04570	77.67061
895	13.04565	77.67060
896	13.04557	77.67058
897	13.04552	77.67057
898	13.04545	77.67055
899	13.04538	77.67053
900	13.04529	77.67051
901	13.04521	77.67048
902	13.04514	77.67047
903	13.04508	77.67046
904	13.04500	77.67045
905	13.04494	77.67043
906	13.04488	77.67041
907	13.04482	77.67038
908	13.04475	77.67035
909	13.04470	77.67033
910	13.04465	77.67030
911	13.04459	77.67026
912	13.04453	77.67024
913	13.04448	77.67022
914	13.04441	77.67018
915	13.04435	77.67015
916	13.04428	77.67011
917	13.04420	77.67006
918	13.04413	77.67000
919	13.04408	77.66994
920	13.04404	77.66988
921	13.04401	77.66983
922	13.04397	77.66977
923	13.04393	77.66971
924	13.04388	77.66964
925	13.04385	77.66958
926	13.04383	77.66952
927	13.04380	77.66945
928	13.04378	77.66937
929	13.04377	77.66931
930	13.04376	77.66924
931	13.04376	77.66918
932	13.04376	77.66910
933	13.04377	77.66902
934	13.04378	77.66896
935	13.04376	77.66889
936	13.04375	77.66883
937	13.04375	77.66875
938	13.04375	77.66868
939	13.04375	77.66860
940	13.04375	77.66854
941	13.04375	77.66846
942	13.04375	77.66839
943	13.04376	77.66833
944	13.04377	77.66826
945	13.04378	77.66821
946	13.04381	77.66813
947	13.04383	77.66805
948	13.04385	77.66797
949	13.04387	77.66791
950	13.04387	77.66785
951	13.04387	77.66777
952	13.04387	77.66770
953	13.04388	77.66763
954	13.04388	77.66756
955	13.04388	77.66750
956	13.04388	77.66743
957	13.04387	77.66735
958	13.04386	77.66729
959	13.04385	77.66722
960	13.04383	77.66716
961	13.04383	77.66710
962	13.04382	77.66702
963	13.04382	77.66695
964	13.04382	77.66688
965	13.04382	77.66682
966	13.04382	77.66675
967	13.04382	77.66668
968	13.04382	77.66661
969	13.04382	77.66655
970	13.04382	77.66647
971	13.04382	77.66640
972	13.04382	77.66635
973	13.04382	77.66626
974	13.04382	77.66618
975	13.04382	77.66611
976	13.04382	77.66605
977	13.04382	77.66599
978	13.04382	77.66591
979	13.04382	77.66585
980	13.04382	77.66579
981	13.04381	77.66572
982	13.04381	77.66564
983	13.04380	77.66559
984	13.04380	77.66552
985	13.04380	77.66545
986	13.04380	77.66539
987	13.04380	77.66532
988	13.04380	77.66526
989	13.04381	77.66520
990	13.04382	77.66514
991	13.04382	77.66506
992	13.04384	77.66497
993	13.04385	77.66491
994	13.04385	77.66485
995	13.04379	77.66482
996	13.04372	77.66480
997	13.04365	77.66480
998	13.04356	77.66478
999	13.04349	77.66478
1000	13.04343	77.66477
1001	13.04335	77.66477
1002	13.04330	77.66477
1003	13.04324	77.66477
1004	13.04319	77.66477
1005	13.04314	77.66477
1006	13.04309	77.66477
1007	13.04302	77.66477
1008	13.04295	77.66477
1009	13.04287	77.66477
1010	13.04280	77.66478
1011	13.04275	77.66478
1012	13.04269	77.66478
1013	13.04262	77.66478
1014	13.04255	77.66478
1015	13.04245	77.66478
1016	13.04240	77.66478
1017	13.04235	77.66478
1018	13.04229	77.66478
1019	13.04224	77.66478
1020	13.04218	77.66477
1021	13.04211	77.66476
1022	13.04204	77.66476
1023	13.04198	77.66476
1024	13.04192	77.66475
1025	13.04185	77.66473
1026	13.04179	77.66473
1027	13.04172	77.66473
1028	13.04167	77.66473
1029	13.04161	77.66474
1030	13.04154	77.66474
1031	13.04147	77.66473
1032	13.04140	77.66473
1033	13.04135	77.66473
1034	13.04129	77.66473
1035	13.04122	77.66473
1036	13.04116	77.66473
1037	13.04110	77.66473
1038	13.04104	77.66474
1039	13.04098	77.66474
1040	13.04092	77.66475
1041	13.04087	77.66475
1042	13.04079	77.66476
1043	13.04072	77.66477
1044	13.04065	77.66477
1045	13.04058	77.66477
1046	13.04050	77.66478
1047	13.04044	77.66478
1048	13.04038	77.66479
1049	13.04030	77.66479
1050	13.04023	77.66480
1051	13.04017	77.66480
1052	13.04011	77.66481
1053	13.04005	77.66481
1054	13.03998	77.66482
1055	13.03990	77.66482
1056	13.03983	77.66483
1057	13.03976	77.66484
1058	13.03970	77.66485
1059	13.03963	77.66484
1060	13.03957	77.66483
1061	13.03950	77.66481
1062	13.03945	77.66479
1063	13.03938	77.66478
1064	13.03930	77.66478
1065	13.03924	77.66478
1066	13.03916	77.66478
1067	13.03911	77.66477
1068	13.03906	77.66477
1069	13.03898	77.66477
1070	13.03891	77.66477
1071	13.03886	77.66476
1072	13.03879	77.66475
1073	13.03874	77.66474
1074	13.03867	77.66474
1075	13.03861	77.66473
1076	13.03854	77.66473
1077	13.03848	77.66472
1078	13.03843	77.66472
1079	13.03834	77.66472
1080	13.03828	77.66471
1081	13.03821	77.66470
1082	13.03815	77.66470
1083	13.03807	77.66469
1084	13.03799	77.66469
1085	13.03793	77.66469
1086	13.03787	77.66469
1087	13.03781	77.66469
1088	13.03776	77.66469
1089	13.03770	77.66469
1090	13.03763	77.66469
1091	13.03754	77.66469
1092	13.03748	77.66469
1093	13.03740	77.66469
1094	13.03732	77.66469
1095	13.03725	77.66469
1096	13.03718	77.66469
1097	13.03710	77.66469
1098	13.03703	77.66467
1099	13.03697	77.66467
1100	13.03692	77.66466
1101	13.03686	77.66466
1102	13.03677	77.66465
1103	13.03668	77.66465
1104	13.03662	77.66464
1105	13.03656	77.66463
1106	13.03650	77.66463
1107	13.03645	77.66462
1108	13.03639	77.66462
1109	13.03632	77.66462
1110	13.03625	77.66462
1111	13.03619	77.66462
1112	13.03613	77.66461
1113	13.03606	77.66461
1114	13.03600	77.66461
1115	13.03593	77.66460
1116	13.03587	77.66460
1117	13.03581	77.66460
1118	13.03575	77.66460
1119	13.03568	77.66460
1120	13.03563	77.66459
1121	13.03557	77.66459
1122	13.03552	77.66459
1123	13.03545	77.66459
1124	13.03540	77.66459
1125	13.03534	77.66459
1126	13.03526	77.66459
1127	13.03521	77.66458
1128	13.03514	77.66458
1129	13.03507	77.66459
1130	13.03500	77.66459
1131	13.03492	77.66459
1132	13.03485	77.66459
1133	13.03480	77.66459
1134	13.03472	77.66459
1135	13.03467	77.66459
1136	13.03460	77.66459
1137	13.03454	77.66459
1138	13.03446	77.66459
1139	13.03441	77.66459
1140	13.03434	77.66460
1141	13.03426	77.66460
1142	13.03421	77.66460
1143	13.03414	77.66459
1144	13.03406	77.66459
1145	13.03398	77.66458
1146	13.03392	77.66456
1147	13.03385	77.66456
1148	13.03378	77.66456
1149	13.03370	77.66456
1150	13.03363	77.66456
1151	13.03356	77.66456
1152	13.03351	77.66456
1153	13.03346	77.66456
1154	13.03340	77.66457
1155	13.03334	77.66458
1156	13.03327	77.66458
1157	13.03318	77.66460
1158	13.03312	77.66460
1159	13.03304	77.66462
1160	13.03298	77.66462
1161	13.03292	77.66463
1162	13.03287	77.66463
1163	13.03281	77.66463
1164	13.03272	77.66464
1165	13.03267	77.66464
1166	13.03259	77.66465
1167	13.03253	77.66469
1168	13.03247	77.66472
1169	13.03241	77.66475
1170	13.03234	77.66478
1171	13.03229	77.66481
1172	13.03224	77.66485
1173	13.03219	77.66489
1174	13.03211	77.66496
1175	13.03203	77.66502
1176	13.03198	77.66507
1177	13.03191	77.66513
1178	13.03184	77.66517
1179	13.03176	77.66522
1180	13.03170	77.66525
1181	13.03165	77.66529
1182	13.03156	77.66536
1183	13.03149	77.66541
1184	13.03144	77.66545
1185	13.03137	77.66550
1186	13.03131	77.66554
1187	13.03126	77.66559
1188	13.03118	77.66565
1189	13.03111	77.66571
1190	13.03104	77.66577
1191	13.03098	77.66584
1192	13.03095	77.66591
1193	13.03091	77.66597
1194	13.03088	77.66604
1195	13.03083	77.66610
1196	13.03079	77.66615
1197	13.03072	77.66622
1198	13.03067	77.66626
1199	13.03060	77.66631
1200	13.03053	77.66636
1201	13.03046	77.66640
1202	13.03039	77.66644
1203	13.03031	77.66648
1204	13.03024	77.66651
1205	13.03018	77.66654
1206	13.03012	77.66656
1207	13.03005	77.66660
1208	13.02999	77.66663
1209	13.02994	77.66665
1210	13.02987	77.66668
1211	13.02981	77.66671
1212	13.02975	77.66674
1213	13.02967	77.66678
1214	13.02961	77.66680
1215	13.02956	77.66683
1216	13.02950	77.66684
1217	13.02945	77.66687
1218	13.02939	77.66690
1219	13.02934	77.66693
1220	13.02927	77.66697
1221	13.02919	77.66700
1222	13.02914	77.66702
1223	13.02906	77.66705
1224	13.02900	77.66707
1225	13.02893	77.66709
1226	13.02887	77.66712
1227	13.02882	77.66714
1228	13.02875	77.66716
1229	13.02869	77.66718
1230	13.02863	77.66721
1231	13.02856	77.66726
1232	13.02849	77.66729
1233	13.02844	77.66732
1234	13.02837	77.66736
1235	13.02828	77.66741
1236	13.02820	77.66746
1237	13.02814	77.66752
1238	13.02808	77.66757
1239	13.02803	77.66761
1240	13.02796	77.66767
1241	13.02788	77.66773
1242	13.02782	77.66781
1243	13.02777	77.66787
1244	13.02772	77.66793
1245	13.02766	77.66800
1246	13.02759	77.66807
1247	13.02754	77.66811
1248	13.02747	77.66817
1249	13.02741	77.66823
1250	13.02734	77.66829
1251	13.02728	77.66833
1252	13.02721	77.66839
1253	13.02715	77.66843
1254	13.02708	77.66849
1255	13.02702	77.66854
1256	13.02694	77.66860
1257	13.02688	77.66864
1258	13.02683	77.66867
1259	13.02677	77.66869
1260	13.02671	77.66874
1261	13.02664	77.66877
1262	13.02658	77.66882
1263	13.02651	77.66886
1264	13.02643	77.66893
1265	13.02638	77.66898
1266	13.02631	77.66903
1267	13.02625	77.66907
1268	13.02618	77.66913
1269	13.02612	77.66919
1270	13.02606	77.66923
1271	13.02599	77.66929
1272	13.02593	77.66933
1273	13.02587	77.66938
1274	13.02581	77.66944
1275	13.02575	77.66952
1276	13.02570	77.66959
1277	13.02564	77.66966
1278	13.02558	77.66973
1279	13.02552	77.66978
1280	13.02545	77.66985
1281	13.02540	77.66989
1282	13.02534	77.66993
1283	13.02526	77.66999
1284	13.02521	77.67003
1285	13.02513	77.67009
1286	13.02508	77.67014
1287	13.02501	77.67019
1288	13.02495	77.67024
1289	13.02488	77.67030
1290	13.02481	77.67035
1291	13.02474	77.67040
1292	13.02469	77.67045
1293	13.02463	77.67050
1294	13.02457	77.67054
1295	13.02452	77.67058
1296	13.02445	77.67065
1297	13.02438	77.67071
1298	13.02432	77.67077
1299	13.02428	77.67083
1300	13.02422	77.67088
1301	13.02418	77.67094
1302	13.02411	77.67100
1303	13.02405	77.67105
1304	13.02400	77.67109
1305	13.02392	77.67116
1306	13.02387	77.67120
1307	13.02381	77.67126
1308	13.02376	77.67131
1309	13.02371	77.67135
1310	13.02365	77.67140
1311	13.02358	77.67147
1312	13.02351	77.67152
1313	13.02344	77.67157
1314	13.02338	77.67160
1315	13.02333	77.67163
1316	13.02326	77.67167
1317	13.02321	77.67169
1318	13.02314	77.67174
1319	13.02309	77.67180
1320	13.02303	77.67186
1321	13.02297	77.67191
1322	13.02291	77.67194
1323	13.02283	77.67201
1324	13.02277	77.67205
1325	13.02271	77.67209
1326	13.02264	77.67214
1327	13.02259	77.67217
1328	13.02253	77.67222
1329	13.02245	77.67227
1330	13.02238	77.67231
1331	13.02230	77.67237
1332	13.02223	77.67243
1333	13.02217	77.67247
1334	13.02211	77.67252
1335	13.02206	77.67257
1336	13.02198	77.67263
1337	13.02190	77.67270
1338	13.02182	77.67276
1339	13.02176	77.67281
1340	13.02169	77.67287
1341	13.02163	77.67292
1342	13.02157	77.67298
1343	13.02151	77.67304
1344	13.02147	77.67310
1345	13.02141	77.67316
1346	13.02137	77.67322
1347	13.02131	77.67329
1348	13.02125	77.67337
1349	13.02119	77.67344
1350	13.02116	77.67350
1351	13.02111	77.67355
1352	13.02107	77.67361
1353	13.02103	77.67366
1354	13.02098	77.67370
1355	13.02092	77.67378
1356	13.02087	77.67385
1357	13.02092	77.67389
1358	13.02097	77.67396
1359	13.02095	77.67404
1360	13.02095	77.67410
1361	13.02094	77.67417
1362	13.02094	77.67425
1363	13.02094	77.67432
1364	13.02094	77.67438
1365	13.02093	77.67444
1366	13.02092	77.67450
1367	13.02092	77.67456
1368	13.02091	77.67462
1369	13.02090	77.67468
1370	13.02090	77.67474
1371	13.02089	77.67481
1372	13.02088	77.67488
1373	13.02087	77.67494
1374	13.02086	77.67500
1375	13.02086	77.67508
1376	13.02085	77.67516
1377	13.02084	77.67522
1378	13.02083	77.67528
1379	13.02082	77.67534
1380	13.02081	77.67542
1381	13.02080	77.67550
1382	13.02080	77.67557
1383	13.02079	77.67564
1384	13.02078	77.67569
1385	13.02078	77.67576
1386	13.02076	77.67583
1387	13.02076	77.67590
1388	13.02075	77.67598
1389	13.02074	77.67605
1390	13.02074	77.67611
1391	13.02072	77.67618
1392	13.02072	77.67624
1393	13.02071	77.67630
1394	13.02070	77.67635
1395	13.02070	77.67643
1396	13.02070	77.67648
1397	13.02061	77.67653
1398	13.02054	77.67654
1399	13.02048	77.67654
1400	13.02040	77.67655
1401	13.02033	77.67655
1402	13.02027	77.67656
1403	13.02020	77.67656
1404	13.02014	77.67656
1405	13.02007	77.67657
1406	13.01999	77.67658
1407	13.01990	77.67658
1408	13.01982	77.67658
1409	13.01974	77.67659
1410	13.01967	77.67660
1411	13.01960	77.67661
1412	13.01955	77.67661
1413	13.01949	77.67661
1414	13.01941	77.67661
1415	13.01936	77.67661
1416	13.01928	77.67661
1417	13.01922	77.67662
1418	13.01916	77.67663
1419	13.01911	77.67656
1420	13.01909	77.67649
1421	13.01908	77.67642
1422	13.01907	77.67635
1423	13.01904	77.67630
1424	13.01902	77.67625
1425	13.01899	77.67619
1426	13.01896	77.67613
1427	13.01893	77.67606
1428	13.01888	77.67600
1429	13.01885	77.67595
1430	13.01879	77.67588
1431	13.01872	77.67580
1432	13.01867	77.67574
1433	13.01861	77.67567
1434	13.01860	77.67574
1435	13.01858	77.67580
1436	13.01856	77.67586
1437	13.01853	77.67591
1438	13.01849	77.67598
1439	13.01844	77.67606
1440	13.01841	77.67613
1441	13.01838	77.67619
1442	13.01835	77.67625
1443	13.01832	77.67631
1444	13.01828	77.67638
1445	13.01825	77.67645
1446	13.01822	77.67650
1447	13.01819	77.67656
1448	13.01816	77.67662
1449	13.01813	77.67668
1450	13.01810	77.67673
1451	13.01807	77.67679
1452	13.01804	77.67685
1453	13.01802	77.67690
1454	13.01799	77.67697
1455	13.01796	77.67702
1456	13.01794	77.67709
1457	13.01791	77.67716
1458	13.01786	77.67724
1459	13.01783	77.67730
1460	13.01776	77.67730
1461	13.01771	77.67727
1462	13.01765	77.67724
1463	13.01759	77.67721
1464	13.01754	77.67718
1465	13.01748	77.67715
1466	13.01742	77.67712
1467	13.01735	77.67711
1468	13.01729	77.67708
1469	13.01723	77.67706
1470	13.01716	77.67704
1471	13.01711	77.67700
1472	13.01703	77.67698
1473	13.01696	77.67695
1474	13.01690	77.67692
1475	13.01683	77.67690
1476	13.01678	77.67689
1477	13.01672	77.67686
1478	13.01664	77.67684
1479	13.01658	77.67683
1480	13.01652	77.67683
1481	13.01647	77.67684
1482	13.01641	77.67684
1483	13.01634	77.67684
1484	13.01626	77.67683
1485	13.01621	77.67681
1486	13.01614	77.67680
1487	13.01608	77.67678
1488	13.01603	77.67676
1489	13.01595	77.67675
1490	13.01587	77.67672
1491	13.01582	77.67675
1492	13.01580	77.67681
1493	13.01580	77.67687
1494	13.01578	77.67693
1495	13.01576	77.67699
1496	13.01570	77.67702
1497	13.01562	77.67700
1498	13.01555	77.67698
1499	13.01550	77.67697
1500	13.01543	77.67694
1501	13.01538	77.67693
1502	13.01532	77.67693
1503	13.01525	77.67692
1504	13.01519	77.67691
1505	13.01511	77.67690
1506	13.01504	77.67689
1507	13.01498	77.67689
1508	13.01491	77.67688
1509	13.01485	77.67687
1510	13.01479	77.67686
1511	13.01471	77.67685
1512	13.01462	77.67683
1513	13.01456	77.67681
1514	13.01450	77.67680
1515	13.01443	77.67679
1516	13.01435	77.67678
1517	13.01428	77.67677
1518	13.01420	77.67675
1519	13.01411	77.67674
1520	13.01404	77.67672
1521	13.01398	77.67670
1522	13.01397	77.67662
1523	13.01399	77.67656
1524	13.01400	77.67650
1525	13.01403	77.67644
1526	13.01405	77.67636
1527	13.01406	77.67630
1528	13.01407	77.67624
1529	13.01401	77.67618
1530	13.01394	77.67616
1531	13.01389	77.67615
1532	13.01381	77.67613
1533	13.01374	77.67611
1534	13.01368	77.67610
1535	13.01362	77.67610
1536	13.01355	77.67609
1537	13.01348	77.67608
1538	13.01343	77.67606
1539	13.01341	77.67612
1540	13.01340	77.67618
1541	13.01338	77.67625
1542	13.01334	77.67631
1543	13.01330	77.67636
1544	13.01327	77.67642
1545	13.01324	77.67648
1546	13.01320	77.67655
1547	13.01317	77.67661
1548	13.01314	77.67667
1549	13.01311	77.67673
1550	13.01309	77.67679
1551	13.01307	77.67685
1552	13.01306	77.67692
1553	13.01303	77.67699
1554	13.01302	77.67704
1555	13.01299	77.67709
1556	13.01296	77.67716
1557	13.01293	77.67722
1558	13.01289	77.67730
1559	13.01286	77.67737
1560	13.01281	77.67743
1561	13.01278	77.67750
1562	13.01276	77.67755
1563	13.01272	77.67762
1564	13.01269	77.67768
1565	13.01266	77.67774
1566	13.01264	77.67780
1567	13.01261	77.67787
1568	13.01259	77.67795
1569	13.01256	77.67803
1570	13.01254	77.67809
1571	13.01251	77.67815
1572	13.01249	77.67822
1573	13.01246	77.67829
1574	13.01243	77.67837
1575	13.01242	77.67844
1576	13.01241	77.67849
1577	13.01238	77.67856
1578	13.01237	77.67862
1579	13.01235	77.67870
1580	13.01233	77.67875
1581	13.01232	77.67881
1582	13.01230	77.67888
1583	13.01228	77.67893
1584	13.01227	77.67899
1585	13.01225	77.67904
1586	13.01223	77.67911
1587	13.01221	77.67917
1588	13.01216	77.67917
1589	13.01209	77.67911
1590	13.01202	77.67906
1591	13.01194	77.67900
1592	13.01188	77.67895
1593	13.01183	77.67891
1594	13.01178	77.67887
1595	13.01172	77.67882
1596	13.01168	77.67877
1597	13.01162	77.67870
1598	13.01157	77.67865
1599	13.01151	77.67860
1600	13.01146	77.67856
1601	13.01139	77.67849
1602	13.01134	77.67842
1603	13.01129	77.67836
1604	13.01125	77.67830
1605	13.01121	77.67825
1606	13.01114	77.67818
1607	13.01108	77.67815
1608	13.01101	77.67812
1609	13.01096	77.67809
1610	13.01089	77.67806
1611	13.01082	77.67803
1612	13.01076	77.67799
1613	13.01070	77.67796
1614	13.01062	77.67792
1615	13.01056	77.67790
1616	13.01049	77.67786
1617	13.01043	77.67783
1618	13.01036	77.67782
1619	13.01029	77.67779
1620	13.01023	77.67778
1621	13.01017	77.67777
1622	13.01012	77.67775
1623	13.01010	77.67783
1624	13.01010	77.67790
1625	13.01010	77.67797
1626	13.01010	77.67802
1627	13.01010	77.67808
1628	13.01011	77.67814
1629	13.01013	77.67820
1630	13.01014	77.67826
1631	13.01016	77.67832
1632	13.01017	77.67837
1633	13.01017	77.67843
1634	13.01018	77.67849
1635	13.01019	77.67855
1636	13.01019	77.67861
1637	13.01021	77.67866
1638	13.01023	77.67873
1639	13.01025	77.67879
1640	13.01027	77.67886
1641	13.01029	77.67892
1642	13.01029	77.67898
1643	13.01029	77.67903
1644	13.01029	77.67909
1645	13.01030	77.67915
1646	13.01030	77.67920
1647	13.01030	77.67927
1648	13.01032	77.67933
1649	13.01033	77.67939
1650	13.01034	77.67945
1651	13.01034	77.67951
1652	13.01034	77.67958
1653	13.01034	77.67963
1654	13.01034	77.67970
1655	13.01033	77.67976
1656	13.01033	77.67983
1657	13.01031	77.67990
1658	13.01031	77.67996
1659	13.01031	77.68003
1660	13.01031	77.68011
1661	13.01030	77.68018
1662	13.01029	77.68024
1663	13.01029	77.68031
1664	13.01028	77.68038
1665	13.01027	77.68045
1666	13.01026	77.68052
1667	13.01025	77.68058
1668	13.01024	77.68065
1669	13.01023	77.68073
1670	13.01020	77.68078
1671	13.01019	77.68084
1672	13.01017	77.68089
1673	13.01014	77.68094
1674	13.01013	77.68101
1675	13.01010	77.68108
1676	13.01006	77.68115
1677	13.01003	77.68122
1678	13.00999	77.68129
1679	13.00996	77.68134
1680	13.00991	77.68143
1681	13.00987	77.68149
1682	13.00982	77.68156
1683	13.00979	77.68161
1684	13.00977	77.68167
1685	13.00972	77.68173
1686	13.00965	77.68180
1687	13.00972	77.68182
1688	13.00977	77.68184
1689	13.00981	77.68191
1690	13.00981	77.68198
1691	13.00981	77.68206
1692	13.00981	77.68213
1693	13.00980	77.68220
1694	13.00979	77.68226
1695	13.00978	77.68233
1696	13.00978	77.68239
1697	13.00977	77.68247
1698	13.00977	77.68255
1699	13.00977	77.68262
1700	13.00977	77.68269
1701	13.00976	77.68276
1702	13.00975	77.68284
1703	13.00973	77.68290
1704	13.00973	77.68295
1705	13.00972	77.68303
1706	13.00971	77.68309
1707	13.00971	77.68317
1708	13.00972	77.68323
1709	13.00975	77.68330
1710	13.00980	77.68337
1711	13.00987	77.68344
1712	13.00993	77.68351
1713	13.00998	77.68357
1714	13.01002	77.68363
1715	13.01008	77.68368
1716	13.01015	77.68372
1717	13.01020	77.68374
1718	13.01025	77.68376
1719	13.01031	77.68378
1720	13.01038	77.68379
1721	13.01043	77.68380
1722	13.01049	77.68381
1723	13.01055	77.68382
1724	13.01060	77.68383
1725	13.01067	77.68383
1726	13.01073	77.68385
1727	13.01081	77.68385
1728	13.01088	77.68386
1729	13.01094	77.68387
1730	13.01100	77.68388
1731	13.01106	77.68388
1732	13.01113	77.68388
1733	13.01120	77.68388
1734	13.01126	77.68389
1735	13.01134	77.68389
1736	13.01141	77.68389
1737	13.01147	77.68389
1738	13.01153	77.68388
1739	13.01158	77.68387
1740	13.01163	77.68387
1741	13.01169	77.68387
1742	13.01175	77.68386
1743	13.01181	77.68386
1744	13.01187	77.68387
1745	13.01192	77.68387
1746	13.01200	77.68387
1747	13.01205	77.68387
1748	13.01211	77.68387
1749	13.01217	77.68387
1750	13.01223	77.68387
1751	13.01229	77.68387
1752	13.01234	77.68387
1753	13.01240	77.68387
1754	13.01246	77.68387
1755	13.01253	77.68387
1756	13.01260	77.68387
1757	13.01267	77.68387
1758	13.01273	77.68387
1759	13.01280	77.68387
1760	13.01285	77.68390
1761	13.01285	77.68396
1762	13.01284	77.68403
1763	13.01283	77.68408
1764	13.01283	77.68416
1765	13.01283	77.68422
1766	13.01283	77.68427
1767	13.01283	77.68434
1768	13.01283	77.68439
1769	13.01283	77.68447
1770	13.01283	77.68453
1771	13.01282	77.68462
1772	13.01282	77.68469
1773	13.01282	77.68476
1774	13.01283	77.68482
1775	13.01284	77.68487
1776	13.01285	77.68493
1777	13.01286	77.68500
1778	13.01288	77.68505
1779	13.01289	77.68511
1780	13.01291	77.68516
1781	13.01292	77.68522
1782	13.01294	77.68529
1783	13.01295	77.68534
1784	13.01297	77.68541
1785	13.01299	77.68546
1786	13.01300	77.68551
1787	13.01301	77.68557
1788	13.01304	77.68564
1789	13.01305	77.68570
1790	13.01309	77.68578
1791	13.01312	77.68585
1792	13.01318	77.68592
1793	13.01322	77.68597
1794	13.01329	77.68603
1795	13.01336	77.68609
1796	13.01342	77.68614
1797	13.01348	77.68619
1798	13.01354	77.68624
1799	13.01361	77.68628
1800	13.01366	77.68631
1801	13.01373	77.68635
1802	13.01378	77.68638
1803	13.01384	77.68642
1804	13.01391	77.68645
1805	13.01397	77.68648
1806	13.01402	77.68651
1807	13.01407	77.68653
1808	13.01414	77.68655
1809	13.01420	77.68658
1810	13.01425	77.68660
1811	13.01431	77.68663
1812	13.01437	77.68667
1813	13.01443	77.68670
1814	13.01449	77.68671
1815	13.01455	77.68673
1816	13.01461	77.68674
1817	13.01467	77.68675
1818	13.01473	77.68676
1819	13.01481	77.68678
1820	13.01487	77.68679
1821	13.01492	77.68679
1822	13.01499	77.68679
1823	13.01505	77.68679
1824	13.01511	77.68679
1825	13.01517	77.68679
1826	13.01524	77.68678
1827	13.01530	77.68680
1828	13.01528	77.68687
1829	13.01527	77.68692
1830	13.01526	77.68699
1831	13.01526	77.68704
1832	13.01524	77.68711
1833	13.01523	77.68716
1834	13.01521	77.68722
1835	13.01527	77.68726
1836	13.01532	77.68726
1837	13.01541	77.68727
1838	13.01546	77.68728
1839	13.01553	77.68729
1840	13.01561	77.68730
1841	13.01568	77.68731
1842	13.01575	77.68732
1843	13.01581	77.68733
1844	13.01587	77.68733
1845	13.01591	77.68739
1846	13.01591	77.68746
1847	13.01590	77.68753
1848	13.01589	77.68759
1849	13.01588	77.68766
1850	13.01587	77.68772
1851	13.01587	77.68778
1852	13.01587	77.68785
1853	13.01587	77.68792
1854	13.01587	77.68800
1855	13.01587	77.68807
1856	13.01587	77.68814
1857	13.01587	77.68820
1858	13.01587	77.68827
1859	13.01587	77.68836
1860	13.01587	77.68843
1861	13.01587	77.68849
1862	13.01587	77.68856
1863	13.01586	77.68861
1864	13.01585	77.68868
1865	13.01584	77.68876
1866	13.01584	77.68883
1867	13.01583	77.68890
1868	13.01582	77.68896
1869	13.01581	77.68902
1870	13.01581	77.68909
1871	13.01580	77.68916
1872	13.01579	77.68923
1873	13.01579	77.68931
1874	13.01579	77.68937
1875	13.01582	77.68945
1876	13.01583	77.68950
1877	13.01585	77.68956
1878	13.01591	77.68958
1879	13.01597	77.68958
1880	13.01604	77.68959
1881	13.01609	77.68959
1882	13.01616	77.68960
1883	13.01624	77.68961
1884	13.01630	77.68961
1885	13.01635	77.68961
1886	13.01642	77.68961
1887	13.01647	77.68961
1888	13.01652	77.68961
1889	13.01659	77.68962
1890	13.01665	77.68963
1891	13.01671	77.68963
1892	13.01677	77.68963
1893	13.01683	77.68964
1894	13.01689	77.68964
1895	13.01696	77.68964
1896	13.01703	77.68964
1897	13.01709	77.68964
1898	13.01712	77.68970
1899	13.01712	77.68977
1900	13.01714	77.68982
1901	13.01714	77.68991
1902	13.01714	77.68997
1903	13.01714	77.69006
1904	13.01714	77.69014
1905	13.01714	77.69020
1906	13.01714	77.69028
1907	13.01714	77.69034
1908	13.01715	77.69041
1909	13.01717	77.69047
1910	13.01724	77.69047
1911	13.01731	77.69047
1912	13.01738	77.69047
1913	13.01746	77.69047
1914	13.01753	77.69047
1915	13.01759	77.69046
1916	13.01767	77.69045
1917	13.01774	77.69045
1918	13.01779	77.69045
1919	13.01786	77.69045
1920	13.01791	77.69045
1921	13.01799	77.69045
1922	13.01806	77.69045
1923	13.01814	77.69045
1924	13.01816	77.69051
1925	13.01817	77.69058
1926	13.01818	77.69066
1927	13.01819	77.69071
1928	13.01819	77.69080
1929	13.01820	77.69086
1930	13.01820	77.69092
1931	13.01820	77.69099
1932	13.01820	77.69107
1933	13.01820	77.69115
1934	13.01820	77.69122
1935	13.01820	77.69128
1936	13.01820	77.69133
1937	13.01820	77.69141
1938	13.01820	77.69147
1939	13.01820	77.69154
1940	13.01820	77.69162
1941	13.01820	77.69170
1942	13.01820	77.69177
1943	13.01820	77.69184
1944	13.01820	77.69194
1945	13.01826	77.69198
1946	13.01832	77.69197
1947	13.01838	77.69197
1948	13.01844	77.69197
1949	13.01850	77.69197
1950	13.01858	77.69197
1951	13.01867	77.69197
1952	13.01875	77.69197
1953	13.01881	77.69197
1954	13.01887	77.69197
1955	13.01896	77.69197
1956	13.01901	77.69197
1957	13.01908	77.69197
1958	13.01917	77.69197
1959	13.01922	77.69197
1960	13.01930	77.69197
1961	13.01937	77.69197
1962	13.01943	77.69197
1963	13.01950	77.69197
1964	13.01958	77.69197
1965	13.01960	77.69191
1966	13.01966	77.69188
1967	13.01972	77.69190
1968	13.01979	77.69192
1969	13.01986	77.69193
1970	13.01993	77.69193
1971	13.01998	77.69193
1972	13.02005	77.69194
1973	13.02010	77.69194
1974	13.02017	77.69194
1975	13.02022	77.69194
1976	13.02029	77.69194
1977	13.02035	77.69194
1978	13.02041	77.69194
1979	13.02049	77.69194
1980	13.02057	77.69196
1981	13.02064	77.69196
1982	13.02070	77.69197
1983	13.02076	77.69198
1984	13.02084	77.69198
1985	13.02091	77.69198
1986	13.02097	77.69198
1987	13.02103	77.69198
1988	13.02107	77.69205
1989	13.02107	77.69212
1990	13.02107	77.69219
1991	13.02107	77.69226
1992	13.02107	77.69234
1993	13.02106	77.69241
1994	13.02106	77.69247
1995	13.02106	77.69254
1996	13.02107	77.69261
1997	13.02107	77.69267
1998	13.02107	77.69274
1999	13.02108	77.69280
2000	13.02108	77.69288
2001	13.02108	77.69295
2002	13.02108	77.69303
2003	13.02109	77.69309
2004	13.02109	77.69315
2005	13.02116	77.69316
2006	13.02122	77.69317
2007	13.02128	77.69317
2008	13.02135	77.69319
2009	13.02143	77.69319
2010	13.02149	77.69320
2011	13.02155	77.69321
2012	13.02162	77.69321
2013	13.02169	77.69322
2014	13.02175	77.69322
2015	13.02182	77.69322
2016	13.02188	77.69321
2017	13.02194	77.69320
2018	13.02200	77.69320
2019	13.02207	77.69319
2020	13.02213	77.69319
2021	13.02219	77.69317
2022	13.02225	77.69317
2023	13.02232	77.69316
2024	13.02238	77.69315
2025	13.02245	77.69314
2026	13.02251	77.69314
2027	13.02258	77.69313
2028	13.02264	77.69313
2029	13.02270	77.69314
2030	13.02272	77.69320
2031	13.02272	77.69325
2032	13.02273	77.69331
2033	13.02274	77.69337
2034	13.02275	77.69344
2035	13.02275	77.69350
2036	13.02276	77.69356
2037	13.02276	77.69363
2038	13.02277	77.69369
2039	13.02278	77.69375
2040	13.02278	77.69382
2041	13.02278	77.69388
2042	13.02279	77.69397
2043	13.02276	77.69404
2044	13.02274	77.69410
2045	13.02272	77.69417
2046	13.02270	77.69425
2047	13.02268	77.69431
2048	13.02266	77.69436
2049	13.02264	77.69442
2050	13.02261	77.69449
2051	13.02260	77.69454
2052	13.02261	77.69460
2053	13.02261	77.69467
2054	13.02261	77.69473
2055	13.02261	77.69480
2056	13.02261	77.69487
2057	13.02260	77.69493
2058	13.02260	77.69500
2059	13.02260	77.69506
2060	13.02260	77.69512
2061	13.02260	77.69518
2062	13.02260	77.69526
2063	13.02269	77.69530
2064	13.02275	77.69530
2065	13.02282	77.69530
2066	13.02288	77.69530
2067	13.02294	77.69530
2068	13.02301	77.69530
2069	13.02306	77.69532
2070	13.02312	77.69532
2071	13.02319	77.69532
2072	13.02324	77.69533
2073	13.02330	77.69533
2074	13.02336	77.69533
2075	13.02343	77.69533
2076	13.02349	77.69533
2077	13.02355	77.69533
2078	13.02361	77.69532
2079	13.02368	77.69530
2080	13.02373	77.69529
2081	13.02379	77.69528
2082	13.02385	77.69528
2083	13.02391	77.69528
2084	13.02397	77.69528
2085	13.02403	77.69529
2086	13.02408	77.69530
2087	13.02414	77.69530
2088	13.02420	77.69532
2089	13.02427	77.69533
2090	13.02432	77.69534
2091	13.02438	77.69534
2092	13.02445	77.69534
2093	13.02451	77.69534
2094	13.02457	77.69534
2095	13.02465	77.69534
2096	13.02472	77.69534
2097	13.02478	77.69534
2098	13.02484	77.69533
2099	13.02490	77.69533
2100	13.02495	77.69532
2101	13.02502	77.69532
2102	13.02508	77.69532
2103	13.02514	77.69532
2104	13.02521	77.69532
2105	13.02527	77.69533
2106	13.02532	77.69534
2107	13.02542	77.69537
2108	13.02547	77.69539
2109	13.02552	77.69540
2110	13.02557	77.69542
2111	13.02568	77.69544
2112	13.02577	77.69547
2113	13.02584	77.69547
