Rank	Latitude	Longitude
1	13.08110	77.64972
2	13.08102	77.64972
3	13.08096	77.64973
4	13.08091	77.64974
5	13.08086	77.64975
6	13.08077	77.64975
7	13.08072	77.64977
8	13.08065	77.64979
9	13.08057	77.64980
10	13.08051	77.64981
11	13.08045	77.64982
12	13.08037	77.64984
13	13.08031	77.64986
14	13.08025	77.64987
15	13.08020	77.64987
16	13.08010	77.64990
17	13.08004	77.64990
18	13.07996	77.64992
19	13.07990	77.64993
20	13.07984	77.64993
21	13.07979	77.64994
22	13.07972	77.64995
23	13.07966	77.64996
24	13.07960	77.64997
25	13.07953	77.64998
26	13.07946	77.65001
27	13.07939	77.65003
28	13.07933	77.65004
29	13.07927	77.65006
30	13.07921	77.65008
31	13.07913	77.65010
32	13.07907	77.65012
33	13.07900	77.65013
34	13.07894	77.65015
35	13.07889	77.65018
36	13.07883	77.65021
37	13.07877	77.65024
38	13.07869	77.65027
39	13.07863	77.65030
40	13.07854	77.65032
41	13.07847	77.65035
42	13.07840	77.65037
43	13.07834	77.65039
44	13.07829	77.65040
45	13.07823	77.65042
46	13.07816	77.65044
47	13.07810	77.65046
48	13.07802	77.65049
49	13.07796	77.65051
50	13.07788	77.65053
51	13.07782	77.65054
52	13.07777	77.65055
53	13.07772	77.65056
54	13.07766	77.65057
55	13.07759	77.65058
56	13.07752	77.65059
57	13.07747	77.65060
58	13.07741	77.65061
59	13.07736	77.65061
60	13.07729	77.65063
61	13.07723	77.65063
62	13.07715	77.65064
63	13.07709	77.65066
64	13.07704	77.65066
65	13.07698	77.65067
66	13.07691	77.65067
67	13.07684	77.65069
68	13.07677	77.65071
69	13.07671	77.65072
70	13.07664	77.65073
71	13.07658	77.65074
72	13.07652	77.65076
73	13.07644	77.65078
74	13.07636	77.65080
75	13.07628	77.65082
76	13.07623	77.65083
77	13.07616	77.65086
78	13.07610	77.65089
79	13.07604	77.65092
80	13.07599	77.65095
81	13.07594	77.65098
82	13.07588	77.65101
83	13.07583	77.65104
84	13.07576	77.65106
85	13.07571	77.65107
86	13.07566	77.65110
87	13.07559	77.65112
88	13.07553	77.65115
89	13.07547	77.65118
90	13.07539	77.65120
91	13.07533	77.65123
92	13.07526	77.65126
93	13.07521	77.65128
94	13.07516	77.65129
95	13.07509	77.65132
96	13.07504	77.65134
97	13.07498	77.65137
98	13.07493	77.65140
99	13.07487	77.65143
100	13.07482	77.65145
101	13.07476	77.65150
102	13.07472	77.65155
103	13.07466	77.65160
104	13.07459	77.65164
105	13.07453	77.65169
106	13.07445	77.65175
107	13.07438	77.65178
108	13.07430	77.65181
109	13.07422	77.65183
110	13.07415	77.65185
111	13.07408	77.65186
112	13.07402	77.65187
113	13.07396	77.65187
114	13.07390	77.65188
115	13.07384	77.65188
116	13.07379	77.65189
117	13.07373	77.65190
118	13.07367	77.65191
119	13.07361	77.65191
120	13.07354	77.65189
121	13.07348	77.65186
122	13.07341	77.65181
123	13.07336	77.65178
124	13.07331	77.65177
125	13.07325	77.65174
126	13.07319	77.65173
127	13.07310	77.65171
128	13.07304	77.65170
129	13.07299	77.65170
130	13.07293	77.65169
131	13.07286	77.65167
132	13.07280	77.65166
133	13.07273	77.65165
134	13.07267	77.65164
135	13.07261	77.65164
136	13.07256	77.65163
137	13.07251	77.65162
138	13.07245	77.65162
139	13.07239	77.65160
140	13.07233	77.65160
141	13.07226	77.65159
142	13.07220	77.65158
143	13.07213	77.65156
144	13.07207	77.65154
145	13.07201	77.65153
146	13.07194	77.65152
147	13.07187	77.65151
148	13.07180	77.65150
149	13.07174	77.65150
150	13.07168	77.65149
151	13.07162	77.65148
152	13.07156	77.65147
153	13.07149	77.65147
154	13.07142	77.65146
155	13.07135	77.65146
156	13.07128	77.65145
157	13.07120	77.65144
158	13.07113	77.65144
159	13.07106	77.65145
160	13.07099	77.65147
161	13.07092	77.65148
162	13.07086	77.65149
163	13.07079	77.65150
164	13.07071	77.65151
165	13.07062	77.65153
166	13.07056	77.65153
167	13.07049	77.65155
168	13.07040	77.65156
169	13.07032	77.65156
170	13.07026	77.65156
171	13.07020	77.65156
172	13.07015	77.65156
173	13.07007	77.65157
174	13.07000	77.65157
175	13.06995	77.65157
176	13.06988	77.65158
177	13.06983	77.65158
178	13.06977	77.65159
179	13.06969	77.65160
180	13.06960	77.65162
181	13.06955	77.65163
182	13.06946	77.65164
183	13.06939	77.65166
184	13.06934	77.65166
185	13.06927	77.65167
186	13.06919	77.65170
187	13.06913	77.65172
188	13.06906	77.65172
189	13.06898	77.65175
190	13.06891	77.65176
191	13.06885	77.65176
192	13.06878	77.65176
193	13.06871	77.65175
194	13.06865	77.65177
195	13.06857	77.65179
196	13.06851	77.65181
197	13.06843	77.65183
198	13.06836	77.65185
199	13.06830	77.65187
200	13.06822	77.65187
201	13.06814	77.65188
202	13.06808	77.65189
203	13.06799	77.65191
204	13.06794	77.65191
205	13.06788	77.65192
206	13.06781	77.65193
207	13.06773	77.65194
208	13.06767	77.65194
209	13.06761	77.65194
210	13.06754	77.65194
211	13.06747	77.65194
212	13.06740	77.65194
213	13.06734	77.65194
214	13.06726	77.65194
215	13.06718	77.65194
216	13.06710	77.65194
217	13.06703	77.65194
218	13.06696	77.65194
219	13.06688	77.65196
220	13.06681	77.65196
221	13.06672	77.65198
222	13.06666	77.65199
223	13.06660	77.65200
224	13.06654	77.65201
225	13.06647	77.65201
226	13.06641	77.65201
227	13.06635	77.65201
228	13.06628	77.65203
229	13.06622	77.65204
230	13.06614	77.65205
231	13.06606	77.65206
232	13.06599	77.65207
233	13.06592	77.65207
234	13.06586	77.65207
235	13.06581	77.65207
236	13.06572	77.65208
237	13.06566	77.65209
238	13.06560	77.65210
239	13.06555	77.65211
240	13.06547	77.65214
241	13.06541	77.65215
242	13.06533	77.65217
243	13.06528	77.65218
244	13.06519	77.65219
245	13.06513	77.65220
246	13.06508	77.65220
247	13.06500	77.65222
248	13.06494	77.65222
249	13.06489	77.65222
250	13.06483	77.65222
251	13.06475	77.65222
252	13.06470	77.65222
253	13.06463	77.65222
254	13.06458	77.65222
255	13.06452	77.65223
256	13.06444	77.65223
257	13.06439	77.65223
258	13.06432	77.65223
259	13.06426	77.65223
260	13.06419	77.65223
261	13.06418	77.65229
262	13.06420	77.65234
263	13.06414	77.65238
264	13.06408	77.65238
265	13.06402	77.65239
266	13.06396	77.65236
267	13.06392	77.65230
268	13.06384	77.65228
269	13.06377	77.65227
270	13.06371	77.65228
271	13.06364	77.65228
272	13.06356	77.65228
273	13.06350	77.65227
274	13.06343	77.65226
275	13.06338	77.65226
276	13.06332	77.65226
277	13.06325	77.65227
278	13.06317	77.65227
279	13.06309	77.65228
280	13.06300	77.65229
281	13.06295	77.65230
282	13.06286	77.65231
283	13.06280	77.65231
284	13.06271	77.65231
285	13.06264	77.65231
286	13.06256	77.65231
287	13.06251	77.65231
288	13.06244	77.65232
289	13.06238	77.65233
290	13.06231	77.65233
291	13.06224	77.65235
292	13.06216	77.65235
293	13.06209	77.65235
294	13.06204	77.65235
295	13.06198	77.65235
296	13.06191	77.65236
297	13.06184	77.65236
298	13.06177	77.65237
299	13.06170	77.65239
300	13.06163	77.65240
301	13.06157	77.65240
302	13.06150	77.65241
303	13.06145	77.65240
304	13.06136	77.65239
305	13.06129	77.65238
306	13.06121	77.65237
307	13.06114	77.65237
308	13.06105	77.65237
309	13.06097	77.65237
310	13.06088	77.65238
311	13.06082	77.65238
312	13.06075	77.65239
313	13.06070	77.65240
314	13.06063	77.65240
315	13.06055	77.65241
316	13.06046	77.65241
317	13.06039	77.65241
318	13.06033	77.65239
319	13.06026	77.65239
320	13.06021	77.65238
321	13.06014	77.65238
322	13.06007	77.65238
323	13.06001	77.65238
324	13.05994	77.65237
325	13.05988	77.65236
326	13.05981	77.65236
327	13.05975	77.65235
328	13.05969	77.65235
329	13.05963	77.65235
330	13.05957	77.65235
331	13.05950	77.65235
332	13.05945	77.65235
333	13.05937	77.65235
334	13.05931	77.65235
335	13.05924	77.65235
336	13.05918	77.65235
337	13.05911	77.65234
338	13.05902	77.65235
339	13.05894	77.65236
340	13.05888	77.65236
341	13.05880	77.65236
342	13.05873	77.65236
343	13.05866	77.65236
344	13.05859	77.65236
345	13.05853	77.65235
346	13.05845	77.65234
347	13.05840	77.65229
348	13.05838	77.65223
349	13.05836	77.65216
350	13.05834	77.65210
351	13.05833	77.65204
352	13.05833	77.65195
353	13.05833	77.65188
354	13.05833	77.65182
355	13.05833	77.65175
356	13.05833	77.65169
357	13.05832	77.65162
358	13.05832	77.65155
359	13.05832	77.65149
360	13.05833	77.65143
361	13.05833	77.65137
362	13.05834	77.65131
363	13.05835	77.65126
364	13.05835	77.65120
365	13.05837	77.65112
366	13.05838	77.65106
367	13.05838	77.65101
368	13.05839	77.65094
369	13.05840	77.65087
370	13.05841	77.65081
371	13.05842	77.65075
372	13.05843	77.65068
373	13.05844	77.65060
374	13.05845	77.65054
375	13.05845	77.65047
376	13.05845	77.65039
377	13.05844	77.65033
378	13.05844	77.65028
379	13.05844	77.65022
380	13.05844	77.65015
381	13.05845	77.65008
382	13.05845	77.65002
383	13.05846	77.64995
384	13.05847	77.64988
385	13.05848	77.64982
386	13.05850	77.64976
387	13.05850	77.64970
388	13.05852	77.64965
389	13.05845	77.64961
390	13.05839	77.64960
391	13.05834	77.64959
392	13.05828	77.64958
393	13.05821	77.64958
394	13.05814	77.64957
395	13.05808	77.64956
396	13.05801	77.64955
397	13.05794	77.64954
398	13.05785	77.64954
399	13.05776	77.64954
400	13.05769	77.64954
401	13.05763	77.64954
402	13.05757	77.64954
403	13.05751	77.64953
404	13.05746	77.64952
405	13.05740	77.64952
406	13.05734	77.64951
407	13.05729	77.64951
408	13.05722	77.64950
409	13.05717	77.64946
410	13.05717	77.64940
411	13.05716	77.64935
412	13.05714	77.64929
413	13.05713	77.64923
414	13.05710	77.64917
415	13.05702	77.64912
416	13.05697	77.64910
417	13.05690	77.64909
418	13.05683	77.64907
419	13.05676	77.64905
420	13.05669	77.64903
421	13.05663	77.64903
422	13.05657	77.64902
423	13.05651	77.64901
424	13.05644	77.64899
425	13.05639	77.64896
426	13.05631	77.64894
427	13.05624	77.64890
428	13.05619	77.64888
429	13.05611	77.64884
430	13.05606	77.64882
431	13.05599	77.64879
432	13.05592	77.64877
433	13.05586	77.64875
434	13.05579	77.64872
435	13.05572	77.64870
436	13.05567	77.64869
437	13.05561	77.64868
438	13.05555	77.64866
439	13.05549	77.64863
440	13.05544	77.64859
441	13.05538	77.64855
442	13.05532	77.64849
443	13.05525	77.64842
444	13.05519	77.64838
445	13.05514	77.64834
446	13.05508	77.64831
447	13.05502	77.64827
448	13.05496	77.64824
449	13.05490	77.64820
450	13.05485	77.64816
451	13.05478	77.64811
452	13.05473	77.64807
453	13.05466	77.64804
454	13.05460	77.64800
455	13.05455	77.64796
456	13.05449	77.64792
457	13.05444	77.64788
458	13.05438	77.64781
459	13.05431	77.64774
460	13.05425	77.64769
461	13.05418	77.64763
462	13.05413	77.64759
463	13.05407	77.64754
464	13.05400	77.64751
465	13.05391	77.64747
466	13.05386	77.64746
467	13.05379	77.64744
468	13.05373	77.64742
469	13.05366	77.64742
470	13.05360	77.64744
471	13.05353	77.64747
472	13.05347	77.64752
473	13.05340	77.64754
474	13.05334	77.64755
475	13.05327	77.64758
476	13.05321	77.64762
477	13.05314	77.64764
478	13.05308	77.64767
479	13.05302	77.64769
480	13.05297	77.64772
481	13.05291	77.64775
482	13.05284	77.64778
483	13.05279	77.64780
484	13.05272	77.64782
485	13.05266	77.64784
486	13.05260	77.64786
487	13.05254	77.64788
488	13.05248	77.64790
489	13.05242	77.64792
490	13.05237	77.64794
491	13.05230	77.64797
492	13.05224	77.64798
493	13.05218	77.64800
494	13.05212	77.64802
495	13.05205	77.64803
496	13.05199	77.64804
497	13.05192	77.64806
498	13.05185	77.64808
499	13.05180	77.64810
500	13.05174	77.64811
501	13.05167	77.64813
502	13.05162	77.64815
503	13.05156	77.64817
504	13.05149	77.64818
505	13.05142	77.64820
506	13.05135	77.64822
507	13.05129	77.64824
508	13.05121	77.64826
509	13.05115	77.64827
510	13.05107	77.64829
511	13.05102	77.64829
512	13.05096	77.64831
513	13.05090	77.64831
514	13.05083	77.64831
515	13.05077	77.64831
516	13.05070	77.64830
517	13.05063	77.64830
518	13.05057	77.64830
519	13.05050	77.64831
520	13.05042	77.64831
521	13.05036	77.64830
522	13.05031	77.64829
523	13.05025	77.64828
524	13.05018	77.64827
525	13.05011	77.64825
526	13.05005	77.64824
527	13.04995	77.64821
528	13.04989	77.64819
529	13.04983	77.64817
530	13.04977	77.64813
531	13.04970	77.64810
532	13.04964	77.64807
533	13.04959	77.64804
534	13.04953	77.64801
535	13.04947	77.64798
536	13.04941	77.64796
537	13.04934	77.64792
538	13.04928	77.64789
539	13.04923	77.64785
540	13.04917	77.64782
541	13.04911	77.64777
542	13.04903	77.64771
543	13.04897	77.64772
544	13.04890	77.64772
545	13.04883	77.64772
546	13.04876	77.64772
547	13.04870	77.64771
548	13.04863	77.64771
549	13.04856	77.64771
550	13.04851	77.64773
551	13.04842	77.64776
552	13.04837	77.64777
553	13.04831	77.64779
554	13.04824	77.64780
555	13.04817	77.64782
556	13.04810	77.64784
557	13.04805	77.64787
558	13.04799	77.64790
559	13.04792	77.64795
560	13.04786	77.64800
561	13.04780	77.64805
562	13.04773	77.64811
563	13.04769	77.64817
564	13.04767	77.64823
565	13.04764	77.64828
566	13.04760	77.64836
567	13.04758	77.64843
568	13.04756	77.64850
569	13.04754	77.64856
570	13.04752	77.64862
571	13.04750	77.64869
572	13.04748	77.64874
573	13.04747	77.64879
574	13.04746	77.64885
575	13.04744	77.64891
576	13.04741	77.64897
577	13.04738	77.64903
578	13.04735	77.64909
579	13.04732	77.64914
580	13.04729	77.64921
581	13.04727	77.64928
582	13.04725	77.64934
583	13.04723	77.64940
584	13.04720	77.64947
585	13.04718	77.64954
586	13.04715	77.64962
587	13.04713	77.64969
588	13.04711	77.64975
589	13.04708	77.64981
590	13.04706	77.64988
591	13.04704	77.64994
592	13.04703	77.65000
593	13.04700	77.65008
594	13.04699	77.65013
595	13.04697	77.65019
596	13.04696	77.65025
597	13.04694	77.65033
598	13.04693	77.65039
599	13.04691	77.65046
600	13.04689	77.65053
601	13.04687	77.65060
602	13.04685	77.65065
603	13.04683	77.65072
604	13.04680	77.65078
605	13.04675	77.65085
606	13.04673	77.65092
607	13.04670	77.65100
608	13.04668	77.65108
609	13.04665	77.65116
610	13.04664	77.65122
611	13.04662	77.65128
612	13.04659	77.65136
613	13.04657	77.65143
614	13.04655	77.65150
615	13.04654	77.65156
616	13.04651	77.65163
617	13.04650	77.65169
618	13.04648	77.65174
619	13.04646	77.65180
620	13.04644	77.65186
621	13.04643	77.65193
622	13.04640	77.65199
623	13.04639	77.65206
624	13.04637	77.65213
625	13.04637	77.65222
626	13.04635	77.65230
627	13.04634	77.65237
628	13.04633	77.65243
629	13.04633	77.65249
630	13.04633	77.65257
631	13.04633	77.65265
632	13.04632	77.65271
633	13.04630	77.65278
634	13.04626	77.65285
635	13.04624	77.65291
636	13.04623	77.65298
637	13.04622	77.65304
638	13.04622	77.65311
639	13.04622	77.65318
640	13.04622	77.65325
641	13.04621	77.65332
642	13.04621	77.65339
643	13.04620	77.65346
644	13.04619	77.65353
645	13.04619	77.65360
646	13.04619	77.65366
647	13.04618	77.65372
648	13.04617	77.65379
649	13.04616	77.65386
650	13.04615	77.65393
651	13.04615	77.65399
652	13.04613	77.65407
653	13.04613	77.65414
654	13.04613	77.65420
655	13.04613	77.65427
656	13.04613	77.65433
657	13.04613	77.65438
658	13.04613	77.65444
659	13.04613	77.65451
660	13.04613	77.65458
661	13.04613	77.65464
662	13.04613	77.65473
663	13.04612	77.65480
664	13.04611	77.65488
665	13.04611	77.65493
666	13.04610	77.65500
667	13.04610	77.65507
668	13.04612	77.65512
669	13.04614	77.65519
670	13.04619	77.65526
671	13.04623	77.65532
672	13.04628	77.65538
673	13.04633	77.65543
674	13.04639	77.65548
675	13.04645	77.65551
676	13.04652	77.65555
677	13.04657	77.65556
678	13.04663	77.65557
679	13.04671	77.65559
680	13.04678	77.65560
681	13.04683	77.65561
682	13.04688	77.65562
683	13.04695	77.65564
684	13.04701	77.65566
685	13.04708	77.65568
686	13.04716	77.65570
687	13.04722	77.65572
688	13.04728	77.65573
689	13.04733	77.65575
690	13.04740	77.65576
691	13.04746	77.65578
692	13.04752	77.65579
693	13.04758	77.65581
694	13.04764	77.65582
695	13.04769	77.65583
696	13.04776	77.65586
697	13.04784	77.65588
698	13.04790	77.65589
699	13.04796	77.65589
700	13.04801	77.65589
701	13.04808	77.65589
702	13.04814	77.65589
703	13.04821	77.65589
704	13.04827	77.65589
705	13.04835	77.65589
706	13.04843	77.65589
707	13.04850	77.65589
708	13.04856	77.65590
709	13.04862	77.65590
710	13.04870	77.65590
711	13.04878	77.65590
712	13.04886	77.65590
713	13.04893	77.65590
714	13.04900	77.65589
715	13.04907	77.65588
716	13.04912	77.65587
717	13.04919	77.65585
718	13.04926	77.65585
719	13.04933	77.65584
720	13.04939	77.65583
721	13.04947	77.65582
722	13.04952	77.65581
723	13.04958	77.65581
724	13.04965	77.65581
725	13.04971	77.65580
726	13.04980	77.65579
727	13.04985	77.65578
728	13.04992	77.65578
729	13.04998	77.65578
730	13.05004	77.65578
731	13.05010	77.65578
732	13.05015	77.65579
733	13.05023	77.65581
734	13.05028	77.65581
735	13.05034	77.65582
736	13.05040	77.65583
737	13.05046	77.65584
738	13.05052	77.65584
739	13.05059	77.65583
740	13.05066	77.65581
741	13.05073	77.65578
742	13.05080	77.65574
743	13.05086	77.65571
744	13.05093	77.65567
745	13.05099	77.65563
746	13.05106	77.65560
747	13.05111	77.65558
748	13.05116	77.65556
749	13.05122	77.65554
750	13.05127	77.65553
751	13.05134	77.65551
752	13.05140	77.65549
753	13.05146	77.65549
754	13.05152	77.65551
755	13.05157	77.65552
756	13.05164	77.65555
757	13.05171	77.65560
758	13.05177	77.65565
759	13.05184	77.65569
760	13.05191	77.65572
761	13.05196	77.65573
762	13.05202	77.65574
763	13.05207	77.65575
764	13.05213	77.65575
765	13.05222	77.65579
766	13.05227	77.65581
767	13.05234	77.65581
768	13.05240	77.65581
769	13.05247	77.65581
770	13.05252	77.65579
771	13.05259	77.65577
772	13.05266	77.65574
773	13.05273	77.65570
774	13.05279	77.65567
775	13.05286	77.65563
776	13.05292	77.65560
777	13.05299	77.65558
778	13.05305	77.65557
779	13.05311	77.65556
780	13.05316	77.65556
781	13.05323	77.65558
782	13.05327	77.65564
783	13.05328	77.65570
784	13.05336	77.65572
785	13.05342	77.65574
786	13.05347	77.65575
787	13.05354	77.65578
788	13.05361	77.65581
789	13.05367	77.65582
790	13.05373	77.65583
791	13.05380	77.65583
792	13.05386	77.65584
793	13.05393	77.65585
794	13.05399	77.65586
795	13.05406	77.65587
796	13.05411	77.65588
797	13.05418	77.65589
798	13.05424	77.65589
799	13.05431	77.65589
800	13.05437	77.65590
801	13.05444	77.65590
802	13.05450	77.65590
803	13.05457	77.65590
804	13.05463	77.65590
805	13.05469	77.65590
806	13.05474	77.65591
807	13.05480	77.65591
808	13.05481	77.65585
809	13.05481	77.65579
810	13.05481	77.65573
811	13.05487	77.65573
812	13.05494	77.65575
813	13.05500	77.65577
814	13.05506	77.65578
815	13.05515	77.65580
816	13.05521	77.65580
817	13.05527	77.65582
818	13.05536	77.65583
819	13.05542	77.65584
820	13.05548	77.65585
821	13.05555	77.65588
822	13.05561	77.65589
823	13.05570	77.65589
824	13.05575	77.65590
825	13.05580	77.65589
826	13.05586	77.65587
827	13.05591	77.65589
828	13.05596	77.65590
829	13.05602	77.65590
830	13.05608	77.65589
831	13.05615	77.65588
832	13.05620	77.65586
833	13.05628	77.65584
834	13.05635	77.65582
835	13.05642	77.65579
836	13.05649	77.65576
837	13.05655	77.65573
838	13.05661	77.65573
839	13.05668	77.65569
840	13.05676	77.65567
841	13.05681	77.65566
842	13.05687	77.65565
843	13.05693	77.65565
844	13.05699	77.65565
845	13.05706	77.65565
846	13.05711	77.65566
847	13.05716	77.65568
848	13.05721	77.65569
849	13.05727	77.65573
850	13.05733	77.65578
851	13.05734	77.65583
852	13.05741	77.65586
853	13.05747	77.65585
854	13.05753	77.65583
855	13.05759	77.65583
856	13.05764	77.65581
857	13.05770	77.65579
858	13.05775	77.65578
859	13.05783	77.65578
860	13.05789	77.65578
861	13.05794	77.65578
862	13.05801	77.65579
863	13.05808	77.65579
864	13.05814	77.65579
865	13.05821	77.65579
866	13.05828	77.65579
867	13.05833	77.65579
868	13.05839	77.65580
869	13.05844	77.65580
870	13.05852	77.65580
871	13.05857	77.65580
872	13.05863	77.65581
873	13.05870	77.65581
874	13.05876	77.65581
875	13.05884	77.65581
876	13.05890	77.65581
877	13.05896	77.65581
878	13.05903	77.65582
879	13.05910	77.65582
880	13.05916	77.65582
881	13.05922	77.65582
882	13.05928	77.65583
883	13.05935	77.65583
884	13.05942	77.65583
885	13.05948	77.65583
886	13.05954	77.65583
887	13.05960	77.65584
888	13.05968	77.65585
889	13.05974	77.65586
890	13.05980	77.65587
891	13.05987	77.65588
892	13.05995	77.65589
893	13.06002	77.65589
894	13.06008	77.65589
895	13.06015	77.65590
896	13.06021	77.65590
897	13.06027	77.65590
898	13.06033	77.65590
899	13.06038	77.65590
900	13.06045	77.65591
901	13.06053	77.65592
902	13.06059	77.65592
903	13.06065	77.65593
904	13.06073	77.65595
905	13.06078	77.65597
906	13.06084	77.65598
907	13.06091	77.65600
908	13.06097	77.65601
909	13.06102	77.65603
910	13.06108	77.65604
911	13.06113	77.65605
912	13.06118	77.65605
913	13.06124	77.65606
914	13.06130	77.65606
915	13.06139	77.65606
916	13.06145	77.65607
917	13.06152	77.65607
918	13.06157	77.65608
919	13.06164	77.65609
920	13.06170	77.65610
921	13.06176	77.65612
922	13.06183	77.65612
923	13.06188	77.65613
924	13.06194	77.65614
925	13.06200	77.65614
926	13.06207	77.65615
927	13.06213	77.65615
928	13.06220	77.65615
929	13.06227	77.65615
930	13.06234	77.65615
931	13.06241	77.65616
932	13.06250	77.65616
933	13.06257	77.65616
934	13.06264	77.65616
935	13.06272	77.65616
936	13.06279	77.65617
937	13.06284	77.65617
938	13.06290	77.65618
939	13.06295	77.65618
940	13.06301	77.65618
941	13.06308	77.65619
942	13.06313	77.65620
943	13.06319	77.65620
944	13.06325	77.65620
945	13.06330	77.65620
946	13.06335	77.65620
947	13.06341	77.65620
948	13.06347	77.65620
949	13.06353	77.65620
950	13.06359	77.65620
951	13.06366	77.65621
952	13.06374	77.65622
953	13.06382	77.65622
954	13.06387	77.65623
955	13.06392	77.65624
956	13.06398	77.65625
957	13.06404	77.65625
958	13.06412	77.65626
959	13.06420	77.65627
960	13.06427	77.65628
961	13.06434	77.65628
962	13.06441	77.65629
963	13.06448	77.65629
964	13.06456	77.65630
965	13.06465	77.65630
966	13.06474	77.65630
967	13.06483	77.65630
968	13.06491	77.65630
969	13.06499	77.65630
970	13.06505	77.65630
971	13.06512	77.65630
972	13.06517	77.65630
973	13.06524	77.65630
974	13.06530	77.65630
975	13.06535	77.65630
976	13.06542	77.65630
977	13.06547	77.65630
978	13.06552	77.65630
979	13.06559	77.65630
980	13.06566	77.65630
981	13.06571	77.65630
982	13.06577	77.65630
983	13.06585	77.65630
984	13.06593	77.65631
985	13.06599	77.65632
986	13.06605	77.65632
987	13.06612	77.65632
988	13.06620	77.65632
989	13.06626	77.65632
990	13.06633	77.65632
991	13.06640	77.65632
992	13.06645	77.65632
993	13.06651	77.65632
994	13.06656	77.65632
995	13.06662	77.65632
996	13.06668	77.65632
997	13.06674	77.65632
998	13.06682	77.65632
999	13.06688	77.65630
1000	13.06696	77.65630
1001	13.06702	77.65630
1002	13.06710	77.65630
1003	13.06718	77.65630
1004	13.06724	77.65630
1005	13.06730	77.65630
1006	13.06736	77.65631
1007	13.06744	77.65631
1008	13.06752	77.65631
1009	13.06757	77.65631
1010	13.06765	77.65631
1011	13.06773	77.65631
1012	13.06781	77.65631
1013	13.06786	77.65631
1014	13.06794	77.65631
1015	13.06800	77.65631
1016	13.06808	77.65631
1017	13.06815	77.65632
1018	13.06822	77.65632
1019	13.06827	77.65632
1020	13.06833	77.65633
1021	13.06839	77.65633
1022	13.06845	77.65633
1023	13.06852	77.65633
1024	13.06857	77.65633
1025	13.06862	77.65633
1026	13.06868	77.65633
1027	13.06875	77.65633
1028	13.06881	77.65633
1029	13.06887	77.65633
1030	13.06894	77.65633
1031	13.06899	77.65633
1032	13.06907	77.65634
1033	13.06913	77.65635
1034	13.06921	77.65635
1035	13.06926	77.65636
1036	13.06933	77.65637
1037	13.06941	77.65638
1038	13.06947	77.65639
1039	13.06954	77.65640
1040	13.06960	77.65640
1041	13.06966	77.65641
1042	13.06973	77.65641
1043	13.06981	77.65641
1044	13.06989	77.65641
1045	13.06996	77.65641
1046	13.07001	77.65641
1047	13.07008	77.65641
1048	13.07014	77.65641
1049	13.07019	77.65641
1050	13.07024	77.65641
1051	13.07031	77.65641
1052	13.07038	77.65641
1053	13.07046	77.65641
1054	13.07052	77.65640
1055	13.07060	77.65640
1056	13.07066	77.65640
1057	13.07073	77.65640
1058	13.07080	77.65640
1059	13.07087	77.65639
1060	13.07092	77.65639
1061	13.07100	77.65640
1062	13.07106	77.65641
1063	13.07113	77.65642
1064	13.07120	77.65643
1065	13.07127	77.65644
1066	13.07132	77.65645
1067	13.07138	77.65647
1068	13.07145	77.65649
1069	13.07150	77.65650
1070	13.07156	77.65652
1071	13.07161	77.65654
1072	13.07167	77.65656
1073	13.07174	77.65656
1074	13.07180	77.65657
1075	13.07187	77.65658
1076	13.07195	77.65658
1077	13.07202	77.65658
1078	13.07208	77.65659
1079	13.07214	77.65660
1080	13.07222	77.65660
1081	13.07230	77.65660
1082	13.07237	77.65660
1083	13.07242	77.65659
1084	13.07249	77.65659
1085	13.07254	77.65658
1086	13.07261	77.65657
1087	13.07269	77.65657
1088	13.07277	77.65657
1089	13.07283	77.65657
1090	13.07289	77.65656
1091	13.07295	77.65655
1092	13.07303	77.65653
1093	13.07309	77.65651
1094	13.07314	77.65649
1095	13.07320	77.65649
1096	13.07325	77.65648
1097	13.07332	77.65647
1098	13.07337	77.65644
1099	13.07344	77.65645
1100	13.07349	77.65645
1101	13.07356	77.65647
1102	13.07362	77.65648
1103	13.07370	77.65648
1104	13.07378	77.65649
1105	13.07384	77.65649
1106	13.07392	77.65649
1107	13.07398	77.65649
1108	13.07404	77.65649
1109	13.07412	77.65649
1110	13.07419	77.65649
1111	13.07426	77.65649
1112	13.07433	77.65649
1113	13.07439	77.65648
1114	13.07444	77.65643
1115	13.07449	77.65636
1116	13.07453	77.65629
1117	13.07456	77.65621
1118	13.07460	77.65615
1119	13.07465	77.65608
1120	13.07469	77.65603
1121	13.07474	77.65596
1122	13.07479	77.65589
1123	13.07482	77.65584
1124	13.07488	77.65577
1125	13.07492	77.65571
1126	13.07497	77.65565
1127	13.07503	77.65559
1128	13.07509	77.65555
1129	13.07515	77.65552
1130	13.07522	77.65548
1131	13.07528	77.65544
1132	13.07535	77.65540
1133	13.07540	77.65535
1134	13.07548	77.65532
1135	13.07554	77.65529
1136	13.07559	77.65526
1137	13.07566	77.65523
1138	13.07571	77.65522
1139	13.07577	77.65519
1140	13.07583	77.65518
1141	13.07588	77.65517
1142	13.07594	77.65515
1143	13.07600	77.65513
1144	13.07606	77.65512
1145	13.07613	77.65511
1146	13.07618	77.65510
1147	13.07624	77.65509
1148	13.07633	77.65507
1149	13.07640	77.65504
1150	13.07646	77.65503
1151	13.07651	77.65501
1152	13.07657	77.65500
1153	13.07664	77.65497
1154	13.07671	77.65495
1155	13.07677	77.65494
1156	13.07685	77.65491
1157	13.07692	77.65489
1158	13.07698	77.65487
1159	13.07705	77.65488
1160	13.07713	77.65489
1161	13.07722	77.65489
1162	13.07728	77.65489
1163	13.07736	77.65489
1164	13.07742	77.65489
1165	13.07750	77.65489
1166	13.07755	77.65489
1167	13.07760	77.65489
1168	13.07767	77.65489
1169	13.07773	77.65489
1170	13.07779	77.65489
1171	13.07784	77.65489
1172	13.07790	77.65488
1173	13.07796	77.65487
1174	13.07802	77.65487
1175	13.07810	77.65486
1176	13.07816	77.65485
1177	13.07822	77.65483
1178	13.07829	77.65481
1179	13.07834	77.65479
1180	13.07842	77.65476
1181	13.07847	77.65475
1182	13.07854	77.65473
1183	13.07860	77.65471
1184	13.07865	77.65470
1185	13.07871	77.65468
1186	13.07877	77.65466
1187	13.07882	77.65465
1188	13.07888	77.65464
1189	13.07894	77.65462
1190	13.07902	77.65461
1191	13.07910	77.65458
1192	13.07915	77.65457
1193	13.07922	77.65454
1194	13.07927	77.65453
1195	13.07932	77.65452
1196	13.07940	77.65450
1197	13.07946	77.65447
1198	13.07952	77.65446
1199	13.07960	77.65444
1200	13.07967	77.65443
1201	13.07973	77.65442
1202	13.07980	77.65443
1203	13.07986	77.65443
1204	13.07993	77.65443
1205	13.08001	77.65443
1206	13.08006	77.65443
1207	13.08013	77.65443
1208	13.08019	77.65443
1209	13.08025	77.65443
1210	13.08031	77.65444
1211	13.08037	77.65444
1212	13.08044	77.65444
1213	13.08050	77.65444
1214	13.08058	77.65445
1215	13.08064	77.65446
1216	13.08070	77.65447
1217	13.08076	77.65447
1218	13.08083	77.65447
1219	13.08088	77.65448
1220	13.08094	77.65449
1221	13.08100	77.65445
1222	13.08103	77.65438
1223	13.08103	77.65432
1224	13.08104	77.65426
1225	13.08105	77.65420
1226	13.08106	77.65412
1227	13.08108	77.65407
1228	13.08109	77.65401
1229	13.08110	77.65395
1230	13.08110	77.65390
1231	13.08111	77.65384
1232	13.08112	77.65378
1233	13.08113	77.65370
1234	13.08113	77.65363
1235	13.08113	77.65355
1236	13.08113	77.65348
1237	13.08113	77.65342
1238	13.08114	77.65336
1239	13.08115	77.65330
1240	13.08116	77.65322
1241	13.08117	77.65316
1242	13.08117	77.65310
1243	13.08118	77.65304
1244	13.08119	77.65297
1245	13.08119	77.65291
1246	13.08119	77.65285
1247	13.08121	77.65278
1248	13.08122	77.65273
1249	13.08123	77.65267
1250	13.08123	77.65261
1251	13.08124	77.65255
1252	13.08125	77.65247
1253	13.08125	77.65241
1254	13.08126	77.65236
1255	13.08126	77.65230
1256	13.08127	77.65224
1257	13.08128	77.65217
1258	13.08129	77.65211
1259	13.08130	77.65204
1260	13.08131	77.65198
1261	13.08132	77.65191
1262	13.08132	77.65184
1263	13.08133	77.65178
1264	13.08133	77.65172
1265	13.08133	77.65167
1266	13.08133	77.65158
1267	13.08133	77.65151
1268	13.08134	77.65143
1269	13.08135	77.65135
1270	13.08135	77.65128
1271	13.08135	77.65120
1272	13.08136	77.65114
1273	13.08136	77.65107
1274	13.08136	77.65100
1275	13.08136	77.65093
1276	13.08136	77.65087
1277	13.08136	77.65079
1278	13.08136	77.65071
1279	13.08136	77.65062
1280	13.08136	77.65055
1281	13.08136	77.65048
1282	13.08136	77.65042
1283	13.08136	77.65035
1284	13.08135	77.65028
1285	13.08134	77.65021
1286	13.08134	77.65014
1287	13.08134	77.65007
1288	13.08134	77.65001
1289	13.08135	77.64994
1290	13.08135	77.64988
1291	13.08135	77.64980
1292	13.08133	77.64973
1293	13.08127	77.64971
1294	13.08119	77.64971
