Rank	Latitude	Longitude
1	13.00696	77.69690
2	13.00693	77.69695
3	13.00686	77.69700
4	13.00684	77.69706
5	13.00681	77.69712
6	13.00679	77.69719
7	13.00678	77.69724
8	13.00676	77.69730
9	13.00674	77.69735
10	13.00673	77.69741
11	13.00672	77.69747
12	13.00670	77.69752
13	13.00669	77.69758
14	13.00667	77.69764
15	13.00665	77.69770
16	13.00664	77.69775
17	13.00661	77.69781
18	13.00657	77.69787
19	13.00654	77.69793
20	13.00650	77.69798
21	13.00646	77.69804
22	13.00643	77.69809
23	13.00640	77.69814
24	13.00636	77.69820
25	13.00632	77.69826
26	13.00628	77.69832
27	13.00624	77.69837
28	13.00621	77.69842
29	13.00618	77.69847
30	13.00615	77.69852
31	13.00611	77.69858
32	13.00608	77.69864
33	13.00604	77.69870
34	13.00600	77.69877
35	13.00597	77.69882
36	13.00594	77.69887
37	13.00590	77.69893
38	13.00587	77.69898
39	13.00584	77.69904
40	13.00581	77.69911
41	13.00578	77.69917
42	13.00575	77.69923
43	13.00573	77.69929
44	13.00570	77.69935
45	13.00567	77.69940
46	13.00564	77.69946
47	13.00560	77.69952
48	13.00557	77.69958
49	13.00554	77.69963
50	13.00550	77.69969
51	13.00546	77.69975
52	13.00542	77.69980
53	13.00539	77.69985
54	13.00535	77.69991
55	13.00531	77.69996
56	13.00529	77.70002
57	13.00526	77.70007
58	13.00524	77.70012
59	13.00520	77.70018
60	13.00518	77.70024
61	13.00515	77.70029
62	13.00514	77.70035
63	13.00511	77.70041
64	13.00509	77.70047
65	13.00508	77.70053
66	13.00506	77.70058
67	13.00504	77.70064
68	13.00502	77.70070
69	13.00500	77.70075
70	13.00498	77.70081
71	13.00497	77.70086
72	13.00495	77.70092
73	13.00493	77.70099
74	13.00491	77.70105
75	13.00488	77.70111
76	13.00485	77.70117
77	13.00484	77.70122
78	13.00482	77.70128
79	13.00476	77.70126
80	13.00470	77.70124
81	13.00464	77.70122
82	13.00458	77.70121
83	13.00452	77.70119
84	13.00446	77.70117
85	13.00441	77.70115
86	13.00434	77.70112
87	13.00428	77.70109
88	13.00423	77.70108
89	13.00417	77.70107
90	13.00411	77.70107
91	13.00406	77.70108
92	13.00400	77.70111
93	13.00394	77.70112
94	13.00388	77.70113
95	13.00382	77.70114
96	13.00377	77.70114
97	13.00371	77.70114
98	13.00365	77.70114
99	13.00360	77.70113
100	13.00354	77.70113
101	13.00348	77.70112
102	13.00342	77.70112
103	13.00336	77.70112
104	13.00331	77.70112
105	13.00324	77.70111
106	13.00319	77.70110
107	13.00313	77.70109
108	13.00307	77.70108
109	13.00302	77.70107
110	13.00295	77.70106
111	13.00290	77.70106
112	13.00284	77.70105
113	13.00278	77.70104
114	13.00272	77.70104
115	13.00267	77.70103
116	13.00261	77.70102
117	13.00256	77.70101
118	13.00249	77.70100
119	13.00243	77.70100
120	13.00237	77.70099
121	13.00231	77.70097
122	13.00224	77.70095
123	13.00218	77.70093
124	13.00212	77.70092
125	13.00206	77.70090
126	13.00200	77.70089
127	13.00194	77.70089
128	13.00188	77.70088
129	13.00182	77.70088
130	13.00177	77.70088
131	13.00171	77.70087
132	13.00166	77.70087
133	13.00160	77.70086
134	13.00155	77.70086
135	13.00149	77.70085
136	13.00144	77.70085
137	13.00138	77.70084
138	13.00133	77.70083
139	13.00126	77.70083
140	13.00121	77.70082
141	13.00115	77.70081
142	13.00108	77.70080
143	13.00101	77.70079
144	13.00096	77.70079
145	13.00089	77.70078
146	13.00084	77.70077
147	13.00079	77.70077
148	13.00073	77.70076
149	13.00066	77.70075
150	13.00061	77.70074
151	13.00055	77.70074
152	13.00049	77.70072
153	13.00044	77.70072
154	13.00038	77.70070
155	13.00033	77.70069
156	13.00027	77.70067
157	13.00022	77.70066
158	13.00015	77.70066
159	13.00009	77.70065
160	13.00003	77.70064
161	12.99997	77.70062
162	12.99990	77.70060
163	12.99985	77.70059
164	12.99979	77.70057
165	12.99973	77.70056
166	12.99966	77.70054
167	12.99961	77.70053
168	12.99954	77.70051
169	12.99949	77.70050
170	12.99943	77.70049
171	12.99938	77.70049
172	12.99932	77.70049
173	12.99925	77.70049
174	12.99920	77.70049
175	12.99914	77.70048
176	12.99908	77.70047
177	12.99903	77.70048
178	12.99897	77.70048
179	12.99890	77.70047
180	12.99884	77.70045
181	12.99878	77.70045
182	12.99871	77.70045
183	12.99866	77.70044
184	12.99859	77.70044
185	12.99853	77.70043
186	12.99847	77.70042
187	12.99841	77.70042
188	12.99841	77.70047
189	12.99841	77.70052
190	12.99840	77.70058
191	12.99839	77.70063
192	12.99837	77.70070
193	12.99837	77.70076
194	12.99837	77.70081
195	12.99837	77.70086
196	12.99837	77.70092
197	12.99836	77.70097
198	12.99836	77.70102
199	12.99836	77.70108
200	12.99837	77.70115
201	12.99837	77.70121
202	12.99837	77.70127
203	12.99837	77.70134
204	12.99837	77.70140
205	12.99836	77.70146
206	12.99836	77.70151
207	12.99835	77.70157
208	12.99835	77.70164
209	12.99835	77.70169
210	12.99835	77.70175
211	12.99835	77.70180
212	12.99834	77.70185
213	12.99833	77.70191
214	12.99833	77.70196
215	12.99833	77.70203
216	12.99833	77.70208
217	12.99833	77.70214
218	12.99833	77.70219
219	12.99833	77.70225
220	12.99832	77.70230
221	12.99832	77.70235
222	12.99831	77.70242
223	12.99830	77.70248
224	12.99830	77.70254
225	12.99830	77.70259
226	12.99831	77.70264
227	12.99831	77.70270
228	12.99831	77.70276
229	12.99831	77.70282
230	12.99831	77.70287
231	12.99831	77.70294
232	12.99831	77.70301
233	12.99831	77.70306
234	12.99831	77.70312
235	12.99831	77.70318
236	12.99830	77.70323
237	12.99830	77.70328
238	12.99829	77.70334
239	12.99828	77.70339
240	12.99827	77.70345
241	12.99827	77.70350
242	12.99827	77.70355
243	12.99827	77.70362
244	12.99827	77.70369
245	12.99827	77.70374
246	12.99827	77.70380
247	12.99827	77.70386
248	12.99827	77.70392
249	12.99827	77.70398
250	12.99825	77.70403
251	12.99824	77.70409
252	12.99824	77.70415
253	12.99822	77.70420
254	12.99821	77.70426
255	12.99821	77.70431
256	12.99821	77.70437
257	12.99821	77.70443
258	12.99820	77.70448
259	12.99820	77.70453
260	12.99820	77.70460
261	12.99820	77.70465
262	12.99820	77.70470
263	12.99820	77.70475
264	12.99820	77.70481
265	12.99819	77.70488
266	12.99819	77.70493
267	12.99818	77.70499
268	12.99818	77.70504
269	12.99818	77.70509
270	12.99818	77.70516
271	12.99818	77.70523
272	12.99817	77.70528
273	12.99811	77.70531
274	12.99806	77.70532
275	12.99801	77.70532
276	12.99795	77.70532
277	12.99790	77.70530
278	12.99784	77.70530
279	12.99777	77.70529
280	12.99772	77.70528
281	12.99766	77.70527
282	12.99761	77.70526
283	12.99755	77.70525
284	12.99749	77.70523
285	12.99743	77.70522
286	12.99738	77.70521
287	12.99732	77.70521
288	12.99726	77.70520
289	12.99720	77.70520
290	12.99713	77.70521
291	12.99708	77.70520
292	12.99702	77.70517
293	12.99696	77.70515
294	12.99691	77.70511
295	12.99685	77.70507
296	12.99680	77.70504
297	12.99674	77.70500
298	12.99669	77.70495
299	12.99663	77.70492
300	12.99657	77.70489
301	12.99652	77.70485
302	12.99647	77.70481
303	12.99641	77.70478
304	12.99635	77.70475
305	12.99629	77.70470
306	12.99623	77.70465
307	12.99617	77.70459
308	12.99611	77.70454
309	12.99605	77.70449
310	12.99600	77.70444
311	12.99594	77.70440
312	12.99591	77.70434
313	12.99586	77.70429
314	12.99582	77.70423
315	12.99575	77.70417
316	12.99570	77.70412
317	12.99564	77.70407
318	12.99559	77.70400
319	12.99554	77.70394
320	12.99550	77.70389
321	12.99546	77.70383
322	12.99542	77.70378
323	12.99539	77.70373
324	12.99534	77.70367
325	12.99531	77.70361
326	12.99529	77.70356
327	12.99526	77.70351
328	12.99523	77.70345
329	12.99520	77.70340
330	12.99518	77.70334
331	12.99515	77.70327
332	12.99514	77.70321
333	12.99512	77.70316
334	12.99511	77.70310
335	12.99509	77.70305
336	12.99508	77.70299
337	12.99506	77.70294
338	12.99504	77.70288
339	12.99502	77.70283
340	12.99501	77.70278
341	12.99499	77.70271
342	12.99498	77.70265
343	12.99497	77.70260
344	12.99491	77.70258
345	12.99486	77.70257
346	12.99479	77.70256
347	12.99472	77.70255
348	12.99466	77.70254
349	12.99460	77.70254
350	12.99454	77.70253
351	12.99447	77.70252
352	12.99442	77.70251
353	12.99437	77.70250
354	12.99430	77.70250
355	12.99425	77.70250
356	12.99419	77.70250
357	12.99413	77.70250
358	12.99407	77.70249
359	12.99401	77.70249
360	12.99395	77.70249
361	12.99390	77.70248
362	12.99383	77.70247
363	12.99377	77.70245
364	12.99371	77.70244
365	12.99365	77.70244
366	12.99359	77.70245
367	12.99354	77.70245
368	12.99347	77.70244
369	12.99341	77.70244
370	12.99336	77.70243
371	12.99330	77.70243
372	12.99325	77.70242
373	12.99319	77.70241
374	12.99314	77.70240
375	12.99308	77.70240
376	12.99303	77.70239
377	12.99297	77.70239
378	12.99291	77.70238
379	12.99286	77.70238
380	12.99280	77.70238
381	12.99275	77.70238
382	12.99269	77.70236
383	12.99269	77.70231
384	12.99269	77.70224
385	12.99270	77.70218
386	12.99271	77.70213
387	12.99273	77.70208
388	12.99274	77.70202
389	12.99277	77.70196
390	12.99279	77.70190
391	12.99280	77.70184
392	12.99282	77.70179
393	12.99283	77.70172
394	12.99283	77.70167
395	12.99284	77.70161
396	12.99286	77.70154
397	12.99288	77.70148
398	12.99290	77.70143
399	12.99292	77.70136
400	12.99294	77.70130
401	12.99295	77.70124
402	12.99297	77.70118
403	12.99298	77.70113
404	12.99300	77.70107
405	12.99301	77.70102
406	12.99303	77.70096
407	12.99306	77.70089
408	12.99307	77.70084
409	12.99309	77.70079
410	12.99310	77.70073
411	12.99312	77.70067
412	12.99314	77.70061
413	12.99315	77.70055
414	12.99317	77.70049
415	12.99319	77.70044
416	12.99322	77.70038
417	12.99324	77.70032
418	12.99327	77.70026
419	12.99329	77.70021
420	12.99331	77.70015
421	12.99333	77.70009
422	12.99334	77.70004
423	12.99336	77.69999
424	12.99338	77.69992
425	12.99339	77.69987
426	12.99341	77.69982
427	12.99344	77.69976
428	12.99347	77.69970
429	12.99348	77.69965
430	12.99350	77.69959
431	12.99351	77.69954
432	12.99352	77.69948
433	12.99353	77.69943
434	12.99355	77.69937
435	12.99357	77.69930
436	12.99360	77.69924
437	12.99363	77.69918
438	12.99365	77.69913
439	12.99367	77.69908
440	12.99369	77.69901
441	12.99370	77.69896
442	12.99372	77.69890
443	12.99373	77.69884
444	12.99374	77.69878
445	12.99375	77.69871
446	12.99377	77.69865
447	12.99380	77.69858
448	12.99382	77.69853
449	12.99383	77.69848
450	12.99384	77.69842
451	12.99385	77.69837
452	12.99385	77.69832
453	12.99385	77.69827
454	12.99385	77.69821
455	12.99385	77.69815
456	12.99385	77.69810
457	12.99386	77.69804
458	12.99387	77.69798
459	12.99387	77.69791
460	12.99387	77.69786
461	12.99388	77.69780
462	12.99388	77.69774
463	12.99389	77.69768
464	12.99389	77.69761
465	12.99390	77.69755
466	12.99390	77.69750
467	12.99391	77.69745
468	12.99392	77.69739
469	12.99393	77.69733
470	12.99394	77.69727
471	12.99394	77.69722
472	12.99395	77.69716
473	12.99395	77.69710
474	12.99397	77.69704
475	12.99398	77.69699
476	12.99400	77.69693
477	12.99401	77.69687
478	12.99402	77.69681
479	12.99404	77.69676
480	12.99405	77.69671
481	12.99406	77.69665
482	12.99408	77.69660
483	12.99409	77.69655
484	12.99411	77.69649
485	12.99413	77.69642
486	12.99413	77.69636
487	12.99415	77.69630
488	12.99416	77.69625
489	12.99418	77.69619
490	12.99419	77.69614
491	12.99421	77.69608
492	12.99423	77.69603
493	12.99425	77.69597
494	12.99427	77.69590
495	12.99429	77.69585
496	12.99432	77.69580
497	12.99434	77.69575
498	12.99436	77.69569
499	12.99439	77.69563
500	12.99441	77.69557
501	12.99445	77.69551
502	12.99448	77.69545
503	12.99451	77.69539
504	12.99453	77.69534
505	12.99456	77.69528
506	12.99458	77.69522
507	12.99460	77.69517
508	12.99463	77.69511
509	12.99466	77.69505
510	12.99468	77.69500
511	12.99470	77.69495
512	12.99471	77.69490
513	12.99474	77.69483
514	12.99476	77.69478
515	12.99479	77.69472
516	12.99482	77.69465
517	12.99484	77.69460
518	12.99486	77.69454
519	12.99488	77.69448
520	12.99490	77.69442
521	12.99492	77.69437
522	12.99494	77.69431
523	12.99495	77.69425
524	12.99496	77.69420
525	12.99499	77.69414
526	12.99501	77.69408
527	12.99504	77.69402
528	12.99505	77.69397
529	12.99507	77.69391
530	12.99509	77.69385
531	12.99510	77.69379
532	12.99513	77.69373
533	12.99514	77.69368
534	12.99517	77.69362
535	12.99520	77.69356
536	12.99522	77.69351
537	12.99524	77.69346
538	12.99525	77.69340
539	12.99527	77.69335
540	12.99529	77.69330
541	12.99532	77.69325
542	12.99535	77.69319
543	12.99539	77.69312
544	12.99542	77.69305
545	12.99545	77.69299
546	12.99547	77.69294
547	12.99549	77.69288
548	12.99549	77.69283
549	12.99552	77.69278
550	12.99554	77.69272
551	12.99555	77.69267
552	12.99557	77.69261
553	12.99559	77.69255
554	12.99560	77.69250
555	12.99562	77.69244
556	12.99564	77.69238
557	12.99566	77.69232
558	12.99570	77.69226
559	12.99573	77.69220
560	12.99576	77.69214
561	12.99579	77.69208
562	12.99581	77.69203
563	12.99583	77.69197
564	12.99586	77.69191
565	12.99588	77.69185
566	12.99586	77.69180
567	12.99581	77.69179
568	12.99574	77.69177
569	12.99569	77.69174
570	12.99562	77.69173
571	12.99556	77.69170
572	12.99549	77.69168
573	12.99544	77.69166
574	12.99537	77.69165
575	12.99532	77.69162
576	12.99526	77.69160
577	12.99520	77.69158
578	12.99515	77.69156
579	12.99509	77.69154
580	12.99504	77.69152
581	12.99498	77.69149
582	12.99492	77.69146
583	12.99486	77.69143
584	12.99481	77.69140
585	12.99476	77.69136
586	12.99470	77.69133
587	12.99464	77.69129
588	12.99459	77.69125
589	12.99453	77.69122
590	12.99446	77.69119
591	12.99440	77.69115
592	12.99435	77.69112
593	12.99429	77.69109
594	12.99423	77.69105
595	12.99417	77.69102
596	12.99411	77.69099
597	12.99405	77.69097
598	12.99399	77.69094
599	12.99394	77.69093
600	12.99388	77.69091
601	12.99383	77.69090
602	12.99376	77.69087
603	12.99370	77.69084
604	12.99364	77.69081
605	12.99359	77.69078
606	12.99353	77.69077
607	12.99347	77.69075
608	12.99340	77.69072
609	12.99335	77.69071
610	12.99328	77.69067
611	12.99323	77.69066
612	12.99316	77.69063
613	12.99310	77.69060
614	12.99304	77.69057
615	12.99298	77.69054
616	12.99292	77.69052
617	12.99286	77.69050
618	12.99280	77.69048
619	12.99275	77.69045
620	12.99268	77.69043
621	12.99262	77.69039
622	12.99256	77.69038
623	12.99250	77.69036
624	12.99244	77.69034
625	12.99238	77.69033
626	12.99233	77.69030
627	12.99227	77.69027
628	12.99221	77.69024
629	12.99214	77.69022
630	12.99208	77.69019
631	12.99203	77.69017
632	12.99197	77.69015
633	12.99191	77.69013
634	12.99184	77.69012
635	12.99178	77.69011
636	12.99172	77.69010
637	12.99166	77.69009
638	12.99161	77.69008
639	12.99155	77.69006
640	12.99149	77.69005
641	12.99143	77.69002
642	12.99136	77.69000
643	12.99130	77.68998
644	12.99125	77.68995
645	12.99118	77.68992
646	12.99113	77.68990
647	12.99108	77.68986
648	12.99101	77.68982
649	12.99095	77.68979
650	12.99089	77.68976
651	12.99083	77.68973
652	12.99077	77.68969
653	12.99070	77.68964
654	12.99065	77.68959
655	12.99060	77.68954
656	12.99054	77.68949
657	12.99048	77.68945
658	12.99043	77.68940
659	12.99037	77.68935
660	12.99032	77.68931
661	12.99026	77.68925
662	12.99023	77.68920
663	12.99018	77.68913
664	12.99012	77.68908
665	12.99007	77.68901
666	12.99003	77.68896
667	12.99001	77.68891
668	12.98999	77.68885
669	12.98997	77.68880
670	12.98996	77.68874
671	12.98994	77.68869
672	12.98992	77.68864
673	12.98991	77.68858
674	12.98989	77.68853
675	12.98995	77.68848
676	12.99001	77.68843
677	12.99006	77.68839
678	12.99012	77.68834
679	12.99017	77.68830
680	12.99023	77.68826
681	12.99029	77.68821
682	12.99035	77.68816
683	12.99040	77.68810
684	12.99045	77.68806
685	12.99051	77.68801
686	12.99056	77.68797
687	12.99062	77.68792
688	12.99067	77.68788
689	12.99073	77.68784
690	12.99079	77.68780
691	12.99085	77.68776
692	12.99091	77.68772
693	12.99097	77.68767
694	12.99103	77.68763
695	12.99108	77.68759
696	12.99114	77.68754
697	12.99120	77.68750
698	12.99126	77.68746
699	12.99132	77.68742
700	12.99137	77.68737
701	12.99143	77.68733
702	12.99149	77.68729
703	12.99155	77.68725
704	12.99161	77.68721
705	12.99167	77.68716
706	12.99173	77.68711
707	12.99178	77.68707
708	12.99184	77.68703
709	12.99190	77.68699
710	12.99196	77.68694
711	12.99202	77.68690
712	12.99208	77.68687
713	12.99213	77.68684
714	12.99219	77.68679
715	12.99226	77.68674
716	12.99232	77.68670
717	12.99237	77.68666
718	12.99243	77.68660
719	12.99248	77.68656
720	12.99254	77.68652
721	12.99259	77.68648
722	12.99265	77.68643
723	12.99271	77.68638
724	12.99277	77.68633
725	12.99283	77.68629
726	12.99289	77.68624
727	12.99294	77.68621
728	12.99300	77.68616
729	12.99306	77.68612
730	12.99311	77.68608
731	12.99317	77.68603
732	12.99323	77.68598
733	12.99328	77.68594
734	12.99334	77.68589
735	12.99340	77.68585
736	12.99345	77.68581
737	12.99352	77.68577
738	12.99357	77.68573
739	12.99363	77.68569
740	12.99370	77.68564
741	12.99375	77.68560
742	12.99381	77.68555
743	12.99387	77.68551
744	12.99392	77.68547
745	12.99398	77.68543
746	12.99404	77.68538
747	12.99409	77.68535
748	12.99415	77.68530
749	12.99421	77.68525
750	12.99427	77.68521
751	12.99433	77.68518
752	12.99439	77.68515
753	12.99444	77.68512
754	12.99449	77.68508
755	12.99455	77.68504
756	12.99461	77.68499
757	12.99467	77.68495
758	12.99473	77.68491
759	12.99478	77.68488
760	12.99484	77.68484
761	12.99489	77.68481
762	12.99495	77.68477
763	12.99500	77.68474
764	12.99505	77.68468
765	12.99513	77.68463
766	12.99519	77.68460
767	12.99524	77.68457
768	12.99534	77.68450
769	12.99544	77.68447
770	12.99550	77.68445
771	12.99555	77.68440
772	12.99562	77.68436
773	12.99568	77.68433
774	12.99573	77.68429
775	12.99581	77.68423
776	12.99586	77.68420
777	12.99596	77.68413
778	12.99603	77.68409
779	12.99609	77.68406
780	12.99614	77.68403
781	12.99621	77.68400
782	12.99629	77.68393
783	12.99639	77.68387
784	12.99644	77.68384
785	12.99649	77.68379
786	12.99654	77.68376
787	12.99661	77.68372
788	12.99666	77.68367
789	12.99671	77.68364
790	12.99677	77.68360
791	12.99683	77.68356
792	12.99688	77.68352
793	12.99697	77.68348
794	12.99703	77.68345
795	12.99708	77.68342
796	12.99713	77.68337
797	12.99724	77.68331
798	12.99729	77.68327
799	12.99734	77.68324
800	12.99740	77.68320
801	12.99745	77.68317
802	12.99750	77.68314
803	12.99755	77.68311
804	12.99762	77.68306
805	12.99768	77.68303
806	12.99773	77.68300
807	12.99780	77.68297
808	12.99785	77.68292
809	12.99791	77.68288
810	12.99796	77.68284
811	12.99802	77.68280
812	12.99808	77.68275
813	12.99814	77.68272
814	12.99821	77.68270
815	12.99827	77.68267
816	12.99833	77.68263
817	12.99840	77.68259
818	12.99846	77.68256
819	12.99851	77.68253
820	12.99856	77.68249
821	12.99863	77.68246
822	12.99868	77.68243
823	12.99874	77.68241
824	12.99879	77.68236
825	12.99885	77.68233
826	12.99891	77.68228
827	12.99896	77.68217
828	12.99898	77.68210
829	12.99900	77.68204
830	12.99902	77.68197
831	12.99903	77.68191
832	12.99903	77.68185
833	12.99903	77.68178
834	12.99904	77.68172
835	12.99904	77.68165
836	12.99904	77.68159
837	12.99904	77.68151
838	12.99904	77.68145
839	12.99903	77.68139
840	12.99902	77.68134
841	12.99902	77.68128
842	12.99902	77.68121
843	12.99902	77.68115
844	12.99902	77.68107
845	12.99901	77.68101
846	12.99900	77.68094
847	12.99899	77.68089
848	12.99899	77.68083
849	12.99899	77.68076
850	12.99898	77.68070
851	12.99898	77.68063
852	12.99898	77.68057
853	12.99897	77.68051
854	12.99897	77.68045
855	12.99897	77.68039
856	12.99897	77.68032
857	12.99897	77.68026
858	12.99897	77.68019
859	12.99897	77.68013
860	12.99897	77.68006
861	12.99897	77.68000
862	12.99897	77.67994
863	12.99897	77.67987
864	12.99897	77.67981
865	12.99897	77.67973
866	12.99899	77.67967
867	12.99899	77.67960
868	12.99899	77.67954
869	12.99899	77.67947
870	12.99899	77.67941
871	12.99899	77.67935
872	12.99899	77.67928
873	12.99899	77.67922
874	12.99899	77.67915
875	12.99899	77.67909
876	12.99898	77.67903
877	12.99898	77.67897
878	12.99896	77.67892
879	12.99896	77.67885
880	12.99896	77.67879
881	12.99896	77.67872
882	12.99894	77.67867
883	12.99894	77.67861
884	12.99894	77.67854
885	12.99894	77.67848
886	12.99893	77.67841
887	12.99892	77.67836
888	12.99892	77.67829
889	12.99891	77.67823
890	12.99890	77.67818
891	12.99890	77.67811
892	12.99890	77.67805
893	12.99889	77.67799
894	12.99889	77.67793
895	12.99888	77.67788
896	12.99887	77.67781
897	12.99888	77.67775
898	12.99894	77.67786
899	12.99898	77.67794
900	12.99900	77.67800
901	12.99904	77.67806
902	12.99908	77.67812
903	12.99912	77.67819
904	12.99916	77.67825
905	12.99919	77.67830
906	12.99922	77.67836
907	12.99926	77.67842
908	12.99929	77.67848
909	12.99932	77.67854
910	12.99935	77.67860
911	12.99938	77.67866
912	12.99938	77.67853
913	12.99938	77.67848
914	12.99938	77.67843
915	12.99938	77.67837
916	12.99939	77.67831
917	12.99944	77.67829
918	12.99950	77.67827
919	12.99955	77.67827
920	12.99961	77.67826
921	12.99967	77.67825
922	12.99972	77.67824
923	12.99978	77.67821
924	12.99984	77.67820
925	12.99989	77.67819
926	12.99996	77.67819
927	13.00002	77.67817
928	13.00008	77.67817
929	13.00013	77.67816
930	13.00019	77.67814
931	13.00025	77.67814
932	13.00030	77.67813
933	13.00036	77.67811
934	13.00041	77.67811
935	13.00047	77.67810
936	13.00052	77.67810
937	13.00058	77.67808
938	13.00063	77.67808
939	13.00069	77.67808
940	13.00076	77.67808
941	13.00081	77.67807
942	13.00087	77.67806
943	13.00093	77.67805
944	13.00099	77.67805
945	13.00105	77.67803
946	13.00112	77.67801
947	13.00117	77.67798
948	13.00123	77.67795
949	13.00129	77.67792
950	13.00136	77.67792
951	13.00142	77.67792
952	13.00147	77.67792
953	13.00153	77.67793
954	13.00159	77.67793
955	13.00165	77.67793
956	13.00170	77.67794
957	13.00176	77.67795
958	13.00181	77.67798
959	13.00187	77.67804
960	13.00192	77.67810
961	13.00196	77.67816
962	13.00202	77.67821
963	13.00209	77.67826
964	13.00214	77.67828
965	13.00220	77.67830
966	13.00226	77.67830
967	13.00231	77.67831
968	13.00236	77.67831
969	13.00243	77.67832
970	13.00249	77.67832
971	13.00255	77.67831
972	13.00260	77.67831
973	13.00266	77.67830
974	13.00271	77.67829
975	13.00277	77.67828
976	13.00283	77.67828
977	13.00288	77.67828
978	13.00294	77.67828
979	13.00300	77.67828
980	13.00306	77.67828
981	13.00311	77.67827
982	13.00317	77.67826
983	13.00323	77.67825
984	13.00329	77.67825
985	13.00336	77.67825
986	13.00342	77.67825
987	13.00347	77.67824
988	13.00353	77.67824
989	13.00360	77.67824
990	13.00366	77.67823
991	13.00369	77.67818
992	13.00370	77.67813
993	13.00370	77.67806
994	13.00371	77.67801
995	13.00372	77.67796
996	13.00372	77.67789
997	13.00373	77.67784
998	13.00373	77.67778
999	13.00373	77.67773
1000	13.00374	77.67767
1001	13.00374	77.67762
1002	13.00376	77.67755
1003	13.00378	77.67749
1004	13.00379	77.67744
1005	13.00379	77.67738
1006	13.00379	77.67731
1007	13.00380	77.67726
1008	13.00382	77.67719
1009	13.00384	77.67713
1010	13.00385	77.67707
1011	13.00384	77.67701
1012	13.00384	77.67695
1013	13.00386	77.67688
1014	13.00386	77.67682
1015	13.00392	77.67678
1016	13.00395	77.67672
1017	13.00395	77.67665
1018	13.00395	77.67660
1019	13.00394	77.67654
1020	13.00393	77.67649
1021	13.00393	77.67642
1022	13.00393	77.67637
1023	13.00392	77.67630
1024	13.00392	77.67625
1025	13.00398	77.67623
1026	13.00403	77.67621
1027	13.00410	77.67619
1028	13.00416	77.67617
1029	13.00422	77.67615
1030	13.00427	77.67614
1031	13.00433	77.67613
1032	13.00439	77.67611
1033	13.00446	77.67609
1034	13.00452	77.67606
1035	13.00458	77.67604
1036	13.00464	77.67602
1037	13.00470	77.67599
1038	13.00476	77.67596
1039	13.00483	77.67593
1040	13.00489	77.67591
1041	13.00495	77.67588
1042	13.00502	77.67585
1043	13.00507	77.67583
1044	13.00514	77.67580
1045	13.00519	77.67576
1046	13.00525	77.67573
1047	13.00531	77.67571
1048	13.00537	77.67567
1049	13.00543	77.67562
1050	13.00546	77.67556
1051	13.00552	77.67550
1052	13.00558	77.67547
1053	13.00563	77.67551
1054	13.00569	77.67554
1055	13.00575	77.67556
1056	13.00581	77.67559
1057	13.00588	77.67562
1058	13.00594	77.67565
1059	13.00599	77.67568
1060	13.00605	77.67567
1061	13.00611	77.67564
1062	13.00617	77.67562
1063	13.00623	77.67560
1064	13.00630	77.67559
1065	13.00636	77.67559
1066	13.00641	77.67560
1067	13.00647	77.67560
1068	13.00652	77.67560
1069	13.00659	77.67561
1070	13.00665	77.67564
1071	13.00671	77.67566
1072	13.00677	77.67569
1073	13.00683	77.67571
1074	13.00688	77.67572
1075	13.00695	77.67574
1076	13.00701	77.67576
1077	13.00707	77.67579
1078	13.00712	77.67581
1079	13.00718	77.67584
1080	13.00724	77.67588
1081	13.00728	77.67593
1082	13.00725	77.67599
1083	13.00722	77.67604
1084	13.00720	77.67609
1085	13.00718	77.67615
1086	13.00715	77.67620
1087	13.00711	77.67627
1088	13.00708	77.67632
1089	13.00705	77.67638
1090	13.00702	77.67643
1091	13.00699	77.67649
1092	13.00695	77.67655
1093	13.00692	77.67661
1094	13.00689	77.67667
1095	13.00686	77.67672
1096	13.00683	77.67677
1097	13.00680	77.67683
1098	13.00677	77.67689
1099	13.00674	77.67694
1100	13.00672	77.67700
1101	13.00670	77.67705
1102	13.00675	77.67709
1103	13.00681	77.67714
1104	13.00686	77.67717
1105	13.00692	77.67720
1106	13.00699	77.67723
1107	13.00706	77.67725
1108	13.00711	77.67725
1109	13.00717	77.67725
1110	13.00722	77.67725
1111	13.00728	77.67724
1112	13.00735	77.67723
1113	13.00741	77.67723
1114	13.00748	77.67724
1115	13.00753	77.67726
1116	13.00760	77.67727
1117	13.00766	77.67729
1118	13.00772	77.67731
1119	13.00778	77.67733
1120	13.00785	77.67735
1121	13.00791	77.67738
1122	13.00796	77.67741
1123	13.00802	77.67742
1124	13.00808	77.67745
1125	13.00814	77.67747
1126	13.00821	77.67748
1127	13.00827	77.67751
1128	13.00834	77.67753
1129	13.00840	77.67755
1130	13.00846	77.67756
1131	13.00852	77.67758
1132	13.00857	77.67758
1133	13.00863	77.67759
1134	13.00869	77.67761
1135	13.00874	77.67763
1136	13.00880	77.67764
1137	13.00886	77.67765
1138	13.00892	77.67766
1139	13.00897	77.67767
1140	13.00903	77.67768
1141	13.00908	77.67768
1142	13.00914	77.67769
1143	13.00920	77.67770
1144	13.00926	77.67772
1145	13.00932	77.67774
1146	13.00937	77.67775
1147	13.00942	77.67776
1148	13.00948	77.67777
1149	13.00954	77.67779
1150	13.00953	77.67784
1151	13.00947	77.67789
1152	13.00942	77.67792
1153	13.00937	77.67795
1154	13.00931	77.67796
1155	13.00925	77.67795
1156	13.00920	77.67795
1157	13.00914	77.67797
1158	13.00908	77.67797
1159	13.00902	77.67798
1160	13.00896	77.67798
1161	13.00890	77.67799
1162	13.00883	77.67799
1163	13.00877	77.67799
1164	13.00871	77.67800
1165	13.00865	77.67800
1166	13.00860	77.67801
1167	13.00854	77.67804
1168	13.00848	77.67805
1169	13.00843	77.67806
1170	13.00837	77.67808
1171	13.00831	77.67810
1172	13.00826	77.67811
1173	13.00821	77.67812
1174	13.00815	77.67812
1175	13.00809	77.67813
1176	13.00803	77.67815
1177	13.00798	77.67817
1178	13.00792	77.67817
1179	13.00786	77.67819
1180	13.00780	77.67822
1181	13.00774	77.67824
1182	13.00768	77.67830
1183	13.00766	77.67836
1184	13.00762	77.67841
1185	13.00761	77.67847
1186	13.00760	77.67852
1187	13.00760	77.67859
1188	13.00761	77.67865
1189	13.00762	77.67871
1190	13.00765	77.67877
1191	13.00768	77.67883
1192	13.00772	77.67888
1193	13.00777	77.67893
1194	13.00781	77.67898
1195	13.00784	77.67904
1196	13.00786	77.67911
1197	13.00788	77.67917
1198	13.00789	77.67922
1199	13.00791	77.67929
1200	13.00792	77.67935
1201	13.00794	77.67941
1202	13.00795	77.67948
1203	13.00796	77.67954
1204	13.00797	77.67959
1205	13.00799	77.67964
1206	13.00801	77.67970
1207	13.00803	77.67976
1208	13.00805	77.67982
1209	13.00807	77.67988
1210	13.00809	77.67994
1211	13.00811	77.67999
1212	13.00811	77.68006
1213	13.00813	77.68012
1214	13.00810	77.68017
1215	13.00808	77.68023
1216	13.00806	77.68029
1217	13.00803	77.68034
1218	13.00801	77.68040
1219	13.00800	77.68046
1220	13.00798	77.68051
1221	13.00798	77.68057
1222	13.00797	77.68062
1223	13.00798	77.68069
1224	13.00802	77.68074
1225	13.00808	77.68077
1226	13.00814	77.68080
1227	13.00820	77.68083
1228	13.00826	77.68087
1229	13.00828	77.68092
1230	13.00831	77.68100
1231	13.00834	77.68105
1232	13.00836	77.68111
1233	13.00838	77.68117
1234	13.00841	77.68123
1235	13.00845	77.68130
1236	13.00848	77.68135
1237	13.00853	77.68141
1238	13.00857	77.68147
1239	13.00861	77.68152
1240	13.00864	77.68159
1241	13.00868	77.68165
1242	13.00874	77.68172
1243	13.00877	77.68178
1244	13.00878	77.68183
1245	13.00886	77.68187
1246	13.00894	77.68187
1247	13.00902	77.68186
1248	13.00909	77.68186
1249	13.00917	77.68185
1250	13.00924	77.68183
1251	13.00932	77.68183
1252	13.00938	77.68182
1253	13.00945	77.68180
1254	13.00954	77.68180
1255	13.00962	77.68180
1256	13.00959	77.68185
1257	13.00954	77.68189
1258	13.00947	77.68194
1259	13.00942	77.68198
1260	13.00937	77.68202
1261	13.00931	77.68206
1262	13.00926	77.68210
1263	13.00920	77.68215
1264	13.00915	77.68219
1265	13.00908	77.68224
1266	13.00903	77.68229
1267	13.00897	77.68233
1268	13.00892	77.68239
1269	13.00887	77.68245
1270	13.00882	77.68250
1271	13.00877	77.68255
1272	13.00871	77.68260
1273	13.00865	77.68264
1274	13.00860	77.68269
1275	13.00854	77.68274
1276	13.00849	77.68280
1277	13.00843	77.68284
1278	13.00838	77.68290
1279	13.00834	77.68296
1280	13.00828	77.68301
1281	13.00822	77.68306
1282	13.00816	77.68310
1283	13.00811	77.68313
1284	13.00805	77.68317
1285	13.00799	77.68319
1286	13.00794	77.68322
1287	13.00788	77.68324
1288	13.00782	77.68327
1289	13.00777	77.68331
1290	13.00770	77.68336
1291	13.00764	77.68341
1292	13.00759	77.68345
1293	13.00753	77.68349
1294	13.00748	77.68353
1295	13.00742	77.68358
1296	13.00736	77.68363
1297	13.00730	77.68367
1298	13.00725	77.68372
1299	13.00719	77.68377
1300	13.00713	77.68381
1301	13.00708	77.68385
1302	13.00703	77.68390
1303	13.00697	77.68395
1304	13.00691	77.68400
1305	13.00687	77.68405
1306	13.00682	77.68411
1307	13.00675	77.68416
1308	13.00669	77.68421
1309	13.00665	77.68426
1310	13.00660	77.68433
1311	13.00655	77.68438
1312	13.00649	77.68443
1313	13.00643	77.68447
1314	13.00638	77.68451
1315	13.00632	77.68453
1316	13.00625	77.68459
1317	13.00620	77.68463
1318	13.00614	77.68466
1319	13.00608	77.68469
1320	13.00603	77.68472
1321	13.00597	77.68476
1322	13.00591	77.68479
1323	13.00585	77.68482
1324	13.00579	77.68485
1325	13.00574	77.68489
1326	13.00569	77.68492
1327	13.00563	77.68496
1328	13.00557	77.68499
1329	13.00552	77.68501
1330	13.00546	77.68504
1331	13.00539	77.68508
1332	13.00533	77.68512
1333	13.00527	77.68515
1334	13.00521	77.68519
1335	13.00515	77.68523
1336	13.00509	77.68529
1337	13.00503	77.68532
1338	13.00497	77.68536
1339	13.00492	77.68539
1340	13.00486	77.68542
1341	13.00481	77.68546
1342	13.00475	77.68550
1343	13.00470	77.68553
1344	13.00464	77.68556
1345	13.00459	77.68559
1346	13.00453	77.68563
1347	13.00447	77.68566
1348	13.00441	77.68571
1349	13.00435	77.68574
1350	13.00429	77.68578
1351	13.00424	77.68581
1352	13.00418	77.68585
1353	13.00412	77.68588
1354	13.00406	77.68592
1355	13.00400	77.68596
1356	13.00394	77.68599
1357	13.00389	77.68602
1358	13.00382	77.68605
1359	13.00377	77.68609
1360	13.00373	77.68614
1361	13.00374	77.68619
1362	13.00376	77.68624
1363	13.00379	77.68630
1364	13.00382	77.68635
1365	13.00385	77.68641
1366	13.00388	77.68646
1367	13.00391	77.68652
1368	13.00395	77.68658
1369	13.00399	77.68664
1370	13.00402	77.68670
1371	13.00405	77.68676
1372	13.00409	77.68682
1373	13.00412	77.68687
1374	13.00415	77.68693
1375	13.00418	77.68699
1376	13.00422	77.68705
1377	13.00425	77.68711
1378	13.00429	77.68716
1379	13.00433	77.68722
1380	13.00437	77.68728
1381	13.00439	77.68734
1382	13.00441	77.68739
1383	13.00444	77.68745
1384	13.00448	77.68751
1385	13.00450	77.68757
1386	13.00453	77.68762
1387	13.00458	77.68768
1388	13.00461	77.68773
1389	13.00465	77.68778
1390	13.00469	77.68783
1391	13.00472	77.68789
1392	13.00475	77.68794
1393	13.00477	77.68800
1394	13.00480	77.68805
1395	13.00482	77.68811
1396	13.00486	77.68816
1397	13.00489	77.68822
1398	13.00491	77.68828
1399	13.00493	77.68833
1400	13.00495	77.68838
1401	13.00497	77.68844
1402	13.00499	77.68849
1403	13.00501	77.68854
1404	13.00504	77.68859
1405	13.00507	77.68865
1406	13.00510	77.68871
1407	13.00513	77.68877
1408	13.00516	77.68882
1409	13.00519	77.68888
1410	13.00522	77.68893
1411	13.00525	77.68899
1412	13.00529	77.68904
1413	13.00532	77.68910
1414	13.00535	77.68915
1415	13.00538	77.68921
1416	13.00541	77.68927
1417	13.00544	77.68932
1418	13.00548	77.68938
1419	13.00550	77.68944
1420	13.00553	77.68949
1421	13.00556	77.68955
1422	13.00559	77.68962
1423	13.00562	77.68967
1424	13.00564	77.68972
1425	13.00566	77.68978
1426	13.00568	77.68983
1427	13.00571	77.68989
1428	13.00573	77.68994
1429	13.00575	77.68999
1430	13.00578	77.69006
1431	13.00581	77.69011
1432	13.00585	77.69017
1433	13.00588	77.69022
1434	13.00591	77.69028
1435	13.00593	77.69033
1436	13.00596	77.69038
1437	13.00598	77.69045
1438	13.00601	77.69050
1439	13.00603	77.69056
1440	13.00606	77.69062
1441	13.00609	77.69068
1442	13.00612	77.69073
1443	13.00613	77.69079
1444	13.00615	77.69084
1445	13.00618	77.69091
1446	13.00620	77.69097
1447	13.00622	77.69103
1448	13.00624	77.69108
1449	13.00625	77.69115
1450	13.00627	77.69120
1451	13.00628	77.69126
1452	13.00630	77.69132
1453	13.00631	77.69137
1454	13.00632	77.69143
1455	13.00634	77.69149
1456	13.00635	77.69155
1457	13.00636	77.69161
1458	13.00637	77.69166
1459	13.00638	77.69172
1460	13.00639	77.69179
1461	13.00640	77.69184
1462	13.00641	77.69189
1463	13.00643	77.69194
1464	13.00644	77.69200
1465	13.00647	77.69206
1466	13.00648	77.69211
1467	13.00650	77.69216
1468	13.00651	77.69222
1469	13.00652	77.69227
1470	13.00654	77.69233
1471	13.00655	77.69238
1472	13.00657	77.69244
1473	13.00658	77.69249
1474	13.00659	77.69255
1475	13.00660	77.69260
1476	13.00661	77.69266
1477	13.00662	77.69272
1478	13.00664	77.69277
1479	13.00666	77.69283
1480	13.00668	77.69288
1481	13.00670	77.69294
1482	13.00671	77.69299
1483	13.00672	77.69305
1484	13.00674	77.69311
1485	13.00675	77.69316
1486	13.00676	77.69322
1487	13.00677	77.69328
1488	13.00677	77.69334
1489	13.00678	77.69340
1490	13.00678	77.69345
1491	13.00679	77.69351
1492	13.00679	77.69357
1493	13.00679	77.69362
1494	13.00680	77.69369
1495	13.00681	77.69375
1496	13.00682	77.69380
1497	13.00683	77.69385
1498	13.00683	77.69391
1499	13.00684	77.69396
1500	13.00685	77.69402
1501	13.00687	77.69408
1502	13.00688	77.69414
1503	13.00689	77.69419
1504	13.00690	77.69424
1505	13.00690	77.69431
1506	13.00691	77.69438
1507	13.00691	77.69443
1508	13.00693	77.69449
1509	13.00694	77.69455
1510	13.00694	77.69461
1511	13.00695	77.69467
1512	13.00695	77.69473
1513	13.00695	77.69479
1514	13.00695	77.69486
1515	13.00695	77.69492
1516	13.00695	77.69498
1517	13.00695	77.69504
1518	13.00695	77.69509
1519	13.00694	77.69515
1520	13.00694	77.69521
1521	13.00694	77.69526
1522	13.00694	77.69531
1523	13.00694	77.69537
1524	13.00694	77.69543
1525	13.00695	77.69549
1526	13.00696	77.69554
1527	13.00696	77.69560
1528	13.00696	77.69565
1529	13.00696	77.69571
1530	13.00695	77.69576
1531	13.00695	77.69582
1532	13.00695	77.69588
1533	13.00695	77.69594
1534	13.00695	77.69599
1535	13.00693	77.69605
1536	13.00692	77.69611
1537	13.00691	77.69617
1538	13.00691	77.69623
1539	13.00691	77.69628
1540	13.00691	77.69633
1541	13.00691	77.69639
1542	13.00691	77.69645
1543	13.00691	77.69652
1544	13.00692	77.69658
1545	13.00692	77.69664
1546	13.00693	77.69669
1547	13.00694	77.69674
1548	13.00694	77.69679
1549	13.00695	77.69685
