Rank	Latitude	Longitude
1	12.96084	77.69019
2	12.96090	77.69018
3	12.96096	77.69017
4	12.96102	77.69016
5	12.96109	77.69015
6	12.96115	77.69015
7	12.96122	77.69014
8	12.96127	77.69013
9	12.96133	77.69012
10	12.96138	77.69012
11	12.96143	77.69011
12	12.96149	77.69010
13	12.96155	77.69010
14	12.96161	77.69009
15	12.96167	77.69008
16	12.96173	77.69008
17	12.96179	77.69008
18	12.96185	77.69007
19	12.96191	77.69006
20	12.96197	77.69005
21	12.96203	77.69003
22	12.96208	77.69003
23	12.96214	77.69001
24	12.96220	77.69001
25	12.96226	77.69000
26	12.96232	77.69000
27	12.96237	77.68999
28	12.96245	77.68998
29	12.96251	77.68997
30	12.96258	77.68996
31	12.96265	77.68995
32	12.96271	77.68994
33	12.96276	77.68994
34	12.96282	77.68993
35	12.96287	77.68992
36	12.96294	77.68991
37	12.96301	77.68990
38	12.96307	77.68989
39	12.96313	77.68988
40	12.96318	77.68986
41	12.96324	77.68985
42	12.96329	77.68985
43	12.96334	77.68984
44	12.96340	77.68983
45	12.96346	77.68983
46	12.96352	77.68983
47	12.96357	77.68983
48	12.96364	77.68982
49	12.96370	77.68982
50	12.96376	77.68982
51	12.96382	77.68982
52	12.96388	77.68982
53	12.96393	77.68983
54	12.96400	77.68983
55	12.96406	77.68983
56	12.96412	77.68983
57	12.96418	77.68982
58	12.96424	77.68982
59	12.96430	77.68981
60	12.96436	77.68981
61	12.96443	77.68981
62	12.96450	77.68981
63	12.96455	77.68981
64	12.96460	77.68980
65	12.96466	77.68980
66	12.96472	77.68979
67	12.96478	77.68979
68	12.96484	77.68979
69	12.96492	77.68979
70	12.96497	77.68978
71	12.96502	77.68977
72	12.96508	77.68976
73	12.96514	77.68973
74	12.96519	77.68969
75	12.96525	77.68965
76	12.96530	77.68962
77	12.96535	77.68959
78	12.96541	77.68957
79	12.96547	77.68952
80	12.96553	77.68946
81	12.96558	77.68942
82	12.96564	77.68937
83	12.96570	77.68933
84	12.96577	77.68930
85	12.96582	77.68928
86	12.96589	77.68926
87	12.96595	77.68925
88	12.96600	77.68924
89	12.96605	77.68924
90	12.96611	77.68923
91	12.96618	77.68922
92	12.96624	77.68921
93	12.96630	77.68920
94	12.96635	77.68920
95	12.96643	77.68920
96	12.96649	77.68920
97	12.96655	77.68920
98	12.96661	77.68921
99	12.96667	77.68922
100	12.96674	77.68922
101	12.96679	77.68922
102	12.96685	77.68922
103	12.96691	77.68922
104	12.96697	77.68921
105	12.96703	77.68920
106	12.96708	77.68919
107	12.96714	77.68918
108	12.96721	77.68918
109	12.96727	77.68917
110	12.96732	77.68916
111	12.96738	77.68917
112	12.96743	77.68916
113	12.96746	77.68911
114	12.96748	77.68904
115	12.96749	77.68899
116	12.96755	77.68894
117	12.96762	77.68894
118	12.96768	77.68894
119	12.96774	77.68894
120	12.96774	77.68888
121	12.96775	77.68882
122	12.96776	77.68876
123	12.96777	77.68870
124	12.96778	77.68864
125	12.96780	77.68858
126	12.96781	77.68852
127	12.96783	77.68846
128	12.96784	77.68841
129	12.96785	77.68835
130	12.96785	77.68829
131	12.96786	77.68822
132	12.96789	77.68816
133	12.96790	77.68810
134	12.96792	77.68805
135	12.96793	77.68799
136	12.96795	77.68794
137	12.96797	77.68789
138	12.96799	77.68783
139	12.96802	77.68777
140	12.96804	77.68772
141	12.96807	77.68766
142	12.96811	77.68760
143	12.96814	77.68755
144	12.96819	77.68749
145	12.96824	77.68745
146	12.96830	77.68745
147	12.96836	77.68747
148	12.96842	77.68749
149	12.96845	77.68743
150	12.96847	77.68737
151	12.96850	77.68732
152	12.96856	77.68728
153	12.96862	77.68725
154	12.96867	77.68725
155	12.96873	77.68723
156	12.96879	77.68723
157	12.96884	77.68724
158	12.96890	77.68725
159	12.96896	77.68727
160	12.96901	77.68729
161	12.96908	77.68731
162	12.96913	77.68733
163	12.96918	77.68735
164	12.96924	77.68736
165	12.96929	77.68738
166	12.96935	77.68739
167	12.96941	77.68741
168	12.96946	77.68743
169	12.96953	77.68745
170	12.96958	77.68747
171	12.96964	77.68749
172	12.96970	77.68751
173	12.96977	77.68753
174	12.96982	77.68756
175	12.96987	77.68758
176	12.96993	77.68761
177	12.96999	77.68762
178	12.97006	77.68765
179	12.97011	77.68767
180	12.97018	77.68770
181	12.97024	77.68772
182	12.97029	77.68773
183	12.97036	77.68776
184	12.97041	77.68778
185	12.97047	77.68780
186	12.97052	77.68782
187	12.97057	77.68784
188	12.97063	77.68784
189	12.97069	77.68785
190	12.97075	77.68786
191	12.97081	77.68786
192	12.97087	77.68789
193	12.97093	77.68792
194	12.97098	77.68792
195	12.97104	77.68793
196	12.97110	77.68793
197	12.97116	77.68794
198	12.97122	77.68794
199	12.97128	77.68794
200	12.97135	77.68794
201	12.97141	77.68795
202	12.97148	77.68795
203	12.97153	77.68795
204	12.97159	77.68795
205	12.97165	77.68795
206	12.97172	77.68795
207	12.97178	77.68796
208	12.97183	77.68797
209	12.97189	77.68794
210	12.97195	77.68788
211	12.97199	77.68782
212	12.97203	77.68776
213	12.97207	77.68770
214	12.97210	77.68765
215	12.97214	77.68759
216	12.97217	77.68753
217	12.97220	77.68747
218	12.97224	77.68741
219	12.97229	77.68736
220	12.97234	77.68729
221	12.97238	77.68724
222	12.97243	77.68719
223	12.97248	77.68714
224	12.97253	77.68710
225	12.97259	77.68706
226	12.97265	77.68702
227	12.97271	77.68699
228	12.97277	77.68696
229	12.97282	77.68693
230	12.97288	77.68690
231	12.97294	77.68686
232	12.97301	77.68680
233	12.97307	77.68675
234	12.97312	77.68670
235	12.97318	77.68664
236	12.97323	77.68660
237	12.97328	77.68657
238	12.97334	77.68652
239	12.97339	77.68645
240	12.97344	77.68640
241	12.97348	77.68633
242	12.97350	77.68628
243	12.97353	77.68623
244	12.97356	77.68617
245	12.97360	77.68612
246	12.97364	77.68606
247	12.97367	77.68601
248	12.97372	77.68595
249	12.97375	77.68590
250	12.97377	77.68585
251	12.97379	77.68578
252	12.97380	77.68571
253	12.97384	77.68566
254	12.97389	77.68561
255	12.97395	77.68556
256	12.97400	77.68553
257	12.97406	77.68550
258	12.97412	77.68549
259	12.97418	77.68547
260	12.97424	77.68545
261	12.97430	77.68544
262	12.97435	77.68543
263	12.97441	77.68542
264	12.97447	77.68542
265	12.97454	77.68541
266	12.97460	77.68540
267	12.97466	77.68539
268	12.97471	77.68539
269	12.97477	77.68538
270	12.97483	77.68538
271	12.97489	77.68538
272	12.97494	77.68536
273	12.97500	77.68536
274	12.97506	77.68537
275	12.97511	77.68538
276	12.97516	77.68539
277	12.97523	77.68541
278	12.97530	77.68541
279	12.97535	77.68542
280	12.97541	77.68545
281	12.97548	77.68548
282	12.97554	77.68549
283	12.97560	77.68550
284	12.97566	77.68551
285	12.97572	77.68553
286	12.97578	77.68554
287	12.97583	77.68556
288	12.97588	77.68557
289	12.97594	77.68559
290	12.97601	77.68561
291	12.97606	77.68563
292	12.97611	77.68564
293	12.97616	77.68568
294	12.97622	77.68574
295	12.97626	77.68579
296	12.97631	77.68586
297	12.97637	77.68592
298	12.97641	77.68597
299	12.97645	77.68603
300	12.97650	77.68609
301	12.97654	77.68614
302	12.97659	77.68619
303	12.97665	77.68625
304	12.97669	77.68630
305	12.97675	77.68637
306	12.97679	77.68642
307	12.97684	77.68648
308	12.97689	77.68654
309	12.97694	77.68660
310	12.97698	77.68665
311	12.97704	77.68672
312	12.97709	77.68677
313	12.97713	77.68683
314	12.97719	77.68689
315	12.97723	77.68695
316	12.97728	77.68700
317	12.97732	77.68705
318	12.97737	77.68710
319	12.97741	77.68715
320	12.97745	77.68722
321	12.97749	77.68727
322	12.97753	77.68733
323	12.97756	77.68738
324	12.97759	77.68744
325	12.97763	77.68749
326	12.97766	77.68754
327	12.97768	77.68759
328	12.97771	77.68765
329	12.97775	77.68770
330	12.97779	77.68776
331	12.97783	77.68781
332	12.97787	77.68787
333	12.97791	77.68794
334	12.97794	77.68799
335	12.97797	77.68804
336	12.97802	77.68810
337	12.97806	77.68816
338	12.97808	77.68821
339	12.97805	77.68827
340	12.97802	77.68833
341	12.97799	77.68839
342	12.97796	77.68845
343	12.97793	77.68850
344	12.97790	77.68856
345	12.97787	77.68862
346	12.97784	77.68868
347	12.97781	77.68873
348	12.97778	77.68879
349	12.97776	77.68885
350	12.97772	77.68891
351	12.97769	77.68897
352	12.97766	77.68902
353	12.97763	77.68907
354	12.97759	77.68914
355	12.97756	77.68919
356	12.97753	77.68924
357	12.97750	77.68930
358	12.97746	77.68936
359	12.97742	77.68941
360	12.97739	77.68947
361	12.97736	77.68953
362	12.97733	77.68958
363	12.97729	77.68965
364	12.97727	77.68971
365	12.97733	77.68975
366	12.97738	77.68978
367	12.97745	77.68982
368	12.97751	77.68985
369	12.97757	77.68988
370	12.97763	77.68991
371	12.97769	77.68995
372	12.97776	77.68998
373	12.97781	77.69001
374	12.97787	77.69005
375	12.97793	77.69007
376	12.97799	77.69010
377	12.97805	77.69013
378	12.97810	77.69016
379	12.97816	77.69019
380	12.97823	77.69022
381	12.97829	77.69025
382	12.97835	77.69029
383	12.97841	77.69032
384	12.97847	77.69035
385	12.97852	77.69038
386	12.97858	77.69042
387	12.97864	77.69045
388	12.97870	77.69048
389	12.97876	77.69052
390	12.97882	77.69055
391	12.97887	77.69058
392	12.97894	77.69061
393	12.97900	77.69064
394	12.97905	77.69066
395	12.97911	77.69068
396	12.97917	77.69071
397	12.97923	77.69074
398	12.97930	77.69077
399	12.97935	77.69078
400	12.97941	77.69080
401	12.97947	77.69082
402	12.97953	77.69083
403	12.97958	77.69085
404	12.97964	77.69086
405	12.97970	77.69088
406	12.97976	77.69089
407	12.97983	77.69091
408	12.97990	77.69093
409	12.97996	77.69095
410	12.98002	77.69097
411	12.98008	77.69099
412	12.98013	77.69100
413	12.98018	77.69102
414	12.98024	77.69104
415	12.98030	77.69106
416	12.98037	77.69110
417	12.98043	77.69115
418	12.98047	77.69120
419	12.98049	77.69126
420	12.98049	77.69131
421	12.98049	77.69137
422	12.98048	77.69143
423	12.98046	77.69148
424	12.98045	77.69154
425	12.98045	77.69159
426	12.98043	77.69165
427	12.98043	77.69171
428	12.98041	77.69176
429	12.98040	77.69183
430	12.98039	77.69190
431	12.98039	77.69196
432	12.98037	77.69201
433	12.98036	77.69206
434	12.98035	77.69212
435	12.98035	77.69217
436	12.98035	77.69223
437	12.98035	77.69228
438	12.98038	77.69234
439	12.98041	77.69240
440	12.98044	77.69246
441	12.98047	77.69252
442	12.98049	77.69258
443	12.98050	77.69264
444	12.98049	77.69270
445	12.98048	77.69276
446	12.98047	77.69281
447	12.98045	77.69287
448	12.98044	77.69293
449	12.98043	77.69298
450	12.98043	77.69305
451	12.98043	77.69311
452	12.98043	77.69317
453	12.98044	77.69322
454	12.98046	77.69328
455	12.98048	77.69334
456	12.98049	77.69340
457	12.98050	77.69346
458	12.98051	77.69353
459	12.98051	77.69360
460	12.98051	77.69365
461	12.98052	77.69371
462	12.98052	77.69376
463	12.98053	77.69383
464	12.98054	77.69389
465	12.98054	77.69395
466	12.98054	77.69402
467	12.98054	77.69407
468	12.98054	77.69413
469	12.98054	77.69419
470	12.98053	77.69424
471	12.98052	77.69430
472	12.98046	77.69433
473	12.98041	77.69436
474	12.98035	77.69440
475	12.98029	77.69444
476	12.98023	77.69448
477	12.98017	77.69453
478	12.98011	77.69457
479	12.98005	77.69461
480	12.98009	77.69467
481	12.98011	77.69473
482	12.98015	77.69479
483	12.98016	77.69485
484	12.98016	77.69490
485	12.98016	77.69496
486	12.98016	77.69503
487	12.98016	77.69508
488	12.98016	77.69514
489	12.98017	77.69519
490	12.98018	77.69525
491	12.98018	77.69530
492	12.98018	77.69536
493	12.98017	77.69542
494	12.98011	77.69548
495	12.98005	77.69553
496	12.98002	77.69559
497	12.98001	77.69564
498	12.98000	77.69570
499	12.98000	77.69577
500	12.98000	77.69582
501	12.97999	77.69588
502	12.97999	77.69595
503	12.97998	77.69601
504	12.97998	77.69606
505	12.97998	77.69612
506	12.97997	77.69617
507	12.97997	77.69623
508	12.97997	77.69628
509	12.97998	77.69634
510	12.98004	77.69635
511	12.98010	77.69636
512	12.98015	77.69637
513	12.98022	77.69639
514	12.98028	77.69640
515	12.98034	77.69642
516	12.98040	77.69644
517	12.98046	77.69648
518	12.98052	77.69651
519	12.98058	77.69654
520	12.98065	77.69657
521	12.98071	77.69660
522	12.98077	77.69663
523	12.98083	77.69667
524	12.98089	77.69670
525	12.98095	77.69672
526	12.98100	77.69675
527	12.98107	77.69677
528	12.98112	77.69677
529	12.98118	77.69678
530	12.98125	77.69679
531	12.98130	77.69680
532	12.98136	77.69682
533	12.98141	77.69683
534	12.98147	77.69684
535	12.98152	77.69685
536	12.98159	77.69685
537	12.98164	77.69686
538	12.98169	77.69687
539	12.98176	77.69687
540	12.98182	77.69687
541	12.98188	77.69688
542	12.98193	77.69688
543	12.98199	77.69688
544	12.98204	77.69688
545	12.98210	77.69689
546	12.98216	77.69690
547	12.98221	77.69690
548	12.98227	77.69690
549	12.98233	77.69690
550	12.98238	77.69690
551	12.98243	77.69691
552	12.98248	77.69692
553	12.98254	77.69692
554	12.98261	77.69693
555	12.98267	77.69694
556	12.98273	77.69695
557	12.98278	77.69696
558	12.98285	77.69696
559	12.98291	77.69696
560	12.98296	77.69696
561	12.98302	77.69695
562	12.98307	77.69695
563	12.98313	77.69695
564	12.98319	77.69694
565	12.98325	77.69694
566	12.98330	77.69695
567	12.98336	77.69695
568	12.98342	77.69695
569	12.98348	77.69696
570	12.98353	77.69696
571	12.98359	77.69697
572	12.98366	77.69697
573	12.98372	77.69698
574	12.98378	77.69698
575	12.98384	77.69699
576	12.98389	77.69699
577	12.98396	77.69699
578	12.98401	77.69699
579	12.98406	77.69699
580	12.98413	77.69699
581	12.98419	77.69700
582	12.98425	77.69701
583	12.98431	77.69701
584	12.98437	77.69702
585	12.98443	77.69702
586	12.98448	77.69702
587	12.98454	77.69702
588	12.98461	77.69702
589	12.98466	77.69701
590	12.98472	77.69701
591	12.98478	77.69701
592	12.98484	77.69702
593	12.98489	77.69702
594	12.98495	77.69701
595	12.98500	77.69700
596	12.98506	77.69699
597	12.98512	77.69698
598	12.98519	77.69697
599	12.98524	77.69697
600	12.98529	77.69696
601	12.98535	77.69696
602	12.98540	77.69696
603	12.98547	77.69696
604	12.98553	77.69696
605	12.98559	77.69695
606	12.98565	77.69695
607	12.98570	77.69694
608	12.98576	77.69693
609	12.98581	77.69692
610	12.98587	77.69692
611	12.98593	77.69691
612	12.98599	77.69691
613	12.98604	77.69691
614	12.98610	77.69691
615	12.98615	77.69691
616	12.98621	77.69690
617	12.98627	77.69689
618	12.98633	77.69689
619	12.98639	77.69688
620	12.98645	77.69687
621	12.98651	77.69687
622	12.98656	77.69687
623	12.98663	77.69686
624	12.98668	77.69685
625	12.98673	77.69684
626	12.98679	77.69684
627	12.98686	77.69684
628	12.98692	77.69684
629	12.98699	77.69684
630	12.98705	77.69684
631	12.98710	77.69684
632	12.98716	77.69683
633	12.98722	77.69682
634	12.98728	77.69680
635	12.98734	77.69679
636	12.98741	77.69678
637	12.98747	77.69677
638	12.98753	77.69676
639	12.98759	77.69676
640	12.98764	77.69675
641	12.98769	77.69676
642	12.98775	77.69675
643	12.98781	77.69674
644	12.98786	77.69674
645	12.98792	77.69673
646	12.98799	77.69673
647	12.98805	77.69673
648	12.98811	77.69672
649	12.98817	77.69672
650	12.98822	77.69672
651	12.98828	77.69672
652	12.98835	77.69672
653	12.98841	77.69672
654	12.98846	77.69672
655	12.98852	77.69671
656	12.98857	77.69670
657	12.98863	77.69670
658	12.98869	77.69670
659	12.98875	77.69670
660	12.98881	77.69669
661	12.98888	77.69669
662	12.98893	77.69663
663	12.98894	77.69658
664	12.98895	77.69652
665	12.98896	77.69647
666	12.98897	77.69642
667	12.98897	77.69636
668	12.98898	77.69631
669	12.98898	77.69626
670	12.98897	77.69619
671	12.98897	77.69614
672	12.98897	77.69608
673	12.98896	77.69603
674	12.98896	77.69597
675	12.98896	77.69592
676	12.98895	77.69586
677	12.98895	77.69581
678	12.98894	77.69576
679	12.98893	77.69570
680	12.98893	77.69564
681	12.98893	77.69558
682	12.98894	77.69553
683	12.98894	77.69547
684	12.98895	77.69542
685	12.98896	77.69536
686	12.98896	77.69530
687	12.98896	77.69524
688	12.98896	77.69518
689	12.98896	77.69513
690	12.98896	77.69508
691	12.98896	77.69502
692	12.98896	77.69496
693	12.98896	77.69491
694	12.98897	77.69485
695	12.98900	77.69479
696	12.98902	77.69474
697	12.98904	77.69469
698	12.98906	77.69464
699	12.98908	77.69457
700	12.98911	77.69451
701	12.98913	77.69445
702	12.98916	77.69439
703	12.98919	77.69432
704	12.98921	77.69427
705	12.98924	77.69421
706	12.98927	77.69415
707	12.98929	77.69410
708	12.98932	77.69405
709	12.98935	77.69398
710	12.98937	77.69393
711	12.98940	77.69388
712	12.98943	77.69383
713	12.98946	77.69377
714	12.98949	77.69371
715	12.98952	77.69365
716	12.98954	77.69360
717	12.98957	77.69355
718	12.98959	77.69349
719	12.98962	77.69343
720	12.98965	77.69336
721	12.98967	77.69331
722	12.98969	77.69325
723	12.98972	77.69319
724	12.98975	77.69313
725	12.98978	77.69306
726	12.98982	77.69300
727	12.98985	77.69295
728	12.98987	77.69289
729	12.98990	77.69283
730	12.98992	77.69277
731	12.98994	77.69272
732	12.98996	77.69265
733	12.98998	77.69259
734	12.98999	77.69253
735	12.99002	77.69247
736	12.99004	77.69241
737	12.99007	77.69235
738	12.99010	77.69229
739	12.99012	77.69224
740	12.99013	77.69218
741	12.99015	77.69212
742	12.99017	77.69205
743	12.99019	77.69199
744	12.99022	77.69193
745	12.99025	77.69187
746	12.99027	77.69182
747	12.99028	77.69177
748	12.99028	77.69171
749	12.99028	77.69165
750	12.99028	77.69160
751	12.99027	77.69155
752	12.99027	77.69150
753	12.99027	77.69144
754	12.99026	77.69139
755	12.99027	77.69133
756	12.99027	77.69126
757	12.99027	77.69120
758	12.99028	77.69114
759	12.99028	77.69108
760	12.99029	77.69102
761	12.99031	77.69096
762	12.99032	77.69091
763	12.99032	77.69085
764	12.99033	77.69080
765	12.99034	77.69073
766	12.99036	77.69068
767	12.99037	77.69062
768	12.99039	77.69057
769	12.99041	77.69050
770	12.99042	77.69045
771	12.99043	77.69039
772	12.99045	77.69033
773	12.99047	77.69027
774	12.99049	77.69022
775	12.99050	77.69016
776	12.99052	77.69010
777	12.99054	77.69005
778	12.99054	77.68998
779	12.99056	77.68992
780	12.99058	77.68986
781	12.99062	77.68980
782	12.99064	77.68974
783	12.99065	77.68969
784	12.99067	77.68963
785	12.99064	77.68958
786	12.99058	77.68952
787	12.99053	77.68948
788	12.99047	77.68944
789	12.99041	77.68938
790	12.99035	77.68933
791	12.99029	77.68928
792	12.99025	77.68923
793	12.99021	77.68917
794	12.99016	77.68911
795	12.99010	77.68905
796	12.99006	77.68900
797	12.99002	77.68894
798	12.99000	77.68889
799	12.98998	77.68883
800	12.98997	77.68878
801	12.98995	77.68872
802	12.98993	77.68867
803	12.98992	77.68861
804	12.98990	77.68855
805	12.98992	77.68850
806	12.98998	77.68845
807	12.99003	77.68841
808	12.99008	77.68837
809	12.99014	77.68833
810	12.99020	77.68829
811	12.99025	77.68824
812	12.99031	77.68819
813	12.99036	77.68814
814	12.99042	77.68809
815	12.99047	77.68804
816	12.99053	77.68800
817	12.99059	77.68795
818	12.99064	77.68791
819	12.99070	77.68787
820	12.99075	77.68783
821	12.99082	77.68778
822	12.99087	77.68774
823	12.99093	77.68771
824	12.99099	77.68766
825	12.99104	77.68762
826	12.99110	77.68758
827	12.99115	77.68753
828	12.99121	77.68749
829	12.99128	77.68744
830	12.99133	77.68741
831	12.99139	77.68737
832	12.99145	77.68732
833	12.99150	77.68729
834	12.99156	77.68724
835	12.99162	77.68720
836	12.99168	77.68715
837	12.99173	77.68711
838	12.99178	77.68707
839	12.99184	77.68703
840	12.99190	77.68699
841	12.99196	77.68694
842	12.99202	77.68690
843	12.99208	77.68687
844	12.99213	77.68684
845	12.99219	77.68679
846	12.99226	77.68674
847	12.99232	77.68670
848	12.99237	77.68666
849	12.99243	77.68660
850	12.99248	77.68656
851	12.99254	77.68652
852	12.99259	77.68648
853	12.99265	77.68643
854	12.99271	77.68638
855	12.99277	77.68633
856	12.99283	77.68629
857	12.99289	77.68624
858	12.99294	77.68621
859	12.99300	77.68616
860	12.99306	77.68612
861	12.99311	77.68608
862	12.99317	77.68603
863	12.99323	77.68598
864	12.99328	77.68594
865	12.99334	77.68589
866	12.99340	77.68585
867	12.99345	77.68581
868	12.99352	77.68577
869	12.99357	77.68573
870	12.99363	77.68569
871	12.99370	77.68564
872	12.99375	77.68560
873	12.99381	77.68555
874	12.99387	77.68551
875	12.99392	77.68547
876	12.99398	77.68543
877	12.99404	77.68538
878	12.99409	77.68535
879	12.99415	77.68530
880	12.99421	77.68525
881	12.99427	77.68521
882	12.99433	77.68518
883	12.99439	77.68515
884	12.99444	77.68512
885	12.99449	77.68508
886	12.99455	77.68504
887	12.99461	77.68499
888	12.99467	77.68495
889	12.99473	77.68491
890	12.99478	77.68488
891	12.99484	77.68484
892	12.99489	77.68481
893	12.99495	77.68477
894	12.99500	77.68474
895	12.99505	77.68468
896	12.99499	77.68463
897	12.99494	77.68459
898	12.99488	77.68456
899	12.99482	77.68453
900	12.99476	77.68450
901	12.99470	77.68448
902	12.99464	77.68445
903	12.99457	77.68442
904	12.99451	77.68440
905	12.99445	77.68437
906	12.99439	77.68436
907	12.99433	77.68434
908	12.99428	77.68433
909	12.99421	77.68431
910	12.99415	77.68430
911	12.99410	77.68430
912	12.99404	77.68429
913	12.99399	77.68429
914	12.99394	77.68429
915	12.99388	77.68428
916	12.99383	77.68428
917	12.99377	77.68427
918	12.99372	77.68423
919	12.99369	77.68417
920	12.99367	77.68412
921	12.99366	77.68407
922	12.99365	77.68402
923	12.99364	77.68396
924	12.99363	77.68389
925	12.99363	77.68383
926	12.99362	77.68377
927	12.99361	77.68370
928	12.99359	77.68364
929	12.99354	77.68362
930	12.99349	77.68362
931	12.99344	77.68357
932	12.99344	77.68351
933	12.99344	77.68346
934	12.99344	77.68341
935	12.99342	77.68331
936	12.99342	77.68325
937	12.99343	77.68319
938	12.99350	77.68318
939	12.99351	77.68313
940	12.99351	77.68307
941	12.99349	77.68301
942	12.99347	77.68295
943	12.99346	77.68288
944	12.99346	77.68282
945	12.99346	77.68275
946	12.99346	77.68269
947	12.99346	77.68263
948	12.99346	77.68256
949	12.99346	77.68250
950	12.99346	77.68243
951	12.99346	77.68237
952	12.99344	77.68230
953	12.99344	77.68224
954	12.99343	77.68218
955	12.99342	77.68211
956	12.99342	77.68205
957	12.99341	77.68198
958	12.99341	77.68192
959	12.99340	77.68184
960	12.99339	77.68178
961	12.99339	77.68171
962	12.99339	77.68165
963	12.99338	77.68159
964	12.99338	77.68152
965	12.99338	77.68146
966	12.99337	77.68139
967	12.99336	77.68133
968	12.99336	77.68126
969	12.99336	77.68113
970	12.99338	77.68104
971	12.99338	77.68097
972	12.99338	77.68091
973	12.99338	77.68084
974	12.99338	77.68077
975	12.99338	77.68071
976	12.99337	77.68064
977	12.99336	77.68058
978	12.99335	77.68051
979	12.99335	77.68045
980	12.99335	77.68038
981	12.99335	77.68032
982	12.99335	77.68025
983	12.99337	77.68020
984	12.99337	77.68014
985	12.99337	77.68007
986	12.99337	77.68001
987	12.99338	77.67994
988	12.99339	77.67989
989	12.99340	77.67984
990	12.99341	77.67978
991	12.99342	77.67973
992	12.99343	77.67968
993	12.99346	77.67957
994	12.99347	77.67950
995	12.99347	77.67944
996	12.99347	77.67937
997	12.99348	77.67932
998	12.99349	77.67927
999	12.99349	77.67920
1000	12.99350	77.67914
1001	12.99351	77.67909
1002	12.99352	77.67903
1003	12.99352	77.67897
1004	12.99353	77.67890
1005	12.99353	77.67884
1006	12.99353	77.67877
1007	12.99353	77.67871
1008	12.99353	77.67865
1009	12.99353	77.67854
1010	12.99353	77.67847
1011	12.99352	77.67841
1012	12.99356	77.67834
1013	12.99359	77.67828
1014	12.99362	77.67821
1015	12.99359	77.67815
1016	12.99353	77.67812
1017	12.99348	77.67808
1018	12.99342	77.67805
1019	12.99337	77.67801
1020	12.99331	77.67798
1021	12.99326	77.67794
1022	12.99320	77.67790
1023	12.99315	77.67786
1024	12.99309	77.67783
1025	12.99303	77.67779
1026	12.99298	77.67775
1027	12.99293	77.67772
1028	12.99287	77.67765
1029	12.99279	77.67758
1030	12.99274	77.67754
1031	12.99268	77.67747
1032	12.99260	77.67740
1033	12.99255	77.67736
1034	12.99249	77.67729
1035	12.99242	77.67723
1036	12.99235	77.67717
1037	12.99229	77.67710
1038	12.99223	77.67703
1039	12.99218	77.67699
1040	12.99212	77.67697
1041	12.99207	77.67696
1042	12.99200	77.67694
1043	12.99195	77.67692
1044	12.99188	77.67690
1045	12.99182	77.67690
1046	12.99176	77.67691
1047	12.99169	77.67692
1048	12.99163	77.67694
1049	12.99158	77.67695
1050	12.99151	77.67697
1051	12.99144	77.67698
1052	12.99136	77.67698
1053	12.99130	77.67701
1054	12.99129	77.67707
1055	12.99128	77.67714
1056	12.99128	77.67720
1057	12.99128	77.67727
1058	12.99127	77.67733
1059	12.99127	77.67740
1060	12.99125	77.67746
1061	12.99124	77.67753
1062	12.99122	77.67759
1063	12.99120	77.67764
1064	12.99119	77.67771
1065	12.99117	77.67776
1066	12.99111	77.67775
1067	12.99103	77.67775
1068	12.99096	77.67773
1069	12.99090	77.67770
1070	12.99084	77.67768
1071	12.99079	77.67766
1072	12.99071	77.67765
1073	12.99064	77.67762
1074	12.99058	77.67761
1075	12.99053	77.67760
1076	12.99047	77.67758
1077	12.99041	77.67757
1078	12.99034	77.67755
1079	12.99028	77.67753
1080	12.99021	77.67751
1081	12.99014	77.67749
1082	12.99008	77.67747
1083	12.99001	77.67745
1084	12.98994	77.67743
1085	12.98994	77.67737
1086	12.98995	77.67731
1087	12.98996	77.67725
1088	12.98998	77.67720
1089	12.99001	77.67713
1090	12.99002	77.67705
1091	12.99004	77.67699
1092	12.99006	77.67694
1093	12.99008	77.67688
1094	12.99009	77.67683
1095	12.99010	77.67677
1096	12.99011	77.67672
1097	12.99012	77.67666
1098	12.99004	77.67664
1099	12.98998	77.67662
1100	12.98990	77.67662
1101	12.98984	77.67666
1102	12.98982	77.67672
1103	12.98981	77.67678
1104	12.98979	77.67685
1105	12.98978	77.67691
1106	12.98972	77.67694
1107	12.98966	77.67693
1108	12.98960	77.67692
1109	12.98953	77.67691
1110	12.98945	77.67689
1111	12.98940	77.67687
1112	12.98932	77.67686
1113	12.98924	77.67685
1114	12.98917	77.67684
1115	12.98911	77.67683
1116	12.98903	77.67682
1117	12.98895	77.67681
1118	12.98888	77.67681
1119	12.98881	77.67680
1120	12.98873	77.67680
1121	12.98871	77.67688
1122	12.98868	77.67694
1123	12.98860	77.67696
1124	12.98851	77.67696
1125	12.98843	77.67696
1126	12.98837	77.67696
1127	12.98829	77.67695
1128	12.98823	77.67696
1129	12.98815	77.67696
1130	12.98807	77.67696
1131	12.98798	77.67696
1132	12.98792	77.67696
1133	12.98786	77.67695
1134	12.98780	77.67696
1135	12.98774	77.67696
1136	12.98768	77.67696
1137	12.98762	77.67697
1138	12.98754	77.67696
1139	12.98747	77.67695
1140	12.98740	77.67696
1141	12.98734	77.67696
1142	12.98728	77.67696
1143	12.98722	77.67696
1144	12.98716	77.67696
1145	12.98709	77.67696
1146	12.98703	77.67696
1147	12.98697	77.67696
1148	12.98691	77.67696
1149	12.98684	77.67696
1150	12.98677	77.67696
1151	12.98671	77.67696
1152	12.98666	77.67696
1153	12.98659	77.67696
1154	12.98653	77.67696
1155	12.98648	77.67696
1156	12.98642	77.67696
1157	12.98637	77.67696
1158	12.98631	77.67697
1159	12.98626	77.67699
1160	12.98619	77.67701
1161	12.98614	77.67702
1162	12.98608	77.67703
1163	12.98602	77.67704
1164	12.98597	77.67704
1165	12.98594	77.67698
1166	12.98592	77.67692
1167	12.98589	77.67686
1168	12.98587	77.67680
1169	12.98586	77.67674
1170	12.98584	77.67669
1171	12.98581	77.67662
1172	12.98578	77.67656
1173	12.98577	77.67651
1174	12.98575	77.67645
1175	12.98573	77.67640
1176	12.98571	77.67635
1177	12.98569	77.67629
1178	12.98568	77.67624
1179	12.98566	77.67617
1180	12.98565	77.67611
1181	12.98563	77.67605
1182	12.98562	77.67599
1183	12.98561	77.67593
1184	12.98559	77.67588
1185	12.98558	77.67583
1186	12.98556	77.67577
1187	12.98556	77.67571
1188	12.98554	77.67564
1189	12.98554	77.67558
1190	12.98553	77.67551
1191	12.98553	77.67545
1192	12.98553	77.67539
1193	12.98553	77.67533
1194	12.98553	77.67526
1195	12.98552	77.67521
1196	12.98547	77.67528
1197	12.98544	77.67533
1198	12.98541	77.67539
1199	12.98538	77.67544
1200	12.98535	77.67549
1201	12.98532	77.67555
1202	12.98528	77.67561
1203	12.98524	77.67566
1204	12.98519	77.67572
1205	12.98514	77.67578
1206	12.98511	77.67583
1207	12.98508	77.67588
1208	12.98505	77.67593
1209	12.98502	77.67599
1210	12.98498	77.67606
1211	12.98495	77.67612
1212	12.98492	77.67617
1213	12.98488	77.67624
1214	12.98485	77.67629
1215	12.98482	77.67635
1216	12.98479	77.67641
1217	12.98476	77.67646
1218	12.98473	77.67652
1219	12.98468	77.67658
1220	12.98465	77.67664
1221	12.98462	77.67670
1222	12.98459	77.67676
1223	12.98456	77.67681
1224	12.98454	77.67686
1225	12.98452	77.67691
1226	12.98450	77.67698
1227	12.98447	77.67704
1228	12.98443	77.67710
1229	12.98439	77.67715
1230	12.98434	77.67720
1231	12.98432	77.67726
1232	12.98428	77.67731
1233	12.98426	77.67736
1234	12.98423	77.67741
1235	12.98420	77.67747
1236	12.98417	77.67753
1237	12.98414	77.67759
1238	12.98411	77.67764
1239	12.98408	77.67770
1240	12.98404	77.67777
1241	12.98400	77.67782
1242	12.98397	77.67788
1243	12.98393	77.67793
1244	12.98391	77.67799
1245	12.98388	77.67804
1246	12.98385	77.67810
1247	12.98382	77.67815
1248	12.98379	77.67821
1249	12.98376	77.67826
1250	12.98373	77.67833
1251	12.98370	77.67838
1252	12.98367	77.67843
1253	12.98365	77.67849
1254	12.98362	77.67854
1255	12.98359	77.67859
1256	12.98355	77.67865
1257	12.98351	77.67871
1258	12.98348	77.67876
1259	12.98345	77.67882
1260	12.98343	77.67887
1261	12.98340	77.67892
1262	12.98336	77.67897
1263	12.98332	77.67903
1264	12.98330	77.67908
1265	12.98327	77.67913
1266	12.98325	77.67920
1267	12.98322	77.67925
1268	12.98320	77.67931
1269	12.98316	77.67936
1270	12.98312	77.67942
1271	12.98309	77.67947
1272	12.98306	77.67953
1273	12.98303	77.67958
1274	12.98300	77.67964
1275	12.98297	77.67970
1276	12.98294	77.67975
1277	12.98291	77.67980
1278	12.98289	77.67986
1279	12.98286	77.67991
1280	12.98282	77.67997
1281	12.98279	77.68003
1282	12.98276	77.68009
1283	12.98273	77.68014
1284	12.98270	77.68020
1285	12.98267	77.68025
1286	12.98265	77.68031
1287	12.98262	77.68036
1288	12.98257	77.68042
1289	12.98251	77.68048
1290	12.98247	77.68054
1291	12.98242	77.68060
1292	12.98238	77.68065
1293	12.98234	77.68071
1294	12.98229	77.68076
1295	12.98226	77.68082
1296	12.98221	77.68087
1297	12.98216	77.68092
1298	12.98212	77.68097
1299	12.98207	77.68102
1300	12.98202	77.68108
1301	12.98197	77.68114
1302	12.98191	77.68119
1303	12.98186	77.68123
1304	12.98180	77.68127
1305	12.98175	77.68132
1306	12.98169	77.68137
1307	12.98164	77.68141
1308	12.98158	77.68144
1309	12.98153	77.68146
1310	12.98147	77.68147
1311	12.98141	77.68148
1312	12.98135	77.68149
1313	12.98130	77.68150
1314	12.98123	77.68151
1315	12.98117	77.68152
1316	12.98111	77.68151
1317	12.98105	77.68150
1318	12.98099	77.68149
1319	12.98094	77.68148
1320	12.98088	77.68146
1321	12.98082	77.68144
1322	12.98076	77.68142
1323	12.98069	77.68141
1324	12.98064	77.68138
1325	12.98058	77.68135
1326	12.98052	77.68133
1327	12.98046	77.68131
1328	12.98040	77.68130
1329	12.98034	77.68128
1330	12.98029	77.68126
1331	12.98023	77.68124
1332	12.98017	77.68123
1333	12.98012	77.68121
1334	12.98006	77.68120
1335	12.98001	77.68118
1336	12.97995	77.68115
1337	12.97989	77.68114
1338	12.97982	77.68112
1339	12.97977	77.68112
1340	12.97972	77.68110
1341	12.97966	77.68107
1342	12.97960	77.68105
1343	12.97955	77.68103
1344	12.97950	77.68101
1345	12.97944	77.68100
1346	12.97938	77.68101
1347	12.97932	77.68101
1348	12.97926	77.68099
1349	12.97920	77.68097
1350	12.97914	77.68095
1351	12.97909	77.68094
1352	12.97904	77.68093
1353	12.97898	77.68091
1354	12.97892	77.68090
1355	12.97886	77.68089
1356	12.97881	77.68088
1357	12.97874	77.68086
1358	12.97869	77.68085
1359	12.97863	77.68084
1360	12.97857	77.68083
1361	12.97852	77.68082
1362	12.97847	77.68082
1363	12.97840	77.68080
1364	12.97834	77.68079
1365	12.97829	77.68078
1366	12.97823	77.68076
1367	12.97818	77.68075
1368	12.97811	77.68073
1369	12.97806	77.68072
1370	12.97799	77.68071
1371	12.97794	77.68069
1372	12.97788	77.68068
1373	12.97782	77.68067
1374	12.97776	77.68066
1375	12.97771	77.68064
1376	12.97766	77.68063
1377	12.97761	77.68062
1378	12.97754	77.68061
1379	12.97748	77.68060
1380	12.97742	77.68058
1381	12.97735	77.68057
1382	12.97730	77.68056
1383	12.97723	77.68056
1384	12.97717	77.68054
1385	12.97711	77.68052
1386	12.97705	77.68050
1387	12.97700	77.68048
1388	12.97694	77.68047
1389	12.97688	77.68045
1390	12.97681	77.68043
1391	12.97676	77.68042
1392	12.97671	77.68040
1393	12.97665	77.68038
1394	12.97660	77.68037
1395	12.97653	77.68036
1396	12.97647	77.68036
1397	12.97642	77.68036
1398	12.97634	77.68036
1399	12.97627	77.68037
1400	12.97622	77.68037
1401	12.97615	77.68037
1402	12.97610	77.68038
1403	12.97603	77.68038
1404	12.97598	77.68039
1405	12.97592	77.68040
1406	12.97586	77.68041
1407	12.97580	77.68042
1408	12.97574	77.68042
1409	12.97568	77.68043
1410	12.97562	77.68043
1411	12.97557	77.68045
1412	12.97551	77.68047
1413	12.97545	77.68048
1414	12.97539	77.68050
1415	12.97533	77.68051
1416	12.97527	77.68052
1417	12.97522	77.68052
1418	12.97515	77.68051
1419	12.97509	77.68050
1420	12.97502	77.68049
1421	12.97497	77.68048
1422	12.97491	77.68046
1423	12.97485	77.68044
1424	12.97480	77.68043
1425	12.97475	77.68040
1426	12.97470	77.68038
1427	12.97464	77.68035
1428	12.97458	77.68031
1429	12.97453	77.68028
1430	12.97446	77.68023
1431	12.97441	77.68020
1432	12.97436	77.68019
1433	12.97430	77.68016
1434	12.97425	77.68013
1435	12.97419	77.68008
1436	12.97413	77.68005
1437	12.97407	77.68003
1438	12.97401	77.68000
1439	12.97395	77.67998
1440	12.97389	77.67997
1441	12.97383	77.67994
1442	12.97377	77.67993
1443	12.97371	77.67991
1444	12.97365	77.67990
1445	12.97358	77.67987
1446	12.97353	77.67986
1447	12.97346	77.67983
1448	12.97341	77.67982
1449	12.97336	77.67980
1450	12.97330	77.67978
1451	12.97325	77.67977
1452	12.97319	77.67975
1453	12.97314	77.67972
1454	12.97308	77.67970
1455	12.97301	77.67968
1456	12.97295	77.67966
1457	12.97289	77.67964
1458	12.97284	77.67963
1459	12.97278	77.67962
1460	12.97273	77.67961
1461	12.97268	77.67960
1462	12.97262	77.67958
1463	12.97257	77.67954
1464	12.97251	77.67950
1465	12.97245	77.67947
1466	12.97239	77.67946
1467	12.97233	77.67943
1468	12.97227	77.67941
1469	12.97222	77.67940
1470	12.97217	77.67939
1471	12.97210	77.67937
1472	12.97203	77.67936
1473	12.97198	77.67934
1474	12.97192	77.67933
1475	12.97187	77.67931
1476	12.97181	77.67929
1477	12.97175	77.67928
1478	12.97170	77.67927
1479	12.97164	77.67926
1480	12.97159	77.67925
1481	12.97153	77.67924
1482	12.97147	77.67923
1483	12.97142	77.67921
1484	12.97137	77.67920
1485	12.97131	77.67917
1486	12.97133	77.67910
1487	12.97135	77.67904
1488	12.97136	77.67898
1489	12.97137	77.67892
1490	12.97137	77.67887
1491	12.97139	77.67881
1492	12.97139	77.67876
1493	12.97140	77.67870
1494	12.97141	77.67863
1495	12.97142	77.67858
1496	12.97142	77.67853
1497	12.97143	77.67848
1498	12.97144	77.67842
1499	12.97145	77.67837
1500	12.97146	77.67831
1501	12.97148	77.67824
1502	12.97149	77.67818
1503	12.97151	77.67812
1504	12.97153	77.67807
1505	12.97154	77.67802
1506	12.97155	77.67797
1507	12.97156	77.67791
1508	12.97157	77.67785
1509	12.97159	77.67778
1510	12.97160	77.67773
1511	12.97162	77.67767
1512	12.97163	77.67761
1513	12.97165	77.67755
1514	12.97166	77.67750
1515	12.97167	77.67744
1516	12.97169	77.67739
1517	12.97170	77.67733
1518	12.97171	77.67727
1519	12.97171	77.67722
1520	12.97172	77.67717
1521	12.97173	77.67710
1522	12.97174	77.67704
1523	12.97176	77.67698
1524	12.97177	77.67692
1525	12.97179	77.67686
1526	12.97181	77.67680
1527	12.97181	77.67675
1528	12.97182	77.67668
1529	12.97183	77.67661
1530	12.97184	77.67656
1531	12.97185	77.67651
1532	12.97186	77.67644
1533	12.97187	77.67639
1534	12.97188	77.67634
1535	12.97190	77.67628
1536	12.97191	77.67623
1537	12.97193	77.67617
1538	12.97194	77.67611
1539	12.97195	77.67606
1540	12.97196	77.67600
1541	12.97198	77.67593
1542	12.97200	77.67588
1543	12.97202	77.67582
1544	12.97205	77.67576
1545	12.97208	77.67570
1546	12.97209	77.67564
1547	12.97211	77.67557
1548	12.97213	77.67551
1549	12.97214	77.67546
1550	12.97216	77.67540
1551	12.97218	77.67535
1552	12.97220	77.67528
1553	12.97222	77.67523
1554	12.97224	77.67518
1555	12.97227	77.67512
1556	12.97230	77.67506
1557	12.97232	77.67500
1558	12.97234	77.67495
1559	12.97236	77.67489
1560	12.97237	77.67484
1561	12.97239	77.67479
1562	12.97240	77.67473
1563	12.97242	77.67467
1564	12.97244	77.67462
1565	12.97245	77.67456
1566	12.97247	77.67451
1567	12.97250	77.67445
1568	12.97253	77.67439
1569	12.97255	77.67434
1570	12.97256	77.67428
1571	12.97258	77.67422
1572	12.97259	77.67417
1573	12.97261	77.67412
1574	12.97263	77.67406
1575	12.97264	77.67400
1576	12.97266	77.67393
1577	12.97268	77.67388
1578	12.97270	77.67383
1579	12.97272	77.67377
1580	12.97274	77.67371
1581	12.97276	77.67366
1582	12.97278	77.67360
1583	12.97279	77.67353
1584	12.97281	77.67347
1585	12.97283	77.67341
1586	12.97284	77.67334
1587	12.97286	77.67329
1588	12.97287	77.67322
1589	12.97289	77.67316
1590	12.97290	77.67311
1591	12.97292	77.67305
1592	12.97294	77.67300
1593	12.97296	77.67294
1594	12.97299	77.67288
1595	12.97301	77.67282
1596	12.97302	77.67277
1597	12.97304	77.67271
1598	12.97305	77.67265
1599	12.97308	77.67259
1600	12.97310	77.67253
1601	12.97313	77.67248
1602	12.97316	77.67242
1603	12.97318	77.67236
1604	12.97320	77.67230
1605	12.97322	77.67224
1606	12.97323	77.67218
1607	12.97325	77.67213
1608	12.97327	77.67208
1609	12.97329	77.67203
1610	12.97331	77.67197
1611	12.97333	77.67192
1612	12.97336	77.67185
1613	12.97338	77.67180
1614	12.97340	77.67174
1615	12.97342	77.67169
1616	12.97343	77.67163
1617	12.97345	77.67158
1618	12.97346	77.67152
1619	12.97348	77.67147
1620	12.97350	77.67142
1621	12.97351	77.67135
1622	12.97353	77.67130
1623	12.97354	77.67125
1624	12.97356	77.67119
1625	12.97358	77.67114
1626	12.97360	77.67108
1627	12.97362	77.67103
1628	12.97365	77.67098
1629	12.97367	77.67091
1630	12.97370	77.67086
1631	12.97372	77.67081
1632	12.97375	77.67074
1633	12.97376	77.67069
1634	12.97379	77.67062
1635	12.97380	77.67057
1636	12.97382	77.67051
1637	12.97384	77.67044
1638	12.97386	77.67038
1639	12.97388	77.67032
1640	12.97390	77.67026
1641	12.97392	77.67020
1642	12.97393	77.67015
1643	12.97394	77.67010
1644	12.97395	77.67003
1645	12.97397	77.66998
1646	12.97398	77.66992
1647	12.97400	77.66986
1648	12.97402	77.66981
1649	12.97403	77.66975
1650	12.97404	77.66968
1651	12.97405	77.66963
1652	12.97405	77.66955
1653	12.97406	77.66950
1654	12.97406	77.66945
1655	12.97407	77.66940
1656	12.97407	77.66934
1657	12.97408	77.66928
1658	12.97409	77.66922
1659	12.97410	77.66916
1660	12.97410	77.66911
1661	12.97411	77.66906
1662	12.97411	77.66899
1663	12.97411	77.66893
1664	12.97411	77.66888
1665	12.97411	77.66882
1666	12.97412	77.66877
1667	12.97412	77.66872
1668	12.97413	77.66865
1669	12.97414	77.66860
1670	12.97414	77.66854
1671	12.97415	77.66848
1672	12.97415	77.66842
1673	12.97416	77.66836
1674	12.97416	77.66831
1675	12.97416	77.66824
1676	12.97416	77.66819
1677	12.97415	77.66813
1678	12.97414	77.66807
1679	12.97413	77.66801
1680	12.97410	77.66796
1681	12.97407	77.66790
1682	12.97404	77.66784
1683	12.97403	77.66778
1684	12.97400	77.66772
1685	12.97395	77.66769
1686	12.97389	77.66770
1687	12.97383	77.66771
1688	12.97377	77.66771
1689	12.97371	77.66772
1690	12.97365	77.66773
1691	12.97359	77.66773
1692	12.97352	77.66774
1693	12.97347	77.66775
1694	12.97340	77.66775
1695	12.97334	77.66775
1696	12.97329	77.66775
1697	12.97323	77.66776
1698	12.97317	77.66779
1699	12.97311	77.66785
1700	12.97309	77.66791
1701	12.97307	77.66797
1702	12.97305	77.66802
1703	12.97300	77.66806
1704	12.97294	77.66807
1705	12.97288	77.66808
1706	12.97282	77.66808
1707	12.97276	77.66807
1708	12.97271	77.66807
1709	12.97265	77.66805
1710	12.97259	77.66803
1711	12.97253	77.66801
1712	12.97247	77.66799
1713	12.97241	77.66797
1714	12.97236	77.66795
1715	12.97230	77.66794
1716	12.97225	77.66792
1717	12.97218	77.66792
1718	12.97213	77.66792
1719	12.97207	77.66792
1720	12.97202	77.66792
1721	12.97196	77.66791
1722	12.97189	77.66789
1723	12.97184	77.66789
1724	12.97178	77.66788
1725	12.97171	77.66788
1726	12.97166	77.66789
1727	12.97159	77.66794
1728	12.97153	77.66799
1729	12.97147	77.66804
1730	12.97143	77.66809
1731	12.97137	77.66811
1732	12.97131	77.66811
1733	12.97126	77.66808
1734	12.97123	77.66803
1735	12.97120	77.66797
1736	12.97117	77.66792
1737	12.97114	77.66785
1738	12.97111	77.66780
1739	12.97106	77.66776
1740	12.97100	77.66775
1741	12.97094	77.66774
1742	12.97089	77.66774
1743	12.97083	77.66774
1744	12.97077	77.66774
1745	12.97071	77.66773
1746	12.97064	77.66772
1747	12.97059	77.66770
1748	12.97053	77.66766
1749	12.97048	77.66763
1750	12.97042	77.66757
1751	12.97036	77.66753
1752	12.97031	77.66749
1753	12.97025	77.66744
1754	12.97020	77.66739
1755	12.97015	77.66734
1756	12.97009	77.66731
1757	12.97007	77.66725
1758	12.97008	77.66718
1759	12.97008	77.66713
1760	12.97003	77.66712
1761	12.96997	77.66712
1762	12.96992	77.66712
1763	12.96986	77.66711
1764	12.96981	77.66711
1765	12.96975	77.66710
1766	12.96968	77.66709
1767	12.96962	77.66708
1768	12.96957	77.66706
1769	12.96951	77.66705
1770	12.96945	77.66704
1771	12.96939	77.66702
1772	12.96932	77.66701
1773	12.96926	77.66701
1774	12.96921	77.66699
1775	12.96915	77.66698
1776	12.96909	77.66697
1777	12.96903	77.66697
1778	12.96897	77.66696
1779	12.96891	77.66694
1780	12.96884	77.66693
1781	12.96879	77.66692
1782	12.96872	77.66691
1783	12.96866	77.66690
1784	12.96860	77.66688
1785	12.96855	77.66686
1786	12.96849	77.66685
1787	12.96843	77.66685
1788	12.96838	77.66685
1789	12.96832	77.66684
1790	12.96826	77.66683
1791	12.96820	77.66682
1792	12.96814	77.66681
1793	12.96808	77.66679
1794	12.96802	77.66678
1795	12.96796	77.66676
1796	12.96790	77.66675
1797	12.96785	77.66674
1798	12.96779	77.66673
1799	12.96774	77.66671
1800	12.96768	77.66671
1801	12.96762	77.66669
1802	12.96756	77.66668
1803	12.96750	77.66666
1804	12.96745	77.66665
1805	12.96739	77.66663
1806	12.96734	77.66662
1807	12.96728	77.66661
1808	12.96722	77.66659
1809	12.96717	77.66658
1810	12.96711	77.66656
1811	12.96706	77.66654
1812	12.96700	77.66653
1813	12.96694	77.66651
1814	12.96688	77.66651
1815	12.96682	77.66650
1816	12.96680	77.66656
1817	12.96679	77.66661
1818	12.96679	77.66667
1819	12.96672	77.66669
1820	12.96666	77.66669
1821	12.96661	77.66667
1822	12.96655	77.66666
1823	12.96649	77.66666
1824	12.96644	77.66667
1825	12.96637	77.66667
1826	12.96631	77.66668
1827	12.96625	77.66669
1828	12.96620	77.66670
1829	12.96614	77.66670
1830	12.96608	77.66669
1831	12.96601	77.66668
1832	12.96596	77.66667
1833	12.96590	77.66666
1834	12.96584	77.66666
1835	12.96578	77.66664
1836	12.96573	77.66664
1837	12.96568	77.66663
1838	12.96562	77.66662
1839	12.96556	77.66661
1840	12.96550	77.66661
1841	12.96544	77.66660
1842	12.96539	77.66659
1843	12.96534	77.66658
1844	12.96527	77.66657
1845	12.96521	77.66656
1846	12.96515	77.66656
1847	12.96509	77.66655
1848	12.96503	77.66655
1849	12.96496	77.66655
1850	12.96490	77.66655
1851	12.96484	77.66655
1852	12.96477	77.66656
1853	12.96472	77.66658
1854	12.96466	77.66660
1855	12.96459	77.66661
1856	12.96453	77.66664
1857	12.96448	77.66667
1858	12.96443	77.66670
1859	12.96437	77.66673
1860	12.96434	77.66680
1861	12.96432	77.66686
1862	12.96429	77.66691
1863	12.96426	77.66697
1864	12.96422	77.66702
1865	12.96419	77.66708
1866	12.96415	77.66713
1867	12.96412	77.66719
1868	12.96408	77.66724
1869	12.96405	77.66730
1870	12.96402	77.66735
1871	12.96401	77.66742
1872	12.96401	77.66748
1873	12.96400	77.66753
1874	12.96399	77.66759
1875	12.96397	77.66764
1876	12.96396	77.66770
1877	12.96401	77.66773
1878	12.96408	77.66775
1879	12.96414	77.66777
1880	12.96419	77.66778
1881	12.96425	77.66781
1882	12.96431	77.66783
1883	12.96437	77.66785
1884	12.96443	77.66788
1885	12.96448	77.66790
1886	12.96454	77.66792
1887	12.96461	77.66794
1888	12.96467	77.66796
1889	12.96473	77.66798
1890	12.96479	77.66801
1891	12.96485	77.66803
1892	12.96491	77.66805
1893	12.96492	77.66810
1894	12.96491	77.66816
1895	12.96490	77.66822
1896	12.96488	77.66827
1897	12.96487	77.66833
1898	12.96485	77.66839
1899	12.96483	77.66844
1900	12.96482	77.66850
1901	12.96481	77.66856
1902	12.96479	77.66864
1903	12.96478	77.66869
1904	12.96476	77.66874
1905	12.96475	77.66879
1906	12.96473	77.66885
1907	12.96471	77.66890
1908	12.96470	77.66896
1909	12.96469	77.66902
1910	12.96468	77.66907
1911	12.96467	77.66913
1912	12.96465	77.66919
1913	12.96464	77.66924
1914	12.96462	77.66930
1915	12.96463	77.66935
1916	12.96463	77.66940
1917	12.96464	77.66946
1918	12.96465	77.66953
1919	12.96467	77.66958
1920	12.96469	77.66965
1921	12.96462	77.66966
1922	12.96456	77.66967
1923	12.96450	77.66967
1924	12.96443	77.66968
1925	12.96437	77.66969
1926	12.96432	77.66969
1927	12.96425	77.66970
1928	12.96419	77.66970
1929	12.96413	77.66971
1930	12.96406	77.66972
1931	12.96400	77.66973
1932	12.96394	77.66973
1933	12.96388	77.66973
1934	12.96383	77.66973
1935	12.96377	77.66973
1936	12.96372	77.66973
1937	12.96366	77.66974
1938	12.96359	77.66976
1939	12.96354	77.66977
1940	12.96348	77.66977
1941	12.96347	77.66982
1942	12.96348	77.66988
1943	12.96349	77.66994
1944	12.96349	77.67000
1945	12.96349	77.67006
1946	12.96350	77.67011
1947	12.96351	77.67018
1948	12.96351	77.67023
1949	12.96351	77.67028
1950	12.96351	77.67034
1951	12.96352	77.67039
1952	12.96353	77.67045
1953	12.96353	77.67051
1954	12.96354	77.67056
1955	12.96355	77.67062
1956	12.96356	77.67068
1957	12.96357	77.67073
1958	12.96357	77.67079
1959	12.96359	77.67084
1960	12.96360	77.67089
1961	12.96360	77.67095
1962	12.96361	77.67101
1963	12.96362	77.67106
1964	12.96363	77.67112
1965	12.96364	77.67117
1966	12.96366	77.67123
1967	12.96367	77.67129
1968	12.96373	77.67134
1969	12.96378	77.67134
1970	12.96385	77.67134
1971	12.96391	77.67135
1972	12.96396	77.67136
1973	12.96402	77.67138
1974	12.96409	77.67139
1975	12.96415	77.67140
1976	12.96421	77.67141
1977	12.96426	77.67141
1978	12.96432	77.67142
1979	12.96438	77.67143
1980	12.96443	77.67145
1981	12.96449	77.67145
1982	12.96455	77.67146
1983	12.96461	77.67147
1984	12.96466	77.67148
1985	12.96471	77.67143
1986	12.96472	77.67137
1987	12.96473	77.67131
1988	12.96473	77.67125
1989	12.96474	77.67120
1990	12.96474	77.67114
1991	12.96474	77.67108
1992	12.96474	77.67102
1993	12.96474	77.67096
1994	12.96474	77.67089
1995	12.96480	77.67090
1996	12.96485	77.67090
1997	12.96491	77.67091
1998	12.96497	77.67091
1999	12.96503	77.67092
2000	12.96508	77.67093
2001	12.96514	77.67095
2002	12.96521	77.67097
2003	12.96527	77.67099
2004	12.96534	77.67101
2005	12.96540	77.67102
2006	12.96546	77.67103
2007	12.96552	77.67104
2008	12.96558	77.67105
2009	12.96564	77.67106
2010	12.96569	77.67108
2011	12.96575	77.67108
2012	12.96581	77.67108
2013	12.96586	77.67108
2014	12.96593	77.67109
2015	12.96599	77.67109
2016	12.96605	77.67110
2017	12.96610	77.67111
2018	12.96615	77.67112
2019	12.96621	77.67114
2020	12.96627	77.67116
2021	12.96626	77.67122
2022	12.96625	77.67128
2023	12.96623	77.67134
2024	12.96621	77.67140
2025	12.96620	77.67145
2026	12.96618	77.67151
2027	12.96617	77.67156
2028	12.96615	77.67163
2029	12.96614	77.67169
2030	12.96613	77.67174
2031	12.96612	77.67180
2032	12.96611	77.67185
2033	12.96610	77.67191
2034	12.96609	77.67197
2035	12.96608	77.67202
2036	12.96606	77.67207
2037	12.96605	77.67213
2038	12.96604	77.67218
2039	12.96602	77.67224
2040	12.96601	77.67230
2041	12.96600	77.67236
2042	12.96599	77.67242
2043	12.96597	77.67247
2044	12.96596	77.67253
2045	12.96596	77.67258
2046	12.96595	77.67263
2047	12.96594	77.67269
2048	12.96593	77.67274
2049	12.96592	77.67280
2050	12.96591	77.67286
2051	12.96591	77.67291
2052	12.96590	77.67296
2053	12.96589	77.67302
2054	12.96587	77.67308
2055	12.96586	77.67313
2056	12.96586	77.67318
2057	12.96585	77.67324
2058	12.96584	77.67329
2059	12.96584	77.67335
2060	12.96584	77.67340
2061	12.96584	77.67346
2062	12.96584	77.67351
2063	12.96584	77.67356
2064	12.96583	77.67361
2065	12.96581	77.67367
2066	12.96581	77.67372
2067	12.96580	77.67377
2068	12.96578	77.67383
2069	12.96573	77.67384
2070	12.96568	77.67384
2071	12.96567	77.67389
2072	12.96570	77.67395
2073	12.96573	77.67401
2074	12.96575	77.67406
2075	12.96578	77.67412
2076	12.96580	77.67418
2077	12.96582	77.67424
2078	12.96585	77.67430
2079	12.96588	77.67436
2080	12.96590	77.67441
2081	12.96593	77.67447
2082	12.96587	77.67450
2083	12.96581	77.67454
2084	12.96576	77.67457
2085	12.96571	77.67459
2086	12.96565	77.67459
2087	12.96560	77.67458
2088	12.96554	77.67457
2089	12.96549	77.67457
2090	12.96543	77.67457
2091	12.96537	77.67457
2092	12.96531	77.67457
2093	12.96525	77.67457
2094	12.96518	77.67457
2095	12.96512	77.67459
2096	12.96507	77.67459
2097	12.96500	77.67459
2098	12.96495	77.67460
2099	12.96489	77.67460
2100	12.96483	77.67460
2101	12.96477	77.67459
2102	12.96471	77.67459
2103	12.96465	77.67459
2104	12.96460	77.67459
2105	12.96454	77.67459
2106	12.96448	77.67458
2107	12.96441	77.67458
2108	12.96436	77.67459
2109	12.96430	77.67460
2110	12.96423	77.67460
2111	12.96417	77.67460
2112	12.96412	77.67460
2113	12.96405	77.67460
2114	12.96400	77.67460
2115	12.96394	77.67460
2116	12.96389	77.67460
2117	12.96383	77.67460
2118	12.96377	77.67460
2119	12.96372	77.67460
2120	12.96366	77.67460
2121	12.96359	77.67460
2122	12.96354	77.67460
2123	12.96348	77.67460
2124	12.96342	77.67460
2125	12.96336	77.67460
2126	12.96330	77.67459
2127	12.96328	77.67464
2128	12.96329	77.67470
2129	12.96329	77.67475
2130	12.96329	77.67481
2131	12.96329	77.67486
2132	12.96329	77.67491
2133	12.96329	77.67496
2134	12.96329	77.67503
2135	12.96330	77.67509
2136	12.96330	77.67514
2137	12.96331	77.67519
2138	12.96332	77.67526
2139	12.96333	77.67531
2140	12.96334	77.67536
2141	12.96335	77.67542
2142	12.96336	77.67548
2143	12.96337	77.67553
2144	12.96337	77.67558
2145	12.96338	77.67565
2146	12.96338	77.67570
2147	12.96339	77.67576
2148	12.96340	77.67582
2149	12.96341	77.67587
2150	12.96342	77.67592
2151	12.96343	77.67599
2152	12.96344	77.67604
2153	12.96345	77.67610
2154	12.96345	77.67615
2155	12.96345	77.67622
2156	12.96345	77.67627
2157	12.96346	77.67633
2158	12.96346	77.67640
2159	12.96346	77.67645
2160	12.96346	77.67650
2161	12.96346	77.67655
2162	12.96345	77.67662
2163	12.96345	77.67667
2164	12.96344	77.67672
2165	12.96343	77.67677
2166	12.96343	77.67683
2167	12.96342	77.67688
2168	12.96342	77.67694
2169	12.96342	77.67701
2170	12.96342	77.67707
2171	12.96342	77.67713
2172	12.96342	77.67719
2173	12.96342	77.67726
2174	12.96341	77.67732
2175	12.96340	77.67737
2176	12.96339	77.67743
2177	12.96338	77.67749
2178	12.96338	77.67755
2179	12.96337	77.67761
2180	12.96336	77.67766
2181	12.96335	77.67771
2182	12.96334	77.67778
2183	12.96333	77.67784
2184	12.96332	77.67789
2185	12.96331	77.67795
2186	12.96329	77.67801
2187	12.96328	77.67806
2188	12.96327	77.67812
2189	12.96326	77.67818
2190	12.96325	77.67824
2191	12.96325	77.67829
2192	12.96324	77.67835
2193	12.96323	77.67840
2194	12.96323	77.67846
2195	12.96323	77.67853
2196	12.96326	77.67859
2197	12.96329	77.67865
2198	12.96332	77.67871
2199	12.96334	77.67877
2200	12.96337	77.67883
2201	12.96341	77.67889
2202	12.96344	77.67895
2203	12.96347	77.67900
2204	12.96351	77.67906
2205	12.96354	77.67912
2206	12.96357	77.67918
2207	12.96359	77.67924
2208	12.96362	77.67930
2209	12.96365	77.67935
2210	12.96367	77.67941
2211	12.96369	77.67948
2212	12.96371	77.67953
2213	12.96372	77.67959
2214	12.96373	77.67965
2215	12.96373	77.67970
2216	12.96371	77.67976
2217	12.96369	77.67982
2218	12.96367	77.67987
2219	12.96365	77.67992
2220	12.96363	77.67997
2221	12.96361	77.68003
2222	12.96359	77.68009
2223	12.96358	77.68015
2224	12.96356	77.68020
2225	12.96355	77.68025
2226	12.96353	77.68032
2227	12.96350	77.68037
2228	12.96347	77.68043
2229	12.96344	77.68048
2230	12.96342	77.68054
2231	12.96338	77.68060
2232	12.96336	77.68066
2233	12.96333	77.68071
2234	12.96332	77.68076
2235	12.96329	77.68082
2236	12.96327	77.68087
2237	12.96323	77.68094
2238	12.96320	77.68100
2239	12.96318	77.68106
2240	12.96317	77.68111
2241	12.96313	77.68117
2242	12.96310	77.68123
2243	12.96307	77.68129
2244	12.96304	77.68135
2245	12.96302	77.68140
2246	12.96299	77.68145
2247	12.96297	77.68150
2248	12.96295	77.68156
2249	12.96293	77.68162
2250	12.96292	77.68168
2251	12.96289	77.68174
2252	12.96288	77.68180
2253	12.96286	77.68186
2254	12.96286	77.68191
2255	12.96285	77.68197
2256	12.96284	77.68203
2257	12.96283	77.68210
2258	12.96283	77.68215
2259	12.96282	77.68222
2260	12.96281	77.68227
2261	12.96281	77.68233
2262	12.96281	77.68238
2263	12.96281	77.68244
2264	12.96281	77.68249
2265	12.96280	77.68254
2266	12.96279	77.68260
2267	12.96278	77.68266
2268	12.96278	77.68271
2269	12.96277	77.68277
2270	12.96276	77.68283
2271	12.96276	77.68288
2272	12.96275	77.68294
2273	12.96275	77.68300
2274	12.96274	77.68306
2275	12.96273	77.68313
2276	12.96271	77.68319
2277	12.96269	77.68324
2278	12.96264	77.68322
2279	12.96258	77.68322
2280	12.96251	77.68321
2281	12.96246	77.68320
2282	12.96239	77.68320
2283	12.96233	77.68319
2284	12.96227	77.68318
2285	12.96221	77.68316
2286	12.96215	77.68314
2287	12.96208	77.68312
2288	12.96202	77.68310
2289	12.96196	77.68309
2290	12.96191	77.68306
2291	12.96185	77.68302
2292	12.96180	77.68301
2293	12.96175	77.68299
2294	12.96168	77.68297
2295	12.96163	77.68295
2296	12.96157	77.68293
2297	12.96151	77.68290
2298	12.96145	77.68287
2299	12.96140	77.68286
2300	12.96134	77.68284
2301	12.96128	77.68283
2302	12.96123	77.68281
2303	12.96117	77.68279
2304	12.96110	77.68277
2305	12.96103	77.68276
2306	12.96098	77.68275
2307	12.96092	77.68274
2308	12.96086	77.68273
2309	12.96080	77.68273
2310	12.96073	77.68272
2311	12.96067	77.68271
2312	12.96060	77.68270
2313	12.96053	77.68270
2314	12.96046	77.68269
2315	12.96040	77.68269
2316	12.96034	77.68269
2317	12.96027	77.68268
2318	12.96021	77.68268
2319	12.96022	77.68274
2320	12.96023	77.68279
2321	12.96023	77.68285
2322	12.96023	77.68291
2323	12.96023	77.68297
2324	12.96023	77.68302
2325	12.96024	77.68308
2326	12.96025	77.68314
2327	12.96026	77.68320
2328	12.96027	77.68325
2329	12.96027	77.68331
2330	12.96029	77.68338
2331	12.96029	77.68343
2332	12.96029	77.68349
2333	12.96030	77.68354
2334	12.96030	77.68360
2335	12.96030	77.68366
2336	12.96030	77.68371
2337	12.96030	77.68377
2338	12.96030	77.68382
2339	12.96030	77.68388
2340	12.96030	77.68394
2341	12.96031	77.68399
2342	12.96032	77.68405
2343	12.96032	77.68412
2344	12.96033	77.68418
2345	12.96034	77.68424
2346	12.96036	77.68430
2347	12.96037	77.68436
2348	12.96038	77.68442
2349	12.96038	77.68448
2350	12.96038	77.68454
2351	12.96038	77.68459
2352	12.96038	77.68466
2353	12.96038	77.68472
2354	12.96039	77.68477
2355	12.96039	77.68482
2356	12.96039	77.68488
2357	12.96040	77.68494
2358	12.96041	77.68500
2359	12.96041	77.68506
2360	12.96042	77.68512
2361	12.96042	77.68518
2362	12.96042	77.68523
2363	12.96043	77.68528
2364	12.96043	77.68533
2365	12.96044	77.68540
2366	12.96044	77.68546
2367	12.96044	77.68551
2368	12.96044	77.68557
2369	12.96044	77.68562
2370	12.96044	77.68569
2371	12.96044	77.68574
2372	12.96044	77.68580
2373	12.96044	77.68587
2374	12.96045	77.68593
2375	12.96045	77.68600
2376	12.96046	77.68606
2377	12.96046	77.68612
2378	12.96047	77.68618
2379	12.96048	77.68624
2380	12.96049	77.68629
2381	12.96050	77.68636
2382	12.96050	77.68643
2383	12.96051	77.68649
2384	12.96051	77.68655
2385	12.96052	77.68661
2386	12.96052	77.68666
2387	12.96053	77.68671
2388	12.96054	77.68676
2389	12.96054	77.68682
2390	12.96055	77.68688
2391	12.96056	77.68695
2392	12.96057	77.68701
2393	12.96057	77.68707
2394	12.96058	77.68713
2395	12.96058	77.68719
2396	12.96058	77.68725
2397	12.96059	77.68732
2398	12.96059	77.68738
2399	12.96059	77.68744
2400	12.96060	77.68751
2401	12.96060	77.68756
2402	12.96061	77.68762
2403	12.96061	77.68768
2404	12.96062	77.68775
2405	12.96062	77.68781
2406	12.96063	77.68787
2407	12.96064	77.68794
2408	12.96064	77.68800
2409	12.96065	77.68805
2410	12.96065	77.68811
2411	12.96065	77.68816
2412	12.96065	77.68823
2413	12.96065	77.68828
2414	12.96066	77.68834
2415	12.96067	77.68840
2416	12.96067	77.68846
2417	12.96068	77.68852
2418	12.96069	77.68857
2419	12.96069	77.68863
2420	12.96070	77.68869
2421	12.96071	77.68874
2422	12.96071	77.68881
2423	12.96072	77.68886
2424	12.96073	77.68892
2425	12.96073	77.68898
2426	12.96074	77.68904
2427	12.96075	77.68910
2428	12.96077	77.68916
2429	12.96078	77.68921
2430	12.96078	77.68926
2431	12.96079	77.68932
2432	12.96079	77.68937
2433	12.96080	77.68944
2434	12.96080	77.68950
2435	12.96081	77.68955
2436	12.96081	77.68961
2437	12.96082	77.68966
2438	12.96083	77.68973
2439	12.96083	77.68978
2440	12.96083	77.68984
2441	12.96083	77.68991
2442	12.96083	77.68997
2443	12.96083	77.69004
2444	12.96083	77.69011
