Rank	Latitude	Longitude
1	12.95530	77.70577
2	12.95535	77.70576
3	12.95542	77.70576
4	12.95548	77.70575
5	12.95553	77.70574
6	12.95559	77.70573
7	12.95565	77.70572
8	12.95572	77.70572
9	12.95578	77.70571
10	12.95583	77.70570
11	12.95589	77.70570
12	12.95595	77.70569
13	12.95600	77.70569
14	12.95607	77.70569
15	12.95612	77.70569
16	12.95618	77.70568
17	12.95624	77.70567
18	12.95630	77.70565
19	12.95635	77.70563
20	12.95641	77.70562
21	12.95647	77.70562
22	12.95653	77.70561
23	12.95659	77.70560
24	12.95664	77.70560
25	12.95671	77.70558
26	12.95677	77.70557
27	12.95682	77.70556
28	12.95689	77.70555
29	12.95695	77.70554
30	12.95701	77.70553
31	12.95707	77.70553
32	12.95713	77.70552
33	12.95720	77.70551
34	12.95725	77.70550
35	12.95732	77.70549
36	12.95738	77.70548
37	12.95745	77.70547
38	12.95751	77.70547
39	12.95756	77.70546
40	12.95762	77.70545
41	12.95768	77.70545
42	12.95774	77.70543
43	12.95780	77.70543
44	12.95785	77.70542
45	12.95792	77.70542
46	12.95798	77.70541
47	12.95803	77.70540
48	12.95809	77.70539
49	12.95815	77.70538
50	12.95821	77.70538
51	12.95826	77.70536
52	12.95832	77.70536
53	12.95838	77.70535
54	12.95844	77.70534
55	12.95851	77.70534
56	12.95856	77.70533
57	12.95863	77.70532
58	12.95869	77.70531
59	12.95867	77.70525
60	12.95866	77.70520
61	12.95866	77.70515
62	12.95865	77.70510
63	12.95864	77.70504
64	12.95864	77.70499
65	12.95864	77.70493
66	12.95863	77.70488
67	12.95862	77.70482
68	12.95861	77.70476
69	12.95861	77.70469
70	12.95860	77.70463
71	12.95859	77.70458
72	12.95859	77.70451
73	12.95858	77.70445
74	12.95856	77.70439
75	12.95855	77.70433
76	12.95854	77.70427
77	12.95852	77.70422
78	12.95851	77.70417
79	12.95849	77.70411
80	12.95848	77.70405
81	12.95846	77.70400
82	12.95844	77.70395
83	12.95842	77.70388
84	12.95841	77.70383
85	12.95839	77.70377
86	12.95837	77.70372
87	12.95835	77.70366
88	12.95834	77.70360
89	12.95832	77.70354
90	12.95830	77.70348
91	12.95827	77.70342
92	12.95825	77.70337
93	12.95823	77.70331
94	12.95822	77.70325
95	12.95820	77.70320
96	12.95818	77.70315
97	12.95816	77.70310
98	12.95815	77.70304
99	12.95813	77.70298
100	12.95811	77.70292
101	12.95808	77.70286
102	12.95805	77.70280
103	12.95799	77.70277
104	12.95793	77.70278
105	12.95787	77.70278
106	12.95780	77.70277
107	12.95773	77.70275
108	12.95768	77.70273
109	12.95762	77.70272
110	12.95756	77.70270
111	12.95750	77.70268
112	12.95744	77.70267
113	12.95738	77.70266
114	12.95733	77.70265
115	12.95726	77.70264
116	12.95720	77.70265
117	12.95714	77.70265
118	12.95709	77.70262
119	12.95707	77.70257
120	12.95705	77.70251
121	12.95705	77.70245
122	12.95704	77.70240
123	12.95704	77.70235
124	12.95704	77.70230
125	12.95705	77.70225
126	12.95711	77.70221
127	12.95717	77.70220
128	12.95723	77.70220
129	12.95730	77.70220
130	12.95736	77.70220
131	12.95741	77.70221
132	12.95747	77.70221
133	12.95753	77.70221
134	12.95759	77.70222
135	12.95765	77.70222
136	12.95771	77.70223
137	12.95777	77.70223
138	12.95782	77.70224
139	12.95787	77.70224
140	12.95794	77.70225
141	12.95800	77.70226
142	12.95806	77.70226
143	12.95812	77.70226
144	12.95819	77.70226
145	12.95824	77.70226
146	12.95830	77.70227
147	12.95835	77.70229
148	12.95841	77.70231
149	12.95846	77.70231
150	12.95852	77.70233
151	12.95857	77.70234
152	12.95863	77.70236
153	12.95870	77.70238
154	12.95876	77.70240
155	12.95882	77.70241
156	12.95888	77.70242
157	12.95894	77.70244
158	12.95900	77.70245
159	12.95907	77.70247
160	12.95913	77.70248
161	12.95919	77.70249
162	12.95925	77.70249
163	12.95931	77.70250
164	12.95937	77.70251
165	12.95943	77.70252
166	12.95949	77.70253
167	12.95955	77.70253
168	12.95960	77.70253
169	12.95965	77.70254
170	12.95971	77.70255
171	12.95976	77.70255
172	12.95981	77.70256
173	12.95988	77.70258
174	12.95995	77.70259
175	12.96000	77.70259
176	12.96006	77.70259
177	12.96012	77.70260
178	12.96018	77.70261
179	12.96024	77.70261
180	12.96029	77.70262
181	12.96036	77.70262
182	12.96041	77.70263
183	12.96046	77.70264
184	12.96052	77.70265
185	12.96058	77.70266
186	12.96065	77.70267
187	12.96071	77.70267
188	12.96076	77.70267
189	12.96082	77.70267
190	12.96088	77.70268
191	12.96095	77.70269
192	12.96100	77.70271
193	12.96105	77.70273
194	12.96111	77.70275
195	12.96117	77.70277
196	12.96123	77.70279
197	12.96128	77.70281
198	12.96135	77.70282
199	12.96141	77.70284
200	12.96147	77.70285
201	12.96152	77.70286
202	12.96158	77.70287
203	12.96165	77.70288
204	12.96171	77.70289
205	12.96177	77.70290
206	12.96184	77.70291
207	12.96189	77.70292
208	12.96194	77.70293
209	12.96201	77.70293
210	12.96207	77.70293
211	12.96213	77.70293
212	12.96219	77.70295
213	12.96225	77.70296
214	12.96231	77.70297
215	12.96237	77.70298
216	12.96243	77.70300
217	12.96249	77.70302
218	12.96254	77.70303
219	12.96260	77.70305
220	12.96266	77.70305
221	12.96272	77.70307
222	12.96278	77.70308
223	12.96284	77.70308
224	12.96290	77.70310
225	12.96295	77.70310
226	12.96301	77.70311
227	12.96307	77.70312
228	12.96314	77.70312
229	12.96320	77.70313
230	12.96326	77.70314
231	12.96332	77.70315
232	12.96338	77.70315
233	12.96345	77.70315
234	12.96351	77.70315
235	12.96356	77.70314
236	12.96363	77.70314
237	12.96369	77.70314
238	12.96376	77.70314
239	12.96374	77.70308
240	12.96370	77.70303
241	12.96366	77.70298
242	12.96361	77.70292
243	12.96354	77.70287
244	12.96348	77.70282
245	12.96342	77.70279
246	12.96336	77.70274
247	12.96330	77.70270
248	12.96323	77.70264
249	12.96318	77.70260
250	12.96313	77.70255
251	12.96307	77.70251
252	12.96302	77.70246
253	12.96296	77.70242
254	12.96291	77.70236
255	12.96286	77.70230
256	12.96282	77.70224
257	12.96280	77.70219
258	12.96277	77.70214
259	12.96274	77.70208
260	12.96269	77.70202
261	12.96264	77.70196
262	12.96260	77.70190
263	12.96255	77.70183
264	12.96251	77.70178
265	12.96247	77.70173
266	12.96243	77.70166
267	12.96239	77.70161
268	12.96234	77.70155
269	12.96230	77.70149
270	12.96227	77.70144
271	12.96224	77.70139
272	12.96221	77.70133
273	12.96218	77.70127
274	12.96214	77.70121
275	12.96212	77.70116
276	12.96209	77.70110
277	12.96206	77.70105
278	12.96203	77.70099
279	12.96200	77.70094
280	12.96197	77.70088
281	12.96194	77.70082
282	12.96191	77.70076
283	12.96189	77.70070
284	12.96188	77.70064
285	12.96187	77.70057
286	12.96186	77.70052
287	12.96185	77.70046
288	12.96185	77.70040
289	12.96185	77.70035
290	12.96185	77.70029
291	12.96185	77.70023
292	12.96184	77.70016
293	12.96183	77.70010
294	12.96178	77.70005
295	12.96174	77.69999
296	12.96171	77.69994
297	12.96168	77.69988
298	12.96165	77.69982
299	12.96163	77.69977
300	12.96161	77.69971
301	12.96158	77.69965
302	12.96155	77.69958
303	12.96152	77.69953
304	12.96150	77.69947
305	12.96147	77.69941
306	12.96145	77.69935
307	12.96142	77.69930
308	12.96140	77.69925
309	12.96138	77.69919
310	12.96136	77.69913
311	12.96134	77.69907
312	12.96132	77.69901
313	12.96131	77.69896
314	12.96129	77.69890
315	12.96126	77.69885
316	12.96124	77.69879
317	12.96121	77.69873
318	12.96119	77.69867
319	12.96116	77.69862
320	12.96115	77.69856
321	12.96113	77.69851
322	12.96111	77.69844
323	12.96109	77.69838
324	12.96107	77.69832
325	12.96104	77.69827
326	12.96102	77.69822
327	12.96098	77.69816
328	12.96094	77.69811
329	12.96089	77.69805
330	12.96087	77.69799
331	12.96083	77.69793
332	12.96080	77.69787
333	12.96075	77.69781
334	12.96072	77.69776
335	12.96069	77.69771
336	12.96067	77.69766
337	12.96064	77.69760
338	12.96061	77.69755
339	12.96058	77.69749
340	12.96055	77.69744
341	12.96053	77.69738
342	12.96050	77.69733
343	12.96046	77.69727
344	12.96044	77.69721
345	12.96040	77.69714
346	12.96038	77.69709
347	12.96035	77.69703
348	12.96031	77.69698
349	12.96029	77.69692
350	12.96026	77.69686
351	12.96024	77.69680
352	12.96022	77.69673
353	12.96021	77.69668
354	12.96020	77.69663
355	12.96017	77.69657
356	12.96015	77.69652
357	12.96014	77.69646
358	12.96012	77.69640
359	12.96010	77.69634
360	12.96007	77.69629
361	12.96004	77.69623
362	12.96001	77.69617
363	12.95999	77.69612
364	12.95996	77.69607
365	12.95994	77.69601
366	12.95991	77.69594
367	12.95989	77.69587
368	12.95986	77.69581
369	12.95984	77.69575
370	12.95983	77.69569
371	12.95981	77.69563
372	12.95979	77.69557
373	12.95977	77.69550
374	12.95976	77.69544
375	12.95975	77.69539
376	12.95974	77.69532
377	12.95972	77.69526
378	12.95970	77.69521
379	12.95969	77.69515
380	12.95967	77.69509
381	12.95965	77.69503
382	12.95964	77.69498
383	12.95962	77.69492
384	12.95961	77.69486
385	12.95960	77.69479
386	12.95959	77.69473
387	12.95959	77.69467
388	12.95958	77.69462
389	12.95957	77.69455
390	12.95957	77.69450
391	12.95956	77.69445
392	12.95956	77.69438
393	12.95955	77.69433
394	12.95948	77.69432
395	12.95942	77.69433
396	12.95937	77.69433
397	12.95931	77.69434
398	12.95925	77.69435
399	12.95920	77.69436
400	12.95914	77.69437
401	12.95908	77.69438
402	12.95901	77.69439
403	12.95896	77.69440
404	12.95891	77.69440
405	12.95884	77.69441
406	12.95878	77.69443
407	12.95873	77.69445
408	12.95866	77.69447
409	12.95860	77.69448
410	12.95855	77.69449
411	12.95849	77.69449
412	12.95846	77.69455
413	12.95847	77.69461
414	12.95848	77.69467
415	12.95850	77.69473
416	12.95852	77.69479
417	12.95853	77.69484
418	12.95855	77.69489
419	12.95856	77.69496
420	12.95857	77.69502
421	12.95859	77.69507
422	12.95860	77.69513
423	12.95861	77.69518
424	12.95862	77.69524
425	12.95863	77.69529
426	12.95865	77.69535
427	12.95866	77.69540
428	12.95867	77.69546
429	12.95868	77.69551
430	12.95869	77.69557
431	12.95870	77.69564
432	12.95871	77.69570
433	12.95873	77.69576
434	12.95874	77.69581
435	12.95875	77.69587
436	12.95877	77.69593
437	12.95871	77.69596
438	12.95866	77.69598
439	12.95859	77.69599
440	12.95853	77.69600
441	12.95848	77.69600
442	12.95841	77.69601
443	12.95835	77.69602
444	12.95828	77.69603
445	12.95820	77.69604
446	12.95815	77.69605
447	12.95810	77.69605
448	12.95803	77.69606
449	12.95798	77.69607
450	12.95792	77.69607
451	12.95785	77.69607
452	12.95780	77.69607
453	12.95774	77.69607
454	12.95769	77.69607
455	12.95762	77.69608
456	12.95756	77.69609
457	12.95750	77.69610
458	12.95745	77.69611
459	12.95746	77.69617
460	12.95747	77.69623
461	12.95748	77.69629
462	12.95749	77.69636
463	12.95749	77.69642
464	12.95750	77.69648
465	12.95750	77.69654
466	12.95750	77.69660
467	12.95750	77.69665
468	12.95750	77.69670
469	12.95750	77.69675
470	12.95751	77.69681
471	12.95750	77.69686
472	12.95750	77.69693
473	12.95749	77.69698
474	12.95748	77.69705
475	12.95745	77.69711
476	12.95739	77.69712
477	12.95734	77.69713
478	12.95728	77.69714
479	12.95722	77.69714
480	12.95716	77.69714
481	12.95710	77.69715
482	12.95705	77.69714
483	12.95699	77.69713
484	12.95694	77.69712
485	12.95692	77.69706
486	12.95690	77.69699
487	12.95689	77.69694
488	12.95687	77.69689
489	12.95685	77.69683
490	12.95684	77.69677
491	12.95683	77.69671
492	12.95680	77.69665
493	12.95674	77.69660
494	12.95672	77.69654
495	12.95672	77.69649
496	12.95671	77.69642
497	12.95670	77.69636
498	12.95669	77.69629
499	12.95669	77.69624
500	12.95669	77.69618
501	12.95669	77.69611
502	12.95668	77.69606
503	12.95668	77.69601
504	12.95668	77.69594
505	12.95668	77.69589
506	12.95668	77.69583
507	12.95668	77.69577
508	12.95666	77.69572
509	12.95666	77.69566
510	12.95666	77.69561
511	12.95664	77.69555
512	12.95658	77.69550
513	12.95653	77.69546
514	12.95647	77.69541
515	12.95640	77.69536
516	12.95635	77.69532
517	12.95629	77.69527
518	12.95623	77.69522
519	12.95617	77.69519
520	12.95612	77.69515
521	12.95606	77.69512
522	12.95600	77.69509
523	12.95594	77.69506
524	12.95588	77.69504
525	12.95583	77.69503
526	12.95577	77.69503
527	12.95572	77.69505
528	12.95567	77.69507
529	12.95561	77.69507
530	12.95555	77.69509
531	12.95550	77.69509
532	12.95544	77.69510
533	12.95538	77.69511
534	12.95532	77.69513
535	12.95526	77.69514
536	12.95519	77.69515
537	12.95513	77.69517
538	12.95507	77.69518
539	12.95502	77.69519
540	12.95496	77.69519
541	12.95490	77.69520
542	12.95484	77.69520
543	12.95479	77.69520
544	12.95476	77.69515
545	12.95475	77.69509
546	12.95474	77.69502
547	12.95473	77.69497
548	12.95473	77.69490
549	12.95472	77.69484
550	12.95471	77.69478
551	12.95470	77.69471
552	12.95469	77.69466
553	12.95468	77.69461
554	12.95468	77.69456
555	12.95467	77.69450
556	12.95467	77.69445
557	12.95466	77.69439
558	12.95466	77.69434
559	12.95464	77.69428
560	12.95464	77.69422
561	12.95463	77.69417
562	12.95462	77.69412
563	12.95462	77.69406
564	12.95461	77.69400
565	12.95459	77.69395
566	12.95458	77.69389
567	12.95457	77.69384
568	12.95456	77.69378
569	12.95455	77.69372
570	12.95454	77.69366
571	12.95453	77.69360
572	12.95452	77.69354
573	12.95451	77.69348
574	12.95451	77.69343
575	12.95450	77.69338
576	12.95449	77.69332
577	12.95448	77.69326
578	12.95447	77.69318
579	12.95446	77.69313
580	12.95445	77.69307
581	12.95443	77.69301
582	12.95441	77.69295
583	12.95439	77.69289
584	12.95438	77.69283
585	12.95438	77.69277
586	12.95436	77.69271
587	12.95435	77.69266
588	12.95434	77.69261
589	12.95433	77.69256
590	12.95432	77.69249
591	12.95431	77.69243
592	12.95430	77.69237
593	12.95429	77.69231
594	12.95428	77.69226
595	12.95427	77.69220
596	12.95426	77.69215
597	12.95424	77.69209
598	12.95423	77.69204
599	12.95422	77.69198
600	12.95421	77.69193
601	12.95420	77.69187
602	12.95419	77.69181
603	12.95418	77.69176
604	12.95418	77.69170
605	12.95417	77.69164
606	12.95416	77.69158
607	12.95416	77.69153
608	12.95415	77.69148
609	12.95414	77.69142
610	12.95413	77.69136
611	12.95412	77.69129
612	12.95412	77.69124
613	12.95411	77.69117
614	12.95410	77.69112
615	12.95409	77.69105
616	12.95408	77.69099
617	12.95408	77.69094
618	12.95413	77.69091
619	12.95419	77.69089
620	12.95425	77.69089
621	12.95431	77.69089
622	12.95436	77.69090
623	12.95443	77.69090
624	12.95448	77.69090
625	12.95454	77.69090
626	12.95461	77.69090
627	12.95468	77.69090
628	12.95474	77.69090
629	12.95479	77.69090
630	12.95486	77.69090
631	12.95492	77.69090
632	12.95498	77.69089
633	12.95504	77.69088
634	12.95511	77.69088
635	12.95517	77.69087
636	12.95523	77.69087
637	12.95528	77.69086
638	12.95534	77.69086
639	12.95539	77.69085
640	12.95546	77.69085
641	12.95551	77.69086
642	12.95557	77.69086
643	12.95563	77.69087
644	12.95569	77.69088
645	12.95574	77.69088
646	12.95582	77.69089
647	12.95587	77.69090
648	12.95593	77.69091
649	12.95600	77.69092
650	12.95607	77.69092
651	12.95613	77.69092
652	12.95619	77.69093
653	12.95625	77.69093
654	12.95631	77.69094
655	12.95637	77.69094
656	12.95643	77.69094
657	12.95649	77.69095
658	12.95655	77.69095
659	12.95661	77.69095
660	12.95668	77.69095
661	12.95673	77.69096
662	12.95680	77.69096
663	12.95686	77.69097
664	12.95691	77.69097
665	12.95698	77.69098
666	12.95704	77.69098
667	12.95710	77.69098
668	12.95716	77.69098
669	12.95721	77.69098
670	12.95727	77.69098
671	12.95733	77.69098
672	12.95739	77.69098
673	12.95744	77.69097
674	12.95749	77.69097
675	12.95754	77.69096
676	12.95760	77.69096
677	12.95766	77.69095
678	12.95771	77.69095
679	12.95777	77.69095
680	12.95784	77.69095
681	12.95790	77.69096
682	12.95797	77.69096
683	12.95804	77.69096
684	12.95810	77.69096
685	12.95816	77.69096
686	12.95821	77.69096
687	12.95827	77.69096
688	12.95832	77.69096
689	12.95838	77.69096
690	12.95843	77.69096
691	12.95850	77.69096
692	12.95856	77.69096
693	12.95862	77.69096
694	12.95868	77.69096
695	12.95873	77.69096
696	12.95880	77.69096
697	12.95885	77.69096
698	12.95892	77.69096
699	12.95898	77.69096
700	12.95904	77.69096
701	12.95911	77.69095
702	12.95919	77.69094
703	12.95925	77.69094
704	12.95931	77.69093
705	12.95937	77.69092
706	12.95944	77.69091
707	12.95949	77.69090
708	12.95956	77.69089
709	12.95961	77.69089
710	12.95967	77.69089
711	12.95973	77.69089
712	12.95978	77.69088
713	12.95984	77.69086
714	12.95989	77.69085
715	12.95995	77.69082
716	12.96001	77.69080
717	12.96007	77.69076
718	12.96013	77.69074
719	12.96019	77.69072
720	12.96025	77.69071
721	12.96031	77.69069
722	12.96037	77.69067
723	12.96044	77.69065
724	12.96049	77.69063
725	12.96055	77.69062
726	12.96061	77.69060
727	12.96067	77.69057
728	12.96073	77.69055
729	12.96080	77.69053
730	12.96081	77.69047
731	12.96082	77.69040
732	12.96082	77.69034
733	12.96083	77.69029
734	12.96083	77.69023
735	12.96089	77.69018
736	12.96095	77.69017
737	12.96101	77.69016
738	12.96106	77.69016
739	12.96111	77.69015
740	12.96117	77.69014
741	12.96124	77.69013
742	12.96129	77.69012
743	12.96136	77.69012
744	12.96143	77.69011
745	12.96149	77.69010
746	12.96155	77.69010
747	12.96161	77.69009
748	12.96167	77.69008
749	12.96173	77.69008
750	12.96179	77.69008
751	12.96185	77.69007
752	12.96191	77.69006
753	12.96197	77.69005
754	12.96203	77.69003
755	12.96208	77.69003
756	12.96214	77.69001
757	12.96220	77.69001
758	12.96226	77.69000
759	12.96232	77.69000
760	12.96237	77.68999
761	12.96245	77.68998
762	12.96251	77.68997
763	12.96258	77.68996
764	12.96265	77.68995
765	12.96271	77.68994
766	12.96276	77.68994
767	12.96282	77.68993
768	12.96287	77.68992
769	12.96294	77.68991
770	12.96301	77.68990
771	12.96307	77.68989
772	12.96313	77.68988
773	12.96318	77.68986
774	12.96324	77.68985
775	12.96329	77.68985
776	12.96334	77.68984
777	12.96340	77.68983
778	12.96346	77.68983
779	12.96352	77.68983
780	12.96357	77.68983
781	12.96364	77.68982
782	12.96370	77.68982
783	12.96376	77.68982
784	12.96382	77.68982
785	12.96388	77.68982
786	12.96393	77.68983
787	12.96400	77.68983
788	12.96406	77.68983
789	12.96412	77.68983
790	12.96418	77.68982
791	12.96424	77.68982
792	12.96430	77.68981
793	12.96436	77.68981
794	12.96443	77.68981
795	12.96450	77.68981
796	12.96455	77.68981
797	12.96460	77.68980
798	12.96466	77.68980
799	12.96472	77.68979
800	12.96478	77.68979
801	12.96484	77.68979
802	12.96492	77.68979
803	12.96497	77.68978
804	12.96502	77.68977
805	12.96508	77.68976
806	12.96514	77.68973
807	12.96519	77.68969
808	12.96525	77.68965
809	12.96530	77.68962
810	12.96535	77.68959
811	12.96541	77.68957
812	12.96547	77.68952
813	12.96553	77.68946
814	12.96558	77.68942
815	12.96564	77.68937
816	12.96570	77.68933
817	12.96577	77.68930
818	12.96582	77.68928
819	12.96589	77.68926
820	12.96595	77.68925
821	12.96600	77.68924
822	12.96605	77.68924
823	12.96611	77.68923
824	12.96618	77.68922
825	12.96624	77.68921
826	12.96630	77.68920
827	12.96635	77.68920
828	12.96643	77.68920
829	12.96649	77.68920
830	12.96655	77.68920
831	12.96661	77.68921
832	12.96667	77.68922
833	12.96674	77.68922
834	12.96679	77.68922
835	12.96685	77.68922
836	12.96691	77.68922
837	12.96697	77.68921
838	12.96703	77.68920
839	12.96708	77.68919
840	12.96714	77.68918
841	12.96721	77.68918
842	12.96727	77.68917
843	12.96732	77.68916
844	12.96738	77.68917
845	12.96743	77.68916
846	12.96746	77.68911
847	12.96748	77.68904
848	12.96749	77.68899
849	12.96755	77.68894
850	12.96762	77.68894
851	12.96768	77.68894
852	12.96774	77.68894
853	12.96774	77.68888
854	12.96775	77.68882
855	12.96776	77.68876
856	12.96777	77.68870
857	12.96778	77.68864
858	12.96780	77.68858
859	12.96781	77.68852
860	12.96783	77.68846
861	12.96784	77.68841
862	12.96785	77.68835
863	12.96785	77.68829
864	12.96786	77.68822
865	12.96789	77.68816
866	12.96790	77.68810
867	12.96792	77.68805
868	12.96793	77.68799
869	12.96795	77.68794
870	12.96797	77.68789
871	12.96799	77.68783
872	12.96802	77.68777
873	12.96804	77.68772
874	12.96807	77.68766
875	12.96811	77.68760
876	12.96814	77.68755
877	12.96819	77.68749
878	12.96824	77.68745
879	12.96830	77.68745
880	12.96836	77.68747
881	12.96842	77.68749
882	12.96845	77.68743
883	12.96847	77.68737
884	12.96850	77.68732
885	12.96856	77.68728
886	12.96862	77.68725
887	12.96867	77.68725
888	12.96873	77.68723
889	12.96879	77.68723
890	12.96884	77.68724
891	12.96890	77.68725
892	12.96896	77.68727
893	12.96901	77.68729
894	12.96908	77.68731
895	12.96913	77.68733
896	12.96918	77.68735
897	12.96924	77.68736
898	12.96929	77.68738
899	12.96935	77.68739
900	12.96941	77.68741
901	12.96946	77.68743
902	12.96953	77.68745
903	12.96958	77.68747
904	12.96964	77.68749
905	12.96970	77.68751
906	12.96977	77.68753
907	12.96982	77.68756
908	12.96987	77.68758
909	12.96993	77.68761
910	12.96999	77.68762
911	12.97006	77.68765
912	12.97011	77.68767
913	12.97018	77.68770
914	12.97024	77.68772
915	12.97029	77.68773
916	12.97036	77.68776
917	12.97041	77.68778
918	12.97047	77.68780
919	12.97052	77.68782
920	12.97057	77.68784
921	12.97063	77.68784
922	12.97069	77.68785
923	12.97075	77.68786
924	12.97081	77.68786
925	12.97087	77.68789
926	12.97093	77.68792
927	12.97098	77.68792
928	12.97104	77.68793
929	12.97110	77.68793
930	12.97116	77.68794
931	12.97122	77.68794
932	12.97128	77.68794
933	12.97135	77.68794
934	12.97141	77.68795
935	12.97148	77.68795
936	12.97153	77.68795
937	12.97159	77.68795
938	12.97165	77.68795
939	12.97172	77.68795
940	12.97178	77.68796
941	12.97183	77.68797
942	12.97189	77.68794
943	12.97195	77.68788
944	12.97199	77.68782
945	12.97203	77.68776
946	12.97207	77.68770
947	12.97210	77.68765
948	12.97214	77.68759
949	12.97217	77.68753
950	12.97220	77.68747
951	12.97224	77.68741
952	12.97229	77.68736
953	12.97234	77.68729
954	12.97238	77.68724
955	12.97243	77.68719
956	12.97248	77.68714
957	12.97253	77.68710
958	12.97259	77.68706
959	12.97265	77.68702
960	12.97271	77.68699
961	12.97277	77.68696
962	12.97282	77.68693
963	12.97288	77.68690
964	12.97294	77.68686
965	12.97301	77.68680
966	12.97307	77.68675
967	12.97312	77.68670
968	12.97318	77.68664
969	12.97323	77.68660
970	12.97328	77.68657
971	12.97334	77.68652
972	12.97339	77.68645
973	12.97344	77.68640
974	12.97348	77.68633
975	12.97350	77.68628
976	12.97353	77.68623
977	12.97356	77.68617
978	12.97360	77.68612
979	12.97364	77.68606
980	12.97367	77.68601
981	12.97372	77.68595
982	12.97375	77.68590
983	12.97377	77.68585
984	12.97379	77.68578
985	12.97380	77.68571
986	12.97384	77.68566
987	12.97389	77.68561
988	12.97395	77.68556
989	12.97400	77.68553
990	12.97406	77.68550
991	12.97412	77.68549
992	12.97418	77.68547
993	12.97424	77.68545
994	12.97430	77.68544
995	12.97435	77.68543
996	12.97441	77.68542
997	12.97447	77.68542
998	12.97454	77.68541
999	12.97460	77.68540
1000	12.97466	77.68539
1001	12.97471	77.68539
1002	12.97477	77.68538
1003	12.97483	77.68538
1004	12.97489	77.68538
1005	12.97494	77.68536
1006	12.97500	77.68536
1007	12.97506	77.68537
1008	12.97511	77.68538
1009	12.97516	77.68539
1010	12.97523	77.68541
1011	12.97530	77.68541
1012	12.97535	77.68542
1013	12.97541	77.68545
1014	12.97548	77.68548
1015	12.97554	77.68549
1016	12.97560	77.68550
1017	12.97566	77.68551
1018	12.97572	77.68553
1019	12.97578	77.68554
1020	12.97583	77.68556
1021	12.97588	77.68557
1022	12.97594	77.68559
1023	12.97601	77.68561
1024	12.97606	77.68563
1025	12.97611	77.68564
1026	12.97616	77.68568
1027	12.97622	77.68574
1028	12.97626	77.68579
1029	12.97631	77.68586
1030	12.97637	77.68592
1031	12.97641	77.68597
1032	12.97645	77.68603
1033	12.97650	77.68609
1034	12.97654	77.68614
1035	12.97659	77.68619
1036	12.97665	77.68625
1037	12.97669	77.68630
1038	12.97675	77.68637
1039	12.97679	77.68642
1040	12.97684	77.68648
1041	12.97689	77.68654
1042	12.97694	77.68660
1043	12.97698	77.68665
1044	12.97704	77.68672
1045	12.97709	77.68677
1046	12.97713	77.68683
1047	12.97719	77.68689
1048	12.97723	77.68695
1049	12.97728	77.68700
1050	12.97732	77.68705
1051	12.97737	77.68710
1052	12.97741	77.68715
1053	12.97745	77.68722
1054	12.97749	77.68727
1055	12.97753	77.68733
1056	12.97756	77.68738
1057	12.97759	77.68744
1058	12.97763	77.68749
1059	12.97766	77.68754
1060	12.97768	77.68759
1061	12.97771	77.68765
1062	12.97775	77.68770
1063	12.97779	77.68776
1064	12.97783	77.68781
1065	12.97787	77.68787
1066	12.97791	77.68794
1067	12.97794	77.68799
1068	12.97797	77.68804
1069	12.97802	77.68810
1070	12.97806	77.68816
1071	12.97808	77.68821
1072	12.97805	77.68827
1073	12.97802	77.68833
1074	12.97799	77.68839
1075	12.97796	77.68845
1076	12.97793	77.68850
1077	12.97790	77.68856
1078	12.97787	77.68862
1079	12.97784	77.68868
1080	12.97781	77.68873
1081	12.97778	77.68879
1082	12.97776	77.68885
1083	12.97772	77.68891
1084	12.97769	77.68897
1085	12.97766	77.68902
1086	12.97763	77.68907
1087	12.97759	77.68914
1088	12.97756	77.68919
1089	12.97753	77.68924
1090	12.97750	77.68930
1091	12.97746	77.68936
1092	12.97742	77.68941
1093	12.97739	77.68947
1094	12.97736	77.68953
1095	12.97733	77.68958
1096	12.97729	77.68965
1097	12.97727	77.68971
1098	12.97733	77.68975
1099	12.97738	77.68978
1100	12.97745	77.68982
1101	12.97751	77.68985
1102	12.97757	77.68988
1103	12.97763	77.68991
1104	12.97769	77.68995
1105	12.97776	77.68998
1106	12.97781	77.69001
1107	12.97787	77.69005
1108	12.97793	77.69007
1109	12.97799	77.69010
1110	12.97805	77.69013
1111	12.97810	77.69016
1112	12.97816	77.69019
1113	12.97823	77.69022
1114	12.97829	77.69025
1115	12.97835	77.69029
1116	12.97841	77.69032
1117	12.97847	77.69035
1118	12.97852	77.69038
1119	12.97858	77.69042
1120	12.97864	77.69045
1121	12.97870	77.69048
1122	12.97876	77.69052
1123	12.97882	77.69055
1124	12.97887	77.69058
1125	12.97894	77.69061
1126	12.97900	77.69064
1127	12.97905	77.69066
1128	12.97911	77.69068
1129	12.97917	77.69071
1130	12.97923	77.69074
1131	12.97930	77.69077
1132	12.97935	77.69078
1133	12.97941	77.69080
1134	12.97947	77.69082
1135	12.97953	77.69083
1136	12.97958	77.69085
1137	12.97964	77.69086
1138	12.97970	77.69088
1139	12.97976	77.69089
1140	12.97983	77.69091
1141	12.97990	77.69093
1142	12.97996	77.69095
1143	12.98002	77.69097
1144	12.98008	77.69099
1145	12.98013	77.69100
1146	12.98018	77.69102
1147	12.98024	77.69104
1148	12.98030	77.69106
1149	12.98037	77.69110
1150	12.98043	77.69115
1151	12.98047	77.69120
1152	12.98049	77.69126
1153	12.98049	77.69131
1154	12.98049	77.69137
1155	12.98048	77.69143
1156	12.98046	77.69148
1157	12.98045	77.69154
1158	12.98045	77.69159
1159	12.98043	77.69165
1160	12.98043	77.69171
1161	12.98041	77.69176
1162	12.98040	77.69183
1163	12.98039	77.69190
1164	12.98039	77.69196
1165	12.98037	77.69201
1166	12.98036	77.69206
1167	12.98035	77.69212
1168	12.98035	77.69217
1169	12.98035	77.69223
1170	12.98035	77.69228
1171	12.98038	77.69234
1172	12.98041	77.69240
1173	12.98044	77.69246
1174	12.98047	77.69252
1175	12.98049	77.69258
1176	12.98050	77.69264
1177	12.98049	77.69270
1178	12.98048	77.69276
1179	12.98047	77.69281
1180	12.98045	77.69287
1181	12.98044	77.69293
1182	12.98043	77.69298
1183	12.98043	77.69305
1184	12.98043	77.69311
1185	12.98043	77.69317
1186	12.98044	77.69322
1187	12.98046	77.69328
1188	12.98048	77.69334
1189	12.98049	77.69340
1190	12.98050	77.69346
1191	12.98051	77.69353
1192	12.98051	77.69360
1193	12.98051	77.69365
1194	12.98052	77.69371
1195	12.98052	77.69376
1196	12.98053	77.69383
1197	12.98054	77.69389
1198	12.98054	77.69395
1199	12.98054	77.69402
1200	12.98054	77.69407
1201	12.98054	77.69413
1202	12.98054	77.69419
1203	12.98053	77.69424
1204	12.98052	77.69430
1205	12.98046	77.69433
1206	12.98041	77.69436
1207	12.98035	77.69440
1208	12.98029	77.69444
1209	12.98023	77.69448
1210	12.98017	77.69453
1211	12.98011	77.69457
1212	12.98005	77.69461
1213	12.98009	77.69467
1214	12.98011	77.69473
1215	12.98015	77.69479
1216	12.98016	77.69485
1217	12.98016	77.69490
1218	12.98016	77.69496
1219	12.98016	77.69503
1220	12.98016	77.69508
1221	12.98016	77.69514
1222	12.98017	77.69519
1223	12.98018	77.69525
1224	12.98018	77.69530
1225	12.98018	77.69536
1226	12.98017	77.69542
1227	12.98011	77.69548
1228	12.98005	77.69553
1229	12.98002	77.69559
1230	12.98001	77.69564
1231	12.98000	77.69570
1232	12.98000	77.69577
1233	12.98000	77.69582
1234	12.97999	77.69588
1235	12.97999	77.69595
1236	12.97998	77.69601
1237	12.97998	77.69606
1238	12.97998	77.69612
1239	12.97997	77.69617
1240	12.97997	77.69623
1241	12.97997	77.69628
1242	12.97998	77.69634
1243	12.98004	77.69635
1244	12.98010	77.69636
1245	12.98015	77.69637
1246	12.98022	77.69639
1247	12.98028	77.69640
1248	12.98034	77.69642
1249	12.98040	77.69644
1250	12.98046	77.69648
1251	12.98052	77.69651
1252	12.98058	77.69654
1253	12.98060	77.69660
1254	12.98060	77.69666
1255	12.98059	77.69671
1256	12.98058	77.69677
1257	12.98057	77.69682
1258	12.98057	77.69688
1259	12.98055	77.69694
1260	12.98054	77.69699
1261	12.98053	77.69705
1262	12.98052	77.69712
1263	12.98052	77.69717
1264	12.98050	77.69724
1265	12.98049	77.69729
1266	12.98048	77.69735
1267	12.98047	77.69740
1268	12.98047	77.69746
1269	12.98046	77.69752
1270	12.98045	77.69758
1271	12.98044	77.69764
1272	12.98043	77.69770
1273	12.98042	77.69777
1274	12.98042	77.69782
1275	12.98041	77.69788
1276	12.98040	77.69793
1277	12.98039	77.69800
1278	12.98039	77.69806
1279	12.98037	77.69811
1280	12.98035	77.69818
1281	12.98033	77.69823
1282	12.98031	77.69830
1283	12.98030	77.69836
1284	12.98027	77.69844
1285	12.98026	77.69849
1286	12.98023	77.69855
1287	12.98020	77.69862
1288	12.98017	77.69868
1289	12.98014	77.69873
1290	12.98011	77.69879
1291	12.98009	77.69884
1292	12.98007	77.69890
1293	12.98004	77.69895
1294	12.98001	77.69901
1295	12.97998	77.69907
1296	12.97997	77.69913
1297	12.97994	77.69919
1298	12.97992	77.69925
1299	12.97990	77.69930
1300	12.97988	77.69936
1301	12.97985	77.69942
1302	12.97982	77.69948
1303	12.97979	77.69955
1304	12.97977	77.69961
1305	12.97974	77.69967
1306	12.97971	77.69972
1307	12.97969	77.69979
1308	12.97966	77.69984
1309	12.97963	77.69989
1310	12.97961	77.69995
1311	12.97959	77.70001
1312	12.97957	77.70006
1313	12.97954	77.70012
1314	12.97951	77.70019
1315	12.97949	77.70024
1316	12.97946	77.70030
1317	12.97943	77.70035
1318	12.97941	77.70041
1319	12.97939	77.70047
1320	12.97937	77.70053
1321	12.97935	77.70058
1322	12.97933	77.70063
1323	12.97931	77.70069
1324	12.97929	77.70074
1325	12.97928	77.70080
1326	12.97926	77.70087
1327	12.97924	77.70092
1328	12.97921	77.70098
1329	12.97927	77.70103
1330	12.97934	77.70105
1331	12.97940	77.70107
1332	12.97946	77.70110
1333	12.97951	77.70113
1334	12.97957	77.70117
1335	12.97963	77.70120
1336	12.97969	77.70123
1337	12.97975	77.70127
1338	12.97981	77.70129
1339	12.97987	77.70132
1340	12.97992	77.70135
1341	12.97999	77.70138
1342	12.98006	77.70142
1343	12.98012	77.70144
1344	12.98018	77.70147
1345	12.98023	77.70150
1346	12.98029	77.70152
1347	12.98035	77.70154
1348	12.98041	77.70156
1349	12.98047	77.70158
1350	12.98054	77.70160
1351	12.98059	77.70161
1352	12.98064	77.70162
1353	12.98070	77.70163
1354	12.98076	77.70164
1355	12.98082	77.70165
1356	12.98088	77.70166
1357	12.98095	77.70167
1358	12.98101	77.70168
1359	12.98107	77.70168
1360	12.98114	77.70168
1361	12.98119	77.70168
1362	12.98125	77.70168
1363	12.98130	77.70168
1364	12.98137	77.70168
1365	12.98142	77.70168
1366	12.98148	77.70169
1367	12.98154	77.70170
1368	12.98159	77.70170
1369	12.98165	77.70171
1370	12.98171	77.70171
1371	12.98177	77.70170
1372	12.98183	77.70169
1373	12.98189	77.70168
1374	12.98194	77.70167
1375	12.98199	77.70166
1376	12.98205	77.70166
1377	12.98210	77.70166
1378	12.98216	77.70166
1379	12.98222	77.70166
1380	12.98228	77.70166
1381	12.98233	77.70166
1382	12.98238	77.70166
1383	12.98244	77.70166
1384	12.98249	77.70166
1385	12.98256	77.70166
1386	12.98261	77.70165
1387	12.98267	77.70164
1388	12.98271	77.70159
1389	12.98275	77.70153
1390	12.98279	77.70147
1391	12.98285	77.70147
1392	12.98288	77.70153
1393	12.98291	77.70158
1394	12.98296	77.70163
1395	12.98300	77.70169
1396	12.98303	77.70175
1397	12.98306	77.70181
1398	12.98309	77.70186
1399	12.98312	77.70191
1400	12.98316	77.70197
1401	12.98319	77.70203
1402	12.98321	77.70208
1403	12.98325	77.70214
1404	12.98327	77.70219
1405	12.98332	77.70225
1406	12.98336	77.70230
1407	12.98339	77.70236
1408	12.98344	77.70241
1409	12.98347	77.70246
1410	12.98350	77.70252
1411	12.98354	77.70257
1412	12.98358	77.70263
1413	12.98362	77.70269
1414	12.98366	77.70274
1415	12.98370	77.70280
1416	12.98372	77.70285
1417	12.98375	77.70291
1418	12.98379	77.70297
1419	12.98382	77.70302
1420	12.98386	77.70308
1421	12.98389	77.70314
1422	12.98391	77.70320
1423	12.98395	77.70325
1424	12.98400	77.70331
1425	12.98405	77.70333
1426	12.98410	77.70336
1427	12.98416	77.70339
1428	12.98422	77.70343
1429	12.98428	77.70347
1430	12.98433	77.70351
1431	12.98439	77.70355
1432	12.98445	77.70359
1433	12.98451	77.70364
1434	12.98456	77.70368
1435	12.98462	77.70373
1436	12.98467	77.70378
1437	12.98473	77.70383
1438	12.98479	77.70387
1439	12.98484	77.70392
1440	12.98490	77.70397
1441	12.98496	77.70402
1442	12.98501	77.70405
1443	12.98508	77.70410
1444	12.98514	77.70415
1445	12.98519	77.70420
1446	12.98524	77.70425
1447	12.98529	77.70430
1448	12.98534	77.70435
1449	12.98539	77.70440
1450	12.98543	77.70446
1451	12.98548	77.70452
1452	12.98552	77.70457
1453	12.98556	77.70463
1454	12.98559	77.70469
1455	12.98561	77.70474
1456	12.98566	77.70479
1457	12.98570	77.70485
1458	12.98575	77.70491
1459	12.98578	77.70498
1460	12.98580	77.70503
1461	12.98581	77.70509
1462	12.98583	77.70516
1463	12.98585	77.70522
1464	12.98586	77.70527
1465	12.98587	77.70533
1466	12.98587	77.70539
1467	12.98587	77.70545
1468	12.98587	77.70551
1469	12.98586	77.70556
1470	12.98585	77.70561
1471	12.98584	77.70568
1472	12.98584	77.70573
1473	12.98583	77.70578
1474	12.98582	77.70583
1475	12.98582	77.70589
1476	12.98582	77.70594
1477	12.98582	77.70600
1478	12.98581	77.70606
1479	12.98581	77.70611
1480	12.98581	77.70617
1481	12.98581	77.70623
1482	12.98581	77.70628
1483	12.98581	77.70634
1484	12.98581	77.70640
1485	12.98581	77.70645
1486	12.98581	77.70651
1487	12.98581	77.70656
1488	12.98581	77.70662
1489	12.98581	77.70668
1490	12.98580	77.70674
1491	12.98580	77.70680
1492	12.98580	77.70686
1493	12.98580	77.70692
1494	12.98580	77.70697
1495	12.98581	77.70703
1496	12.98587	77.70702
1497	12.98593	77.70701
1498	12.98598	77.70699
1499	12.98604	77.70698
1500	12.98610	77.70696
1501	12.98615	77.70696
1502	12.98621	77.70695
1503	12.98626	77.70694
1504	12.98632	77.70693
1505	12.98638	77.70693
1506	12.98644	77.70693
1507	12.98649	77.70691
1508	12.98655	77.70690
1509	12.98662	77.70689
1510	12.98667	77.70688
1511	12.98673	77.70687
1512	12.98678	77.70690
1513	12.98678	77.70696
1514	12.98678	77.70702
1515	12.98678	77.70707
1516	12.98677	77.70713
1517	12.98676	77.70718
1518	12.98676	77.70723
1519	12.98675	77.70730
1520	12.98674	77.70737
1521	12.98674	77.70744
1522	12.98673	77.70750
1523	12.98673	77.70756
1524	12.98672	77.70761
1525	12.98672	77.70767
1526	12.98672	77.70773
1527	12.98672	77.70779
1528	12.98671	77.70784
1529	12.98670	77.70791
1530	12.98669	77.70798
1531	12.98668	77.70804
1532	12.98668	77.70810
1533	12.98667	77.70815
1534	12.98666	77.70821
1535	12.98665	77.70826
1536	12.98665	77.70831
1537	12.98664	77.70838
1538	12.98658	77.70842
1539	12.98651	77.70845
1540	12.98645	77.70847
1541	12.98640	77.70849
1542	12.98633	77.70851
1543	12.98628	77.70853
1544	12.98622	77.70854
1545	12.98616	77.70856
1546	12.98610	77.70858
1547	12.98605	77.70859
1548	12.98599	77.70861
1549	12.98593	77.70863
1550	12.98588	77.70865
1551	12.98582	77.70867
1552	12.98576	77.70869
1553	12.98570	77.70871
1554	12.98565	77.70872
1555	12.98558	77.70874
1556	12.98553	77.70875
1557	12.98547	77.70876
1558	12.98541	77.70877
1559	12.98534	77.70878
1560	12.98528	77.70880
1561	12.98521	77.70881
1562	12.98515	77.70883
1563	12.98510	77.70884
1564	12.98504	77.70886
1565	12.98498	77.70887
1566	12.98492	77.70888
1567	12.98486	77.70890
1568	12.98481	77.70891
1569	12.98475	77.70892
1570	12.98469	77.70894
1571	12.98464	77.70897
1572	12.98457	77.70900
1573	12.98452	77.70902
1574	12.98446	77.70903
1575	12.98440	77.70904
1576	12.98435	77.70906
1577	12.98429	77.70907
1578	12.98423	77.70909
1579	12.98418	77.70910
1580	12.98412	77.70912
1581	12.98406	77.70915
1582	12.98400	77.70917
1583	12.98394	77.70919
1584	12.98388	77.70921
1585	12.98382	77.70923
1586	12.98376	77.70924
1587	12.98370	77.70926
1588	12.98364	77.70927
1589	12.98358	77.70928
1590	12.98351	77.70930
1591	12.98345	77.70931
1592	12.98338	77.70931
1593	12.98332	77.70932
1594	12.98326	77.70933
1595	12.98321	77.70934
1596	12.98315	77.70935
1597	12.98309	77.70935
1598	12.98303	77.70936
1599	12.98298	77.70936
1600	12.98291	77.70937
1601	12.98286	77.70938
1602	12.98279	77.70939
1603	12.98274	77.70940
1604	12.98269	77.70941
1605	12.98262	77.70945
1606	12.98257	77.70949
1607	12.98251	77.70954
1608	12.98245	77.70959
1609	12.98239	77.70962
1610	12.98235	77.70968
1611	12.98234	77.70974
1612	12.98235	77.70980
1613	12.98236	77.70986
1614	12.98237	77.70991
1615	12.98239	77.70997
1616	12.98240	77.71003
1617	12.98242	77.71008
1618	12.98243	77.71014
1619	12.98244	77.71019
1620	12.98245	77.71024
1621	12.98246	77.71031
1622	12.98246	77.71036
1623	12.98248	77.71042
1624	12.98250	77.71048
1625	12.98252	77.71054
1626	12.98254	77.71059
1627	12.98256	77.71065
1628	12.98257	77.71070
1629	12.98258	77.71077
1630	12.98259	77.71082
1631	12.98260	77.71088
1632	12.98262	77.71093
1633	12.98262	77.71098
1634	12.98264	77.71103
1635	12.98266	77.71110
1636	12.98268	77.71115
1637	12.98270	77.71122
1638	12.98271	77.71127
1639	12.98272	77.71133
1640	12.98273	77.71139
1641	12.98274	77.71144
1642	12.98274	77.71150
1643	12.98274	77.71156
1644	12.98277	77.71162
1645	12.98279	77.71167
1646	12.98280	77.71173
1647	12.98281	77.71178
1648	12.98282	77.71185
1649	12.98283	77.71191
1650	12.98284	77.71198
1651	12.98285	77.71203
1652	12.98285	77.71209
1653	12.98286	77.71214
1654	12.98286	77.71220
1655	12.98287	77.71225
1656	12.98288	77.71231
1657	12.98289	77.71236
1658	12.98288	77.71243
1659	12.98283	77.71248
1660	12.98278	77.71252
1661	12.98274	77.71258
1662	12.98271	77.71264
1663	12.98268	77.71270
1664	12.98265	77.71276
1665	12.98262	77.71282
1666	12.98259	77.71288
1667	12.98256	77.71294
1668	12.98254	77.71299
1669	12.98251	77.71306
1670	12.98249	77.71312
1671	12.98247	77.71319
1672	12.98244	77.71325
1673	12.98240	77.71332
1674	12.98235	77.71338
1675	12.98232	77.71344
1676	12.98229	77.71350
1677	12.98226	77.71356
1678	12.98223	77.71361
1679	12.98220	77.71366
1680	12.98217	77.71371
1681	12.98213	77.71377
1682	12.98209	77.71384
1683	12.98205	77.71389
1684	12.98200	77.71395
1685	12.98194	77.71401
1686	12.98190	77.71407
1687	12.98186	77.71412
1688	12.98182	77.71418
1689	12.98177	77.71424
1690	12.98173	77.71430
1691	12.98168	77.71436
1692	12.98164	77.71442
1693	12.98160	77.71447
1694	12.98156	77.71453
1695	12.98150	77.71459
1696	12.98144	77.71463
1697	12.98138	77.71466
1698	12.98133	77.71468
1699	12.98127	77.71471
1700	12.98122	77.71476
1701	12.98116	77.71480
1702	12.98111	77.71485
1703	12.98105	77.71489
1704	12.98099	77.71494
1705	12.98094	77.71499
1706	12.98089	77.71504
1707	12.98084	77.71510
1708	12.98081	77.71516
1709	12.98078	77.71522
1710	12.98075	77.71528
1711	12.98072	77.71534
1712	12.98070	77.71540
1713	12.98068	77.71546
1714	12.98068	77.71552
1715	12.98067	77.71557
1716	12.98065	77.71563
1717	12.98064	77.71569
1718	12.98063	77.71576
1719	12.98061	77.71581
1720	12.98060	77.71587
1721	12.98058	77.71592
1722	12.98056	77.71597
1723	12.98053	77.71604
1724	12.98052	77.71610
1725	12.98049	77.71616
1726	12.98047	77.71621
1727	12.98044	77.71627
1728	12.98040	77.71633
1729	12.98037	77.71638
1730	12.98033	77.71644
1731	12.98029	77.71650
1732	12.98025	77.71655
1733	12.98020	77.71655
1734	12.98015	77.71651
1735	12.98009	77.71645
1736	12.98005	77.71639
1737	12.98002	77.71634
1738	12.97995	77.71631
1739	12.97989	77.71629
1740	12.97983	77.71625
1741	12.97978	77.71623
1742	12.97972	77.71621
1743	12.97966	77.71619
1744	12.97959	77.71618
1745	12.97954	77.71617
1746	12.97948	77.71615
1747	12.97943	77.71614
1748	12.97936	77.71612
1749	12.97931	77.71611
1750	12.97925	77.71609
1751	12.97919	77.71607
1752	12.97913	77.71605
1753	12.97907	77.71603
1754	12.97902	77.71602
1755	12.97895	77.71600
1756	12.97889	77.71598
1757	12.97884	77.71596
1758	12.97878	77.71596
1759	12.97872	77.71595
1760	12.97867	77.71595
1761	12.97860	77.71594
1762	12.97854	77.71594
1763	12.97849	77.71593
1764	12.97843	77.71592
1765	12.97837	77.71590
1766	12.97831	77.71589
1767	12.97825	77.71588
1768	12.97819	77.71587
1769	12.97814	77.71586
1770	12.97808	77.71585
1771	12.97803	77.71584
1772	12.97797	77.71582
1773	12.97792	77.71581
1774	12.97786	77.71579
1775	12.97780	77.71578
1776	12.97774	77.71577
1777	12.97768	77.71575
1778	12.97762	77.71572
1779	12.97756	77.71569
1780	12.97751	77.71567
1781	12.97745	77.71566
1782	12.97739	77.71564
1783	12.97733	77.71563
1784	12.97726	77.71562
1785	12.97720	77.71561
1786	12.97712	77.71560
1787	12.97707	77.71560
1788	12.97702	77.71558
1789	12.97696	77.71556
1790	12.97690	77.71555
1791	12.97685	77.71553
1792	12.97679	77.71552
1793	12.97673	77.71551
1794	12.97667	77.71549
1795	12.97662	77.71548
1796	12.97656	77.71547
1797	12.97650	77.71545
1798	12.97644	77.71544
1799	12.97639	77.71543
1800	12.97634	77.71550
1801	12.97634	77.71555
1802	12.97633	77.71560
1803	12.97632	77.71566
1804	12.97632	77.71571
1805	12.97631	77.71578
1806	12.97630	77.71585
1807	12.97629	77.71591
1808	12.97629	77.71597
1809	12.97628	77.71604
1810	12.97627	77.71609
1811	12.97626	77.71616
1812	12.97625	77.71621
1813	12.97624	77.71628
1814	12.97622	77.71634
1815	12.97621	77.71640
1816	12.97619	77.71647
1817	12.97618	77.71652
1818	12.97617	77.71659
1819	12.97616	77.71665
1820	12.97616	77.71672
1821	12.97615	77.71677
1822	12.97614	77.71682
1823	12.97614	77.71688
1824	12.97613	77.71694
1825	12.97611	77.71700
1826	12.97611	77.71706
1827	12.97610	77.71711
1828	12.97610	77.71717
1829	12.97609	77.71722
1830	12.97608	77.71729
1831	12.97608	77.71734
1832	12.97607	77.71740
1833	12.97607	77.71747
1834	12.97606	77.71752
1835	12.97606	77.71757
1836	12.97606	77.71762
1837	12.97606	77.71767
1838	12.97605	77.71773
1839	12.97604	77.71779
1840	12.97603	77.71785
1841	12.97603	77.71790
1842	12.97603	77.71796
1843	12.97602	77.71802
1844	12.97602	77.71807
1845	12.97601	77.71812
1846	12.97601	77.71818
1847	12.97600	77.71824
1848	12.97600	77.71829
1849	12.97599	77.71835
1850	12.97599	77.71841
1851	12.97599	77.71847
1852	12.97599	77.71853
1853	12.97598	77.71858
1854	12.97597	77.71865
1855	12.97597	77.71871
1856	12.97596	77.71878
1857	12.97595	77.71883
1858	12.97595	77.71889
1859	12.97594	77.71894
1860	12.97593	77.71900
1861	12.97593	77.71906
1862	12.97592	77.71913
1863	12.97592	77.71919
1864	12.97591	77.71924
1865	12.97591	77.71930
1866	12.97591	77.71935
1867	12.97591	77.71941
1868	12.97591	77.71946
1869	12.97591	77.71952
1870	12.97591	77.71958
1871	12.97591	77.71964
1872	12.97590	77.71971
1873	12.97589	77.71977
1874	12.97589	77.71982
1875	12.97589	77.71987
1876	12.97589	77.71992
1877	12.97589	77.71997
1878	12.97589	77.72003
1879	12.97589	77.72008
1880	12.97589	77.72014
1881	12.97588	77.72020
1882	12.97588	77.72025
1883	12.97588	77.72031
1884	12.97588	77.72037
1885	12.97587	77.72044
1886	12.97587	77.72049
1887	12.97587	77.72055
1888	12.97587	77.72060
1889	12.97587	77.72066
1890	12.97587	77.72072
1891	12.97586	77.72077
1892	12.97586	77.72083
1893	12.97585	77.72088
1894	12.97584	77.72094
1895	12.97584	77.72099
1896	12.97583	77.72105
1897	12.97582	77.72111
1898	12.97581	77.72117
1899	12.97580	77.72123
1900	12.97580	77.72130
1901	12.97579	77.72136
1902	12.97578	77.72141
1903	12.97577	77.72147
1904	12.97577	77.72152
1905	12.97576	77.72158
1906	12.97575	77.72164
1907	12.97575	77.72169
1908	12.97575	77.72175
1909	12.97574	77.72181
1910	12.97574	77.72187
1911	12.97573	77.72192
1912	12.97572	77.72198
1913	12.97571	77.72205
1914	12.97571	77.72211
1915	12.97570	77.72216
1916	12.97570	77.72222
1917	12.97569	77.72228
1918	12.97569	77.72234
1919	12.97569	77.72239
1920	12.97569	77.72246
1921	12.97568	77.72251
1922	12.97567	77.72257
1923	12.97567	77.72263
1924	12.97566	77.72269
1925	12.97565	77.72274
1926	12.97565	77.72280
1927	12.97565	77.72285
1928	12.97564	77.72290
1929	12.97564	77.72296
1930	12.97564	77.72301
1931	12.97563	77.72308
1932	12.97562	77.72313
1933	12.97562	77.72319
1934	12.97561	77.72325
1935	12.97560	77.72332
1936	12.97560	77.72337
1937	12.97559	77.72344
1938	12.97559	77.72349
1939	12.97558	77.72355
1940	12.97557	77.72361
1941	12.97556	77.72367
1942	12.97556	77.72372
1943	12.97555	77.72378
1944	12.97555	77.72384
1945	12.97554	77.72389
1946	12.97553	77.72395
1947	12.97553	77.72401
1948	12.97552	77.72406
1949	12.97552	77.72411
1950	12.97551	77.72417
1951	12.97551	77.72422
1952	12.97551	77.72427
1953	12.97550	77.72433
1954	12.97549	77.72439
1955	12.97549	77.72445
1956	12.97548	77.72452
1957	12.97547	77.72458
1958	12.97546	77.72464
1959	12.97546	77.72470
1960	12.97546	77.72475
1961	12.97546	77.72481
1962	12.97546	77.72486
1963	12.97545	77.72492
1964	12.97545	77.72497
1965	12.97545	77.72503
1966	12.97545	77.72509
1967	12.97544	77.72515
1968	12.97544	77.72520
1969	12.97543	77.72526
1970	12.97543	77.72531
1971	12.97542	77.72537
1972	12.97541	77.72543
1973	12.97540	77.72548
1974	12.97540	77.72555
1975	12.97538	77.72560
1976	12.97537	77.72567
1977	12.97536	77.72574
1978	12.97536	77.72580
1979	12.97535	77.72586
1980	12.97534	77.72593
1981	12.97533	77.72598
1982	12.97533	77.72604
1983	12.97532	77.72610
1984	12.97531	77.72617
1985	12.97531	77.72622
1986	12.97530	77.72627
1987	12.97530	77.72633
1988	12.97529	77.72639
1989	12.97528	77.72644
1990	12.97528	77.72651
1991	12.97527	77.72657
1992	12.97526	77.72662
1993	12.97526	77.72669
1994	12.97525	77.72675
1995	12.97525	77.72680
1996	12.97525	77.72686
1997	12.97525	77.72693
1998	12.97524	77.72698
1999	12.97524	77.72704
2000	12.97524	77.72709
2001	12.97523	77.72714
2002	12.97523	77.72720
2003	12.97523	77.72726
2004	12.97522	77.72732
2005	12.97521	77.72739
2006	12.97520	77.72745
2007	12.97520	77.72750
2008	12.97520	77.72756
2009	12.97520	77.72762
2010	12.97519	77.72768
2011	12.97519	77.72774
2012	12.97519	77.72780
2013	12.97517	77.72786
2014	12.97517	77.72792
2015	12.97515	77.72797
2016	12.97514	77.72803
2017	12.97513	77.72808
2018	12.97512	77.72814
2019	12.97510	77.72820
2020	12.97504	77.72822
2021	12.97498	77.72822
2022	12.97492	77.72822
2023	12.97486	77.72822
2024	12.97480	77.72821
2025	12.97474	77.72820
2026	12.97468	77.72819
2027	12.97462	77.72818
2028	12.97456	77.72818
2029	12.97449	77.72817
2030	12.97443	77.72817
2031	12.97438	77.72816
2032	12.97432	77.72816
2033	12.97426	77.72816
2034	12.97420	77.72815
2035	12.97414	77.72814
2036	12.97408	77.72814
2037	12.97403	77.72813
2038	12.97397	77.72813
2039	12.97391	77.72813
2040	12.97384	77.72813
2041	12.97378	77.72813
2042	12.97371	77.72814
2043	12.97365	77.72815
2044	12.97359	77.72817
2045	12.97352	77.72818
2046	12.97347	77.72818
2047	12.97341	77.72817
2048	12.97334	77.72817
2049	12.97328	77.72817
2050	12.97322	77.72816
2051	12.97316	77.72816
2052	12.97311	77.72816
2053	12.97305	77.72815
2054	12.97300	77.72814
2055	12.97295	77.72814
2056	12.97288	77.72814
2057	12.97282	77.72814
2058	12.97276	77.72814
2059	12.97269	77.72814
2060	12.97264	77.72814
2061	12.97258	77.72814
2062	12.97252	77.72814
2063	12.97246	77.72814
2064	12.97240	77.72812
2065	12.97234	77.72811
2066	12.97228	77.72811
2067	12.97222	77.72811
2068	12.97217	77.72810
2069	12.97211	77.72809
2070	12.97205	77.72808
2071	12.97198	77.72807
2072	12.97192	77.72806
2073	12.97186	77.72805
2074	12.97180	77.72805
2075	12.97175	77.72804
2076	12.97169	77.72803
2077	12.97164	77.72802
2078	12.97158	77.72801
2079	12.97152	77.72801
2080	12.97146	77.72801
2081	12.97140	77.72801
2082	12.97135	77.72800
2083	12.97129	77.72800
2084	12.97124	77.72799
2085	12.97116	77.72799
2086	12.97111	77.72798
2087	12.97104	77.72798
2088	12.97098	77.72798
2089	12.97092	77.72798
2090	12.97086	77.72797
2091	12.97080	77.72796
2092	12.97075	77.72796
2093	12.97069	77.72795
2094	12.97062	77.72795
2095	12.97056	77.72795
2096	12.97051	77.72795
2097	12.97044	77.72795
2098	12.97038	77.72795
2099	12.97032	77.72795
2100	12.97026	77.72795
2101	12.97020	77.72795
2102	12.97015	77.72795
2103	12.97009	77.72795
2104	12.97003	77.72794
2105	12.96997	77.72794
2106	12.96991	77.72793
2107	12.96985	77.72792
2108	12.96979	77.72792
2109	12.96973	77.72792
2110	12.96967	77.72791
2111	12.96963	77.72785
2112	12.96964	77.72779
2113	12.96965	77.72774
2114	12.96965	77.72767
2115	12.96966	77.72762
2116	12.96968	77.72756
2117	12.96970	77.72750
2118	12.96971	77.72745
2119	12.96972	77.72739
2120	12.96973	77.72733
2121	12.96974	77.72728
2122	12.96974	77.72722
2123	12.96974	77.72717
2124	12.96975	77.72710
2125	12.96969	77.72705
2126	12.96963	77.72703
2127	12.96957	77.72701
2128	12.96951	77.72699
2129	12.96946	77.72697
2130	12.96939	77.72695
2131	12.96934	77.72694
2132	12.96928	77.72692
2133	12.96922	77.72691
2134	12.96916	77.72690
2135	12.96910	77.72689
2136	12.96905	77.72688
2137	12.96898	77.72685
2138	12.96892	77.72683
2139	12.96886	77.72681
2140	12.96880	77.72679
2141	12.96874	77.72677
2142	12.96867	77.72676
2143	12.96862	77.72675
2144	12.96854	77.72671
2145	12.96848	77.72668
2146	12.96843	77.72666
2147	12.96837	77.72665
2148	12.96832	77.72663
2149	12.96826	77.72661
2150	12.96819	77.72658
2151	12.96814	77.72655
2152	12.96808	77.72653
2153	12.96802	77.72651
2154	12.96795	77.72649
2155	12.96790	77.72646
2156	12.96783	77.72644
2157	12.96775	77.72642
2158	12.96769	77.72641
2159	12.96764	77.72640
2160	12.96758	77.72639
2161	12.96752	77.72637
2162	12.96745	77.72635
2163	12.96739	77.72633
2164	12.96734	77.72633
2165	12.96728	77.72633
2166	12.96722	77.72633
2167	12.96716	77.72633
2168	12.96710	77.72633
2169	12.96705	77.72633
2170	12.96699	77.72633
2171	12.96692	77.72633
2172	12.96687	77.72632
2173	12.96681	77.72632
2174	12.96674	77.72631
2175	12.96668	77.72631
2176	12.96663	77.72631
2177	12.96663	77.72637
2178	12.96661	77.72643
2179	12.96659	77.72648
2180	12.96659	77.72654
2181	12.96658	77.72659
2182	12.96657	77.72665
2183	12.96656	77.72670
2184	12.96656	77.72677
2185	12.96655	77.72682
2186	12.96654	77.72687
2187	12.96653	77.72693
2188	12.96652	77.72698
2189	12.96652	77.72703
2190	12.96651	77.72710
2191	12.96649	77.72716
2192	12.96649	77.72721
2193	12.96648	77.72727
2194	12.96647	77.72732
2195	12.96647	77.72738
2196	12.96646	77.72745
2197	12.96645	77.72750
2198	12.96644	77.72755
2199	12.96644	77.72761
2200	12.96643	77.72767
2201	12.96642	77.72772
2202	12.96641	77.72778
2203	12.96640	77.72783
2204	12.96638	77.72790
2205	12.96637	77.72796
2206	12.96635	77.72802
2207	12.96634	77.72810
2208	12.96633	77.72816
2209	12.96633	77.72822
2210	12.96632	77.72827
2211	12.96631	77.72833
2212	12.96630	77.72840
2213	12.96630	77.72845
2214	12.96629	77.72850
2215	12.96629	77.72856
2216	12.96628	77.72862
2217	12.96627	77.72868
2218	12.96627	77.72873
2219	12.96626	77.72879
2220	12.96626	77.72886
2221	12.96626	77.72892
2222	12.96626	77.72899
2223	12.96626	77.72905
2224	12.96620	77.72908
2225	12.96614	77.72908
2226	12.96607	77.72907
2227	12.96601	77.72907
2228	12.96595	77.72906
2229	12.96589	77.72905
2230	12.96583	77.72904
2231	12.96577	77.72904
2232	12.96571	77.72903
2233	12.96564	77.72901
2234	12.96557	77.72899
2235	12.96551	77.72896
2236	12.96546	77.72895
2237	12.96540	77.72894
2238	12.96534	77.72894
2239	12.96528	77.72893
2240	12.96523	77.72893
2241	12.96517	77.72892
2242	12.96511	77.72890
2243	12.96506	77.72889
2244	12.96501	77.72888
2245	12.96494	77.72886
2246	12.96488	77.72885
2247	12.96481	77.72883
2248	12.96475	77.72881
2249	12.96468	77.72879
2250	12.96462	77.72878
2251	12.96457	77.72878
2252	12.96451	77.72877
2253	12.96446	77.72876
2254	12.96440	77.72876
2255	12.96434	77.72875
2256	12.96428	77.72875
2257	12.96422	77.72874
2258	12.96417	77.72873
2259	12.96411	77.72872
2260	12.96405	77.72872
2261	12.96398	77.72872
2262	12.96393	77.72870
2263	12.96387	77.72869
2264	12.96380	77.72868
2265	12.96374	77.72868
2266	12.96367	77.72868
2267	12.96360	77.72868
2268	12.96355	77.72867
2269	12.96349	77.72867
2270	12.96343	77.72866
2271	12.96337	77.72865
2272	12.96331	77.72865
2273	12.96326	77.72864
2274	12.96320	77.72864
2275	12.96315	77.72864
2276	12.96310	77.72864
2277	12.96304	77.72863
2278	12.96299	77.72863
2279	12.96292	77.72862
2280	12.96286	77.72861
2281	12.96280	77.72861
2282	12.96274	77.72860
2283	12.96267	77.72859
2284	12.96261	77.72859
2285	12.96254	77.72859
2286	12.96247	77.72859
2287	12.96241	77.72859
2288	12.96235	77.72859
2289	12.96229	77.72859
2290	12.96223	77.72859
2291	12.96217	77.72858
2292	12.96212	77.72858
2293	12.96206	77.72857
2294	12.96200	77.72856
2295	12.96194	77.72855
2296	12.96188	77.72854
2297	12.96181	77.72853
2298	12.96175	77.72852
2299	12.96168	77.72851
2300	12.96163	77.72850
2301	12.96155	77.72849
2302	12.96149	77.72848
2303	12.96142	77.72848
2304	12.96135	77.72846
2305	12.96130	77.72846
2306	12.96123	77.72845
2307	12.96117	77.72844
2308	12.96111	77.72843
2309	12.96106	77.72842
2310	12.96100	77.72842
2311	12.96095	77.72841
2312	12.96090	77.72840
2313	12.96084	77.72839
2314	12.96079	77.72837
2315	12.96073	77.72836
2316	12.96066	77.72833
2317	12.96061	77.72830
2318	12.96054	77.72827
2319	12.96049	77.72825
2320	12.96043	77.72823
2321	12.96037	77.72820
2322	12.96030	77.72817
2323	12.96024	77.72813
2324	12.96019	77.72808
2325	12.96013	77.72803
2326	12.96008	77.72797
2327	12.96006	77.72791
2328	12.96004	77.72785
2329	12.96001	77.72779
2330	12.95999	77.72774
2331	12.95998	77.72768
2332	12.95996	77.72763
2333	12.95995	77.72757
2334	12.95993	77.72752
2335	12.95992	77.72747
2336	12.95990	77.72741
2337	12.95988	77.72734
2338	12.95987	77.72728
2339	12.95986	77.72721
2340	12.95985	77.72715
2341	12.95985	77.72709
2342	12.95984	77.72703
2343	12.95984	77.72698
2344	12.95984	77.72691
2345	12.95984	77.72686
2346	12.95983	77.72681
2347	12.95983	77.72675
2348	12.95983	77.72670
2349	12.95983	77.72663
2350	12.95982	77.72658
2351	12.95982	77.72651
2352	12.95981	77.72645
2353	12.95980	77.72639
2354	12.95980	77.72632
2355	12.95979	77.72626
2356	12.95979	77.72620
2357	12.95978	77.72614
2358	12.95978	77.72608
2359	12.95979	77.72602
2360	12.95979	77.72596
2361	12.95980	77.72591
2362	12.95979	77.72585
2363	12.95979	77.72578
2364	12.95978	77.72573
2365	12.95978	77.72567
2366	12.95972	77.72564
2367	12.95966	77.72563
2368	12.95960	77.72562
2369	12.95955	77.72562
2370	12.95949	77.72562
2371	12.95944	77.72561
2372	12.95937	77.72561
2373	12.95930	77.72560
2374	12.95924	77.72559
2375	12.95920	77.72554
2376	12.95919	77.72547
2377	12.95919	77.72542
2378	12.95918	77.72537
2379	12.95912	77.72535
2380	12.95905	77.72533
2381	12.95900	77.72532
2382	12.95894	77.72531
2383	12.95888	77.72530
2384	12.95883	77.72529
2385	12.95877	77.72528
2386	12.95872	77.72528
2387	12.95866	77.72528
2388	12.95860	77.72528
2389	12.95854	77.72527
2390	12.95849	77.72526
2391	12.95842	77.72526
2392	12.95836	77.72525
2393	12.95831	77.72525
2394	12.95824	77.72525
2395	12.95817	77.72526
2396	12.95811	77.72527
2397	12.95805	77.72528
2398	12.95799	77.72529
2399	12.95794	77.72529
2400	12.95788	77.72530
2401	12.95783	77.72530
2402	12.95777	77.72530
2403	12.95770	77.72529
2404	12.95765	77.72528
2405	12.95760	77.72527
2406	12.95754	77.72526
2407	12.95748	77.72525
2408	12.95742	77.72525
2409	12.95736	77.72524
2410	12.95730	77.72524
2411	12.95724	77.72523
2412	12.95718	77.72523
2413	12.95713	77.72523
2414	12.95708	77.72523
2415	12.95700	77.72523
2416	12.95695	77.72523
2417	12.95689	77.72523
2418	12.95684	77.72523
2419	12.95678	77.72522
2420	12.95672	77.72522
2421	12.95664	77.72522
2422	12.95658	77.72522
2423	12.95651	77.72522
2424	12.95646	77.72522
2425	12.95640	77.72522
2426	12.95634	77.72522
2427	12.95627	77.72522
2428	12.95621	77.72522
2429	12.95616	77.72522
2430	12.95609	77.72522
2431	12.95603	77.72521
2432	12.95597	77.72521
2433	12.95591	77.72521
2434	12.95585	77.72521
2435	12.95578	77.72520
2436	12.95572	77.72519
2437	12.95567	77.72519
2438	12.95560	77.72518
2439	12.95553	77.72518
2440	12.95547	77.72517
2441	12.95541	77.72516
2442	12.95535	77.72515
2443	12.95528	77.72515
2444	12.95523	77.72515
2445	12.95517	77.72515
2446	12.95512	77.72514
2447	12.95505	77.72514
2448	12.95500	77.72514
2449	12.95493	77.72514
2450	12.95487	77.72514
2451	12.95481	77.72512
2452	12.95475	77.72512
2453	12.95469	77.72512
2454	12.95463	77.72512
2455	12.95457	77.72512
2456	12.95452	77.72511
2457	12.95446	77.72511
2458	12.95440	77.72512
2459	12.95434	77.72512
2460	12.95429	77.72512
2461	12.95423	77.72512
2462	12.95416	77.72512
2463	12.95411	77.72511
2464	12.95406	77.72511
2465	12.95400	77.72510
2466	12.95394	77.72509
2467	12.95389	77.72508
2468	12.95382	77.72507
2469	12.95376	77.72507
2470	12.95371	77.72505
2471	12.95365	77.72504
2472	12.95359	77.72503
2473	12.95353	77.72501
2474	12.95347	77.72500
2475	12.95341	77.72499
2476	12.95336	77.72499
2477	12.95330	77.72499
2478	12.95325	77.72499
2479	12.95318	77.72498
2480	12.95312	77.72498
2481	12.95306	77.72498
2482	12.95300	77.72498
2483	12.95294	77.72497
2484	12.95287	77.72497
2485	12.95281	77.72497
2486	12.95274	77.72497
2487	12.95267	77.72498
2488	12.95261	77.72498
2489	12.95256	77.72499
2490	12.95250	77.72500
2491	12.95243	77.72501
2492	12.95238	77.72501
2493	12.95232	77.72502
2494	12.95226	77.72503
2495	12.95220	77.72504
2496	12.95215	77.72504
2497	12.95209	77.72505
2498	12.95203	77.72505
2499	12.95196	77.72506
2500	12.95190	77.72506
2501	12.95184	77.72507
2502	12.95178	77.72508
2503	12.95172	77.72509
2504	12.95166	77.72510
2505	12.95159	77.72511
2506	12.95153	77.72512
2507	12.95147	77.72513
2508	12.95141	77.72514
2509	12.95135	77.72515
2510	12.95130	77.72517
2511	12.95123	77.72518
2512	12.95117	77.72519
2513	12.95112	77.72520
2514	12.95107	77.72520
2515	12.95101	77.72520
2516	12.95096	77.72522
2517	12.95090	77.72524
2518	12.95084	77.72526
2519	12.95078	77.72527
2520	12.95072	77.72529
2521	12.95066	77.72530
2522	12.95061	77.72532
2523	12.95054	77.72533
2524	12.95049	77.72536
2525	12.95042	77.72538
2526	12.95036	77.72540
2527	12.95030	77.72541
2528	12.95024	77.72543
2529	12.95018	77.72545
2530	12.95012	77.72547
2531	12.95007	77.72547
2532	12.95002	77.72548
2533	12.94996	77.72548
2534	12.94991	77.72549
2535	12.94985	77.72550
2536	12.94979	77.72551
2537	12.94973	77.72552
2538	12.94967	77.72553
2539	12.94962	77.72555
2540	12.94956	77.72556
2541	12.94950	77.72558
2542	12.94944	77.72559
2543	12.94939	77.72560
2544	12.94933	77.72561
2545	12.94926	77.72561
2546	12.94920	77.72562
2547	12.94915	77.72562
2548	12.94909	77.72563
2549	12.94904	77.72564
2550	12.94898	77.72565
2551	12.94892	77.72566
2552	12.94886	77.72567
2553	12.94881	77.72567
2554	12.94873	77.72568
2555	12.94868	77.72569
2556	12.94862	77.72569
2557	12.94855	77.72570
2558	12.94850	77.72571
2559	12.94844	77.72572
2560	12.94838	77.72573
2561	12.94831	77.72575
2562	12.94826	77.72576
2563	12.94820	77.72577
2564	12.94814	77.72578
2565	12.94809	77.72580
2566	12.94803	77.72581
2567	12.94796	77.72582
2568	12.94790	77.72583
2569	12.94784	77.72584
2570	12.94778	77.72585
2571	12.94773	77.72586
2572	12.94766	77.72587
2573	12.94760	77.72588
2574	12.94755	77.72589
2575	12.94749	77.72590
2576	12.94744	77.72591
2577	12.94738	77.72591
2578	12.94733	77.72592
2579	12.94728	77.72593
2580	12.94721	77.72594
2581	12.94715	77.72595
2582	12.94708	77.72596
2583	12.94702	77.72598
2584	12.94697	77.72600
2585	12.94691	77.72601
2586	12.94685	77.72602
2587	12.94678	77.72602
2588	12.94672	77.72603
2589	12.94665	77.72604
2590	12.94660	77.72605
2591	12.94654	77.72606
2592	12.94647	77.72607
2593	12.94641	77.72608
2594	12.94635	77.72609
2595	12.94629	77.72610
2596	12.94623	77.72611
2597	12.94617	77.72612
2598	12.94612	77.72612
2599	12.94606	77.72613
2600	12.94600	77.72615
2601	12.94593	77.72616
2602	12.94588	77.72617
2603	12.94582	77.72618
2604	12.94576	77.72620
2605	12.94570	77.72622
2606	12.94563	77.72624
2607	12.94557	77.72625
2608	12.94551	77.72626
2609	12.94546	77.72628
2610	12.94539	77.72630
2611	12.94534	77.72631
2612	12.94528	77.72632
2613	12.94523	77.72633
2614	12.94516	77.72635
2615	12.94510	77.72636
2616	12.94504	77.72637
2617	12.94499	77.72637
2618	12.94493	77.72639
2619	12.94487	77.72639
2620	12.94482	77.72640
2621	12.94476	77.72641
2622	12.94470	77.72642
2623	12.94464	77.72643
2624	12.94458	77.72644
2625	12.94452	77.72646
2626	12.94446	77.72647
2627	12.94441	77.72649
2628	12.94437	77.72643
2629	12.94434	77.72637
2630	12.94431	77.72631
2631	12.94428	77.72625
2632	12.94426	77.72620
2633	12.94425	77.72614
2634	12.94422	77.72608
2635	12.94421	77.72603
2636	12.94419	77.72596
2637	12.94417	77.72591
2638	12.94416	77.72585
2639	12.94414	77.72579
2640	12.94412	77.72573
2641	12.94410	77.72568
2642	12.94407	77.72562
2643	12.94403	77.72557
2644	12.94400	77.72551
2645	12.94396	77.72546
2646	12.94393	77.72541
2647	12.94390	77.72535
2648	12.94387	77.72530
2649	12.94384	77.72524
2650	12.94381	77.72517
2651	12.94377	77.72511
2652	12.94375	77.72505
2653	12.94372	77.72499
2654	12.94369	77.72493
2655	12.94365	77.72486
2656	12.94362	77.72479
2657	12.94359	77.72473
2658	12.94356	77.72466
2659	12.94352	77.72459
2660	12.94350	77.72453
2661	12.94347	77.72447
2662	12.94344	77.72441
2663	12.94342	77.72436
2664	12.94339	77.72429
2665	12.94337	77.72422
2666	12.94335	77.72416
2667	12.94333	77.72410
2668	12.94331	77.72404
2669	12.94328	77.72397
2670	12.94325	77.72391
2671	12.94322	77.72385
2672	12.94320	77.72379
2673	12.94317	77.72372
2674	12.94315	77.72366
2675	12.94313	77.72360
2676	12.94311	77.72355
2677	12.94310	77.72348
2678	12.94308	77.72342
2679	12.94307	77.72337
2680	12.94306	77.72331
2681	12.94304	77.72325
2682	12.94302	77.72319
2683	12.94301	77.72313
2684	12.94298	77.72306
2685	12.94296	77.72300
2686	12.94295	77.72294
2687	12.94293	77.72289
2688	12.94292	77.72283
2689	12.94290	77.72278
2690	12.94289	77.72272
2691	12.94287	77.72266
2692	12.94286	77.72261
2693	12.94284	77.72256
2694	12.94282	77.72249
2695	12.94281	77.72243
2696	12.94279	77.72237
2697	12.94278	77.72232
2698	12.94276	77.72225
2699	12.94274	77.72220
2700	12.94272	77.72214
2701	12.94271	77.72209
2702	12.94269	77.72203
2703	12.94266	77.72198
2704	12.94263	77.72192
2705	12.94260	77.72186
2706	12.94257	77.72180
2707	12.94254	77.72174
2708	12.94252	77.72168
2709	12.94251	77.72162
2710	12.94251	77.72155
2711	12.94250	77.72149
2712	12.94250	77.72143
2713	12.94249	77.72138
2714	12.94248	77.72132
2715	12.94246	77.72125
2716	12.94245	77.72118
2717	12.94244	77.72112
2718	12.94242	77.72105
2719	12.94241	77.72099
2720	12.94240	77.72093
2721	12.94239	77.72088
2722	12.94239	77.72082
2723	12.94237	77.72074
2724	12.94237	77.72069
2725	12.94237	77.72063
2726	12.94236	77.72056
2727	12.94235	77.72050
2728	12.94235	77.72043
2729	12.94235	77.72037
2730	12.94235	77.72032
2731	12.94234	77.72026
2732	12.94234	77.72021
2733	12.94233	77.72014
2734	12.94232	77.72007
2735	12.94232	77.72002
2736	12.94231	77.71996
2737	12.94230	77.71989
2738	12.94229	77.71983
2739	12.94229	77.71977
2740	12.94227	77.71971
2741	12.94226	77.71966
2742	12.94227	77.71960
2743	12.94227	77.71954
2744	12.94227	77.71948
2745	12.94227	77.71942
2746	12.94226	77.71936
2747	12.94225	77.71929
2748	12.94223	77.71923
2749	12.94221	77.71916
2750	12.94220	77.71910
2751	12.94218	77.71905
2752	12.94218	77.71899
2753	12.94217	77.71894
2754	12.94216	77.71888
2755	12.94216	77.71882
2756	12.94215	77.71877
2757	12.94214	77.71871
2758	12.94214	77.71865
2759	12.94213	77.71858
2760	12.94212	77.71852
2761	12.94212	77.71845
2762	12.94212	77.71838
2763	12.94212	77.71833
2764	12.94217	77.71829
2765	12.94223	77.71828
2766	12.94229	77.71826
2767	12.94234	77.71822
2768	12.94240	77.71819
2769	12.94246	77.71816
2770	12.94252	77.71815
2771	12.94259	77.71815
2772	12.94266	77.71813
2773	12.94272	77.71811
2774	12.94277	77.71810
2775	12.94282	77.71808
2776	12.94289	77.71806
2777	12.94295	77.71805
2778	12.94302	77.71802
2779	12.94308	77.71800
2780	12.94315	77.71798
2781	12.94320	77.71797
2782	12.94326	77.71795
2783	12.94331	77.71794
2784	12.94336	77.71792
2785	12.94341	77.71791
2786	12.94347	77.71785
2787	12.94352	77.71782
2788	12.94358	77.71780
2789	12.94364	77.71777
2790	12.94370	77.71774
2791	12.94375	77.71771
2792	12.94381	77.71768
2793	12.94387	77.71765
2794	12.94392	77.71763
2795	12.94398	77.71762
2796	12.94404	77.71761
2797	12.94410	77.71760
2798	12.94416	77.71757
2799	12.94421	77.71754
2800	12.94426	77.71750
2801	12.94432	77.71747
2802	12.94438	77.71744
2803	12.94443	77.71740
2804	12.94449	77.71737
2805	12.94454	77.71735
2806	12.94460	77.71734
2807	12.94467	77.71732
2808	12.94473	77.71732
2809	12.94479	77.71731
2810	12.94484	77.71729
2811	12.94490	77.71727
2812	12.94495	77.71725
2813	12.94501	77.71724
2814	12.94507	77.71723
2815	12.94512	77.71721
2816	12.94518	77.71719
2817	12.94523	77.71718
2818	12.94529	77.71717
2819	12.94535	77.71714
2820	12.94541	77.71713
2821	12.94548	77.71711
2822	12.94554	77.71709
2823	12.94560	77.71706
2824	12.94566	77.71706
2825	12.94572	77.71705
2826	12.94577	77.71702
2827	12.94584	77.71702
2828	12.94590	77.71700
2829	12.94597	77.71699
2830	12.94602	77.71697
2831	12.94608	77.71695
2832	12.94614	77.71694
2833	12.94621	77.71691
2834	12.94626	77.71690
2835	12.94632	77.71688
2836	12.94638	77.71687
2837	12.94644	77.71686
2838	12.94650	77.71685
2839	12.94656	77.71685
2840	12.94661	77.71685
2841	12.94667	77.71685
2842	12.94672	77.71685
2843	12.94678	77.71684
2844	12.94684	77.71683
2845	12.94690	77.71682
2846	12.94696	77.71679
2847	12.94702	77.71678
2848	12.94707	77.71677
2849	12.94713	77.71678
2850	12.94719	77.71679
2851	12.94724	77.71680
2852	12.94730	77.71682
2853	12.94735	77.71683
2854	12.94740	77.71685
2855	12.94746	77.71685
2856	12.94753	77.71686
2857	12.94758	77.71686
2858	12.94763	77.71686
2859	12.94770	77.71686
2860	12.94776	77.71686
2861	12.94783	77.71685
2862	12.94789	77.71684
2863	12.94794	77.71683
2864	12.94801	77.71681
2865	12.94806	77.71679
2866	12.94812	77.71678
2867	12.94818	77.71677
2868	12.94825	77.71676
2869	12.94831	77.71675
2870	12.94837	77.71674
2871	12.94842	77.71674
2872	12.94848	77.71673
2873	12.94856	77.71672
2874	12.94862	77.71672
2875	12.94868	77.71671
2876	12.94874	77.71670
2877	12.94882	77.71669
2878	12.94888	77.71668
2879	12.94893	77.71668
2880	12.94899	77.71668
2881	12.94906	77.71668
2882	12.94913	77.71667
2883	12.94921	77.71666
2884	12.94927	77.71665
2885	12.94933	77.71665
2886	12.94939	77.71664
2887	12.94947	77.71661
2888	12.94954	77.71661
2889	12.94962	77.71659
2890	12.94970	77.71659
2891	12.94975	77.71660
2892	12.94982	77.71659
2893	12.94989	77.71657
2894	12.94995	77.71657
2895	12.95000	77.71655
2896	12.95006	77.71654
2897	12.95012	77.71654
2898	12.95019	77.71654
2899	12.95025	77.71654
2900	12.95031	77.71653
2901	12.95037	77.71653
2902	12.95043	77.71652
2903	12.95050	77.71651
2904	12.95056	77.71650
2905	12.95062	77.71649
2906	12.95069	77.71648
2907	12.95074	77.71647
2908	12.95080	77.71646
2909	12.95086	77.71646
2910	12.95093	77.71647
2911	12.95099	77.71647
2912	12.95105	77.71647
2913	12.95113	77.71645
2914	12.95118	77.71644
2915	12.95124	77.71643
2916	12.95131	77.71643
2917	12.95137	77.71642
2918	12.95144	77.71641
2919	12.95150	77.71640
2920	12.95156	77.71640
2921	12.95163	77.71639
2922	12.95168	77.71638
2923	12.95174	77.71637
2924	12.95180	77.71637
2925	12.95185	77.71636
2926	12.95191	77.71635
2927	12.95198	77.71635
2928	12.95204	77.71635
2929	12.95211	77.71635
2930	12.95217	77.71634
2931	12.95222	77.71633
2932	12.95228	77.71632
2933	12.95234	77.71631
2934	12.95240	77.71630
2935	12.95246	77.71629
2936	12.95253	77.71628
2937	12.95258	77.71628
2938	12.95265	77.71627
2939	12.95271	77.71627
2940	12.95276	77.71625
2941	12.95283	77.71625
2942	12.95289	77.71625
2943	12.95295	77.71624
2944	12.95301	77.71622
2945	12.95306	77.71617
2946	12.95311	77.71610
2947	12.95315	77.71604
2948	12.95321	77.71598
2949	12.95328	77.71595
2950	12.95335	77.71593
2951	12.95343	77.71591
2952	12.95351	77.71589
2953	12.95357	77.71588
2954	12.95364	77.71588
2955	12.95370	77.71588
2956	12.95376	77.71588
2957	12.95383	77.71588
2958	12.95388	77.71587
2959	12.95395	77.71587
2960	12.95401	77.71586
2961	12.95406	77.71585
2962	12.95413	77.71584
2963	12.95419	77.71583
2964	12.95426	77.71581
2965	12.95432	77.71581
2966	12.95438	77.71580
2967	12.95444	77.71579
2968	12.95450	77.71578
2969	12.95452	77.71571
2970	12.95453	77.71565
2971	12.95454	77.71558
2972	12.95454	77.71551
2973	12.95455	77.71544
2974	12.95455	77.71538
2975	12.95455	77.71532
2976	12.95455	77.71524
2977	12.95455	77.71516
2978	12.95455	77.71508
2979	12.95455	77.71501
2980	12.95455	77.71493
2981	12.95455	77.71486
2982	12.95455	77.71478
2983	12.95455	77.71468
2984	12.95455	77.71462
2985	12.95455	77.71454
2986	12.95456	77.71446
2987	12.95456	77.71438
2988	12.95456	77.71431
2989	12.95456	77.71422
2990	12.95457	77.71415
2991	12.95458	77.71408
2992	12.95459	77.71401
2993	12.95460	77.71395
2994	12.95461	77.71387
2995	12.95462	77.71381
2996	12.95463	77.71374
2997	12.95464	77.71368
2998	12.95465	77.71361
2999	12.95466	77.71355
3000	12.95467	77.71348
3001	12.95468	77.71341
3002	12.95468	77.71335
3003	12.95468	77.71329
3004	12.95468	77.71322
3005	12.95467	77.71314
3006	12.95467	77.71306
3007	12.95467	77.71297
3008	12.95467	77.71291
3009	12.95468	77.71283
3010	12.95468	77.71275
3011	12.95470	77.71269
3012	12.95471	77.71262
3013	12.95472	77.71253
3014	12.95473	77.71246
3015	12.95475	77.71239
3016	12.95476	77.71232
3017	12.95476	77.71226
3018	12.95477	77.71220
3019	12.95477	77.71212
3020	12.95477	77.71204
3021	12.95478	77.71197
3022	12.95478	77.71190
3023	12.95478	77.71184
3024	12.95478	77.71177
3025	12.95478	77.71169
3026	12.95478	77.71160
3027	12.95479	77.71154
3028	12.95479	77.71147
3029	12.95480	77.71142
3030	12.95481	77.71137
3031	12.95482	77.71130
3032	12.95482	77.71125
3033	12.95484	77.71117
3034	12.95484	77.71110
3035	12.95485	77.71103
3036	12.95486	77.71097
3037	12.95487	77.71091
3038	12.95487	77.71084
3039	12.95487	77.71077
3040	12.95489	77.71070
3041	12.95489	77.71064
3042	12.95490	77.71057
3043	12.95492	77.71050
3044	12.95492	77.71045
3045	12.95493	77.71040
3046	12.95494	77.71034
3047	12.95495	77.71026
3048	12.95496	77.71020
3049	12.95497	77.71013
3050	12.95498	77.71006
3051	12.95500	77.71000
3052	12.95501	77.70995
3053	12.95503	77.70989
3054	12.95504	77.70982
3055	12.95505	77.70976
3056	12.95505	77.70968
3057	12.95506	77.70961
3058	12.95507	77.70953
3059	12.95507	77.70946
3060	12.95507	77.70938
3061	12.95507	77.70931
3062	12.95507	77.70923
3063	12.95507	77.70917
3064	12.95507	77.70910
3065	12.95508	77.70902
3066	12.95508	77.70897
3067	12.95509	77.70891
3068	12.95510	77.70886
3069	12.95511	77.70880
3070	12.95512	77.70874
3071	12.95513	77.70868
3072	12.95514	77.70861
3073	12.95514	77.70855
3074	12.95515	77.70848
3075	12.95516	77.70842
3076	12.95517	77.70835
3077	12.95518	77.70828
3078	12.95518	77.70822
3079	12.95519	77.70815
3080	12.95519	77.70809
3081	12.95520	77.70803
3082	12.95520	77.70798
3083	12.95520	77.70792
3084	12.95520	77.70786
3085	12.95521	77.70780
3086	12.95521	77.70774
3087	12.95522	77.70768
3088	12.95522	77.70762
3089	12.95523	77.70756
3090	12.95523	77.70750
3091	12.95523	77.70743
3092	12.95523	77.70738
3093	12.95523	77.70733
3094	12.95523	77.70727
3095	12.95523	77.70722
3096	12.95523	77.70714
3097	12.95523	77.70709
3098	12.95523	77.70704
3099	12.95523	77.70695
3100	12.95524	77.70688
3101	12.95524	77.70679
3102	12.95524	77.70673
3103	12.95524	77.70667
3104	12.95524	77.70662
3105	12.95524	77.70655
3106	12.95525	77.70647
3107	12.95525	77.70641
3108	12.95525	77.70635
3109	12.95526	77.70629
3110	12.95526	77.70623
3111	12.95527	77.70616
3112	12.95527	77.70610
3113	12.95527	77.70603
3114	12.95527	77.70596
3115	12.95528	77.70591
3116	12.95528	77.70584
