Rank	Latitude	Longitude
1	12.95410	77.69091
2	12.95415	77.69090
3	12.95421	77.69089
4	12.95427	77.69089
5	12.95433	77.69090
6	12.95439	77.69090
7	12.95446	77.69090
8	12.95452	77.69090
9	12.95457	77.69090
10	12.95464	77.69090
11	12.95471	77.69090
12	12.95477	77.69089
13	12.95482	77.69090
14	12.95488	77.69090
15	12.95494	77.69089
16	12.95500	77.69089
17	12.95506	77.69088
18	12.95511	77.69088
19	12.95517	77.69087
20	12.95523	77.69087
21	12.95528	77.69086
22	12.95534	77.69086
23	12.95539	77.69085
24	12.95546	77.69085
25	12.95551	77.69086
26	12.95557	77.69086
27	12.95563	77.69087
28	12.95569	77.69088
29	12.95574	77.69088
30	12.95582	77.69089
31	12.95587	77.69090
32	12.95593	77.69091
33	12.95600	77.69092
34	12.95607	77.69092
35	12.95613	77.69092
36	12.95619	77.69093
37	12.95625	77.69093
38	12.95631	77.69094
39	12.95637	77.69094
40	12.95643	77.69094
41	12.95649	77.69095
42	12.95655	77.69095
43	12.95661	77.69095
44	12.95668	77.69095
45	12.95673	77.69096
46	12.95680	77.69096
47	12.95686	77.69097
48	12.95691	77.69097
49	12.95698	77.69098
50	12.95704	77.69098
51	12.95710	77.69098
52	12.95716	77.69098
53	12.95721	77.69098
54	12.95727	77.69098
55	12.95733	77.69098
56	12.95739	77.69098
57	12.95744	77.69097
58	12.95749	77.69097
59	12.95754	77.69096
60	12.95760	77.69096
61	12.95766	77.69095
62	12.95771	77.69095
63	12.95777	77.69095
64	12.95784	77.69095
65	12.95790	77.69096
66	12.95797	77.69096
67	12.95804	77.69096
68	12.95810	77.69096
69	12.95816	77.69096
70	12.95821	77.69096
71	12.95827	77.69096
72	12.95832	77.69096
73	12.95838	77.69096
74	12.95843	77.69096
75	12.95850	77.69096
76	12.95856	77.69096
77	12.95862	77.69096
78	12.95868	77.69096
79	12.95873	77.69096
80	12.95880	77.69096
81	12.95885	77.69096
82	12.95892	77.69096
83	12.95898	77.69096
84	12.95904	77.69096
85	12.95911	77.69095
86	12.95919	77.69094
87	12.95925	77.69094
88	12.95931	77.69093
89	12.95937	77.69092
90	12.95944	77.69091
91	12.95949	77.69090
92	12.95956	77.69089
93	12.95961	77.69089
94	12.95967	77.69089
95	12.95973	77.69089
96	12.95978	77.69088
97	12.95984	77.69086
98	12.95989	77.69085
99	12.95995	77.69082
100	12.96001	77.69080
101	12.96007	77.69076
102	12.96013	77.69074
103	12.96019	77.69072
104	12.96025	77.69071
105	12.96031	77.69069
106	12.96037	77.69067
107	12.96044	77.69065
108	12.96049	77.69063
109	12.96055	77.69062
110	12.96061	77.69060
111	12.96067	77.69057
112	12.96073	77.69055
113	12.96080	77.69053
114	12.96081	77.69047
115	12.96082	77.69040
116	12.96082	77.69034
117	12.96083	77.69029
118	12.96083	77.69023
119	12.96083	77.69017
120	12.96083	77.69011
121	12.96083	77.69006
122	12.96083	77.69000
123	12.96083	77.68995
124	12.96083	77.68989
125	12.96083	77.68984
126	12.96083	77.68978
127	12.96083	77.68973
128	12.96082	77.68966
129	12.96081	77.68961
130	12.96081	77.68956
131	12.96080	77.68950
132	12.96080	77.68944
133	12.96079	77.68939
134	12.96079	77.68934
135	12.96078	77.68928
136	12.96078	77.68923
137	12.96077	77.68918
138	12.96076	77.68912
139	12.96075	77.68907
140	12.96074	77.68902
141	12.96073	77.68896
142	12.96072	77.68890
143	12.96072	77.68885
144	12.96071	77.68874
145	12.96070	77.68869
146	12.96069	77.68863
147	12.96069	77.68857
148	12.96068	77.68852
149	12.96067	77.68846
150	12.96067	77.68840
151	12.96066	77.68834
152	12.96065	77.68828
153	12.96065	77.68823
154	12.96065	77.68816
155	12.96065	77.68811
156	12.96065	77.68805
157	12.96064	77.68800
158	12.96064	77.68794
159	12.96063	77.68789
160	12.96063	77.68784
161	12.96062	77.68777
162	12.96062	77.68771
163	12.96061	77.68766
164	12.96060	77.68760
165	12.96060	77.68753
166	12.96059	77.68746
167	12.96059	77.68740
168	12.96059	77.68735
169	12.96059	77.68730
170	12.96058	77.68724
171	12.96058	77.68717
172	12.96058	77.68710
173	12.96057	77.68704
174	12.96056	77.68699
175	12.96056	77.68693
176	12.96055	77.68687
177	12.96054	77.68681
178	12.96053	77.68675
179	12.96053	77.68669
180	12.96052	77.68662
181	12.96051	77.68657
182	12.96051	77.68651
183	12.96050	77.68646
184	12.96050	77.68640
185	12.96049	77.68633
186	12.96049	77.68628
187	12.96047	77.68621
188	12.96047	77.68615
189	12.96046	77.68609
190	12.96046	77.68603
191	12.96045	77.68598
192	12.96044	77.68591
193	12.96044	77.68584
194	12.96044	77.68578
195	12.96044	77.68573
196	12.96044	77.68566
197	12.96044	77.68560
198	12.96044	77.68553
199	12.96044	77.68547
200	12.96044	77.68540
201	12.96043	77.68535
202	12.96043	77.68530
203	12.96043	77.68524
204	12.96042	77.68519
205	12.96042	77.68514
206	12.96042	77.68508
207	12.96041	77.68501
208	12.96040	77.68496
209	12.96040	77.68489
210	12.96039	77.68484
211	12.96039	77.68478
212	12.96038	77.68472
213	12.96038	77.68466
214	12.96038	77.68460
215	12.96038	77.68454
216	12.96038	77.68448
217	12.96038	77.68442
218	12.96037	77.68436
219	12.96036	77.68431
220	12.96035	77.68426
221	12.96034	77.68419
222	12.96033	77.68414
223	12.96032	77.68408
224	12.96031	77.68402
225	12.96030	77.68396
226	12.96030	77.68390
227	12.96030	77.68384
228	12.96030	77.68379
229	12.96030	77.68373
230	12.96030	77.68367
231	12.96030	77.68362
232	12.96030	77.68355
233	12.96029	77.68349
234	12.96029	77.68343
235	12.96029	77.68338
236	12.96027	77.68331
237	12.96027	77.68325
238	12.96026	77.68320
239	12.96025	77.68314
240	12.96024	77.68308
241	12.96023	77.68302
242	12.96023	77.68297
243	12.96023	77.68291
244	12.96023	77.68285
245	12.96023	77.68279
246	12.96022	77.68274
247	12.96021	77.68268
248	12.96027	77.68268
249	12.96034	77.68269
250	12.96040	77.68269
251	12.96046	77.68269
252	12.96053	77.68270
253	12.96060	77.68270
254	12.96066	77.68271
255	12.96071	77.68271
256	12.96077	77.68272
257	12.96083	77.68273
258	12.96088	77.68273
259	12.96094	77.68275
260	12.96101	77.68275
261	12.96107	77.68276
262	12.96113	77.68278
263	12.96119	77.68280
264	12.96126	77.68282
265	12.96131	77.68283
266	12.96137	77.68285
267	12.96142	77.68287
268	12.96148	77.68288
269	12.96154	77.68291
270	12.96160	77.68294
271	12.96166	77.68297
272	12.96171	77.68298
273	12.96176	77.68299
274	12.96183	77.68302
275	12.96188	77.68303
276	12.96193	77.68308
277	12.96200	77.68309
278	12.96205	77.68311
279	12.96210	77.68313
280	12.96216	77.68315
281	12.96222	77.68316
282	12.96228	77.68318
283	12.96235	77.68319
284	12.96241	77.68320
285	12.96247	77.68320
286	12.96253	77.68321
287	12.96259	77.68322
288	12.96266	77.68323
289	12.96271	77.68319
290	12.96273	77.68313
291	12.96274	77.68308
292	12.96275	77.68302
293	12.96275	77.68297
294	12.96275	77.68291
295	12.96276	77.68286
296	12.96277	77.68280
297	12.96277	77.68275
298	12.96278	77.68269
299	12.96279	77.68264
300	12.96279	77.68258
301	12.96280	77.68253
302	12.96281	77.68247
303	12.96281	77.68242
304	12.96281	77.68236
305	12.96281	77.68231
306	12.96281	77.68225
307	12.96282	77.68220
308	12.96283	77.68214
309	12.96284	77.68208
310	12.96284	77.68202
311	12.96285	77.68196
312	12.96286	77.68190
313	12.96287	77.68184
314	12.96288	77.68179
315	12.96290	77.68173
316	12.96292	77.68166
317	12.96294	77.68161
318	12.96296	77.68154
319	12.96297	77.68149
320	12.96300	77.68143
321	12.96303	77.68138
322	12.96306	77.68132
323	12.96309	77.68126
324	12.96312	77.68120
325	12.96314	77.68115
326	12.96317	77.68108
327	12.96319	77.68103
328	12.96321	77.68097
329	12.96324	77.68092
330	12.96327	77.68086
331	12.96330	77.68081
332	12.96332	77.68075
333	12.96334	77.68070
334	12.96336	77.68064
335	12.96339	77.68058
336	12.96342	77.68052
337	12.96345	77.68047
338	12.96348	77.68041
339	12.96351	77.68035
340	12.96353	77.68030
341	12.96355	77.68024
342	12.96357	77.68018
343	12.96358	77.68013
344	12.96360	77.68007
345	12.96362	77.68001
346	12.96363	77.67996
347	12.96366	77.67990
348	12.96367	77.67985
349	12.96369	77.67980
350	12.96372	77.67975
351	12.96373	77.67969
352	12.96373	77.67963
353	12.96372	77.67957
354	12.96370	77.67951
355	12.96369	77.67946
356	12.96367	77.67939
357	12.96364	77.67934
358	12.96361	77.67929
359	12.96358	77.67923
360	12.96356	77.67916
361	12.96353	77.67911
362	12.96349	77.67905
363	12.96346	77.67899
364	12.96343	77.67894
365	12.96339	77.67887
366	12.96337	77.67881
367	12.96334	77.67875
368	12.96331	77.67869
369	12.96328	77.67863
370	12.96325	77.67857
371	12.96323	77.67851
372	12.96323	77.67845
373	12.96323	77.67838
374	12.96324	77.67833
375	12.96325	77.67828
376	12.96325	77.67822
377	12.96326	77.67817
378	12.96327	77.67810
379	12.96328	77.67805
380	12.96330	77.67800
381	12.96331	77.67794
382	12.96332	77.67788
383	12.96333	77.67782
384	12.96335	77.67776
385	12.96336	77.67770
386	12.96336	77.67764
387	12.96337	77.67759
388	12.96338	77.67753
389	12.96339	77.67747
390	12.96339	77.67742
391	12.96340	77.67735
392	12.96341	77.67730
393	12.96342	77.67724
394	12.96342	77.67717
395	12.96342	77.67711
396	12.96342	77.67705
397	12.96342	77.67699
398	12.96342	77.67693
399	12.96342	77.67686
400	12.96343	77.67681
401	12.96344	77.67675
402	12.96344	77.67669
403	12.96345	77.67664
404	12.96346	77.67659
405	12.96346	77.67654
406	12.96346	77.67648
407	12.96346	77.67641
408	12.96346	77.67636
409	12.96346	77.67630
410	12.96345	77.67623
411	12.96345	77.67618
412	12.96345	77.67611
413	12.96344	77.67604
414	12.96343	77.67599
415	12.96342	77.67593
416	12.96341	77.67588
417	12.96340	77.67582
418	12.96339	77.67576
419	12.96338	77.67570
420	12.96338	77.67565
421	12.96337	77.67559
422	12.96337	77.67553
423	12.96336	77.67548
424	12.96335	77.67542
425	12.96334	77.67536
426	12.96333	77.67531
427	12.96332	77.67526
428	12.96331	77.67519
429	12.96330	77.67514
430	12.96330	77.67509
431	12.96329	77.67503
432	12.96329	77.67496
433	12.96329	77.67491
434	12.96329	77.67486
435	12.96329	77.67481
436	12.96329	77.67475
437	12.96329	77.67470
438	12.96328	77.67464
439	12.96329	77.67459
440	12.96334	77.67459
441	12.96341	77.67460
442	12.96346	77.67460
443	12.96352	77.67460
444	12.96358	77.67460
445	12.96363	77.67460
446	12.96369	77.67460
447	12.96376	77.67460
448	12.96381	77.67460
449	12.96387	77.67460
450	12.96392	77.67460
451	12.96398	77.67460
452	12.96404	77.67460
453	12.96410	77.67460
454	12.96417	77.67460
455	12.96423	77.67460
456	12.96430	77.67460
457	12.96436	77.67459
458	12.96441	77.67458
459	12.96447	77.67458
460	12.96452	77.67459
461	12.96458	77.67459
462	12.96464	77.67459
463	12.96471	77.67459
464	12.96476	77.67459
465	12.96481	77.67460
466	12.96487	77.67460
467	12.96492	77.67460
468	12.96498	77.67459
469	12.96503	77.67459
470	12.96509	77.67459
471	12.96515	77.67458
472	12.96521	77.67457
473	12.96528	77.67457
474	12.96535	77.67457
475	12.96540	77.67457
476	12.96546	77.67457
477	12.96552	77.67457
478	12.96558	77.67458
479	12.96565	77.67459
480	12.96571	77.67459
481	12.96576	77.67457
482	12.96581	77.67454
483	12.96587	77.67450
484	12.96592	77.67448
485	12.96590	77.67442
486	12.96588	77.67436
487	12.96585	77.67430
488	12.96583	77.67425
489	12.96581	77.67419
490	12.96578	77.67413
491	12.96576	77.67408
492	12.96573	77.67401
493	12.96570	77.67395
494	12.96567	77.67389
495	12.96565	77.67383
496	12.96571	77.67384
497	12.96577	77.67383
498	12.96579	77.67378
499	12.96581	77.67372
500	12.96581	77.67367
501	12.96583	77.67361
502	12.96584	77.67356
503	12.96584	77.67351
504	12.96584	77.67346
505	12.96584	77.67340
506	12.96584	77.67335
507	12.96584	77.67329
508	12.96585	77.67324
509	12.96586	77.67318
510	12.96586	77.67313
511	12.96587	77.67308
512	12.96589	77.67302
513	12.96590	77.67296
514	12.96591	77.67291
515	12.96591	77.67286
516	12.96592	77.67280
517	12.96593	77.67274
518	12.96594	77.67269
519	12.96595	77.67263
520	12.96596	77.67258
521	12.96596	77.67253
522	12.96597	77.67247
523	12.96599	77.67242
524	12.96600	77.67236
525	12.96601	77.67230
526	12.96602	77.67224
527	12.96604	77.67218
528	12.96605	77.67213
529	12.96606	77.67207
530	12.96608	77.67202
531	12.96609	77.67197
532	12.96610	77.67192
533	12.96611	77.67185
534	12.96612	77.67180
535	12.96613	77.67174
536	12.96614	77.67169
537	12.96615	77.67163
538	12.96617	77.67156
539	12.96618	77.67151
540	12.96620	77.67145
541	12.96621	77.67140
542	12.96623	77.67134
543	12.96625	77.67128
544	12.96626	77.67123
545	12.96627	77.67118
546	12.96621	77.67114
547	12.96616	77.67112
548	12.96610	77.67112
549	12.96605	77.67110
550	12.96599	77.67109
551	12.96593	77.67109
552	12.96588	77.67108
553	12.96582	77.67108
554	12.96576	77.67108
555	12.96570	77.67108
556	12.96565	77.67107
557	12.96559	77.67105
558	12.96554	77.67105
559	12.96549	77.67104
560	12.96542	77.67103
561	12.96535	77.67101
562	12.96529	77.67099
563	12.96524	77.67098
564	12.96517	77.67096
565	12.96512	77.67094
566	12.96505	77.67092
567	12.96499	77.67092
568	12.96492	77.67091
569	12.96485	77.67090
570	12.96480	77.67090
571	12.96474	77.67089
572	12.96474	77.67096
573	12.96474	77.67102
574	12.96474	77.67108
575	12.96474	77.67114
576	12.96474	77.67120
577	12.96473	77.67125
578	12.96473	77.67131
579	12.96472	77.67136
580	12.96471	77.67142
581	12.96471	77.67148
582	12.96465	77.67148
583	12.96459	77.67147
584	12.96452	77.67146
585	12.96446	77.67145
586	12.96440	77.67144
587	12.96435	77.67143
588	12.96429	77.67142
589	12.96423	77.67141
590	12.96417	77.67140
591	12.96411	77.67139
592	12.96405	77.67139
593	12.96399	77.67137
594	12.96393	77.67136
595	12.96388	77.67135
596	12.96382	77.67134
597	12.96376	77.67134
598	12.96371	77.67134
599	12.96367	77.67128
600	12.96365	77.67121
601	12.96364	77.67115
602	12.96362	77.67110
603	12.96362	77.67104
604	12.96361	77.67098
605	12.96360	77.67092
606	12.96359	77.67086
607	12.96358	77.67080
608	12.96357	77.67075
609	12.96356	77.67069
610	12.96355	77.67064
611	12.96354	77.67058
612	12.96354	77.67052
613	12.96353	77.67047
614	12.96352	77.67042
615	12.96352	77.67036
616	12.96351	77.67030
617	12.96351	77.67025
618	12.96351	77.67020
619	12.96350	77.67014
620	12.96349	77.67009
621	12.96349	77.67003
622	12.96349	77.66997
623	12.96348	77.66991
624	12.96347	77.66985
625	12.96347	77.66978
626	12.96352	77.66977
627	12.96358	77.66976
628	12.96363	77.66975
629	12.96369	77.66974
630	12.96374	77.66973
631	12.96380	77.66973
632	12.96385	77.66973
633	12.96391	77.66973
634	12.96396	77.66973
635	12.96402	77.66972
636	12.96408	77.66972
637	12.96414	77.66971
638	12.96420	77.66970
639	12.96427	77.66970
640	12.96434	77.66969
641	12.96439	77.66968
642	12.96445	77.66968
643	12.96452	77.66967
644	12.96457	77.66967
645	12.96464	77.66966
646	12.96468	77.66961
647	12.96466	77.66956
648	12.96465	77.66951
649	12.96464	77.66945
650	12.96463	77.66939
651	12.96462	77.66933
652	12.96464	77.66927
653	12.96465	77.66922
654	12.96466	77.66916
655	12.96467	77.66911
656	12.96468	77.66906
657	12.96469	77.66899
658	12.96470	77.66893
659	12.96472	77.66888
660	12.96474	77.66882
661	12.96475	77.66877
662	12.96477	77.66871
663	12.96479	77.66866
664	12.96480	77.66861
665	12.96481	77.66854
666	12.96482	77.66849
667	12.96484	77.66843
668	12.96485	77.66837
669	12.96487	77.66831
670	12.96489	77.66826
671	12.96490	77.66821
672	12.96491	77.66815
673	12.96492	77.66809
674	12.96486	77.66804
675	12.96480	77.66801
676	12.96474	77.66799
677	12.96467	77.66796
678	12.96461	77.66794
679	12.96455	77.66792
680	12.96450	77.66790
681	12.96444	77.66788
682	12.96438	77.66786
683	12.96432	77.66784
684	12.96427	77.66781
685	12.96421	77.66779
686	12.96415	77.66777
687	12.96410	77.66775
688	12.96404	77.66774
689	12.96399	77.66772
690	12.96396	77.66766
691	12.96398	77.66760
692	12.96400	77.66755
693	12.96401	77.66749
694	12.96401	77.66743
695	12.96402	77.66737
696	12.96404	77.66731
697	12.96407	77.66725
698	12.96411	77.66720
699	12.96415	77.66714
700	12.96418	77.66709
701	12.96422	77.66703
702	12.96425	77.66698
703	12.96428	77.66692
704	12.96432	77.66687
705	12.96433	77.66681
706	12.96435	77.66675
707	12.96442	77.66671
708	12.96447	77.66668
709	12.96452	77.66665
710	12.96458	77.66662
711	12.96464	77.66660
712	12.96470	77.66658
713	12.96476	77.66656
714	12.96482	77.66655
715	12.96488	77.66655
716	12.96495	77.66655
717	12.96500	77.66655
718	12.96507	77.66655
719	12.96512	77.66656
720	12.96519	77.66656
721	12.96524	77.66657
722	12.96530	77.66658
723	12.96537	77.66658
724	12.96543	77.66660
725	12.96549	77.66661
726	12.96555	77.66661
727	12.96562	77.66662
728	12.96568	77.66663
729	12.96573	77.66664
730	12.96578	77.66664
731	12.96584	77.66666
732	12.96590	77.66666
733	12.96596	77.66667
734	12.96601	77.66668
735	12.96608	77.66669
736	12.96614	77.66670
737	12.96620	77.66670
738	12.96625	77.66669
739	12.96631	77.66668
740	12.96637	77.66667
741	12.96644	77.66667
742	12.96649	77.66666
743	12.96655	77.66666
744	12.96661	77.66667
745	12.96666	77.66669
746	12.96672	77.66669
747	12.96678	77.66670
748	12.96679	77.66665
749	12.96679	77.66659
750	12.96680	77.66653
751	12.96687	77.66651
752	12.96693	77.66651
753	12.96699	77.66652
754	12.96705	77.66654
755	12.96711	77.66656
756	12.96717	77.66658
757	12.96722	77.66659
758	12.96728	77.66661
759	12.96734	77.66662
760	12.96739	77.66663
761	12.96745	77.66665
762	12.96750	77.66666
763	12.96756	77.66668
764	12.96762	77.66669
765	12.96768	77.66671
766	12.96774	77.66671
767	12.96779	77.66673
768	12.96785	77.66674
769	12.96790	77.66675
770	12.96796	77.66676
771	12.96802	77.66678
772	12.96808	77.66679
773	12.96814	77.66681
774	12.96820	77.66682
775	12.96826	77.66683
776	12.96832	77.66684
777	12.96838	77.66685
778	12.96843	77.66685
779	12.96849	77.66685
780	12.96855	77.66686
781	12.96860	77.66688
782	12.96866	77.66690
783	12.96872	77.66691
784	12.96879	77.66692
785	12.96884	77.66693
786	12.96890	77.66694
787	12.96895	77.66695
788	12.96900	77.66696
789	12.96906	77.66697
790	12.96912	77.66698
791	12.96918	77.66698
792	12.96924	77.66700
793	12.96930	77.66701
794	12.96936	77.66702
795	12.96942	77.66703
796	12.96949	77.66705
797	12.96955	77.66706
798	12.96961	77.66707
799	12.96967	77.66709
800	12.96973	77.66710
801	12.96979	77.66710
802	12.96984	77.66711
803	12.96990	77.66711
804	12.96996	77.66712
805	12.97001	77.66712
806	12.97007	77.66713
807	12.97011	77.66707
808	12.97012	77.66701
809	12.97015	77.66695
810	12.97019	77.66687
811	12.97020	77.66682
812	12.97023	77.66674
813	12.97026	77.66666
814	12.97028	77.66657
815	12.97030	77.66649
816	12.97032	77.66642
817	12.97035	77.66634
818	12.97037	77.66626
819	12.97036	77.66619
820	12.97036	77.66611
821	12.97036	77.66603
822	12.97036	77.66596
823	12.97036	77.66589
824	12.97036	77.66580
825	12.97036	77.66575
826	12.97036	77.66567
827	12.97036	77.66561
828	12.97035	77.66555
829	12.97034	77.66549
830	12.97032	77.66541
831	12.97031	77.66535
832	12.97029	77.66530
833	12.97028	77.66523
834	12.97027	77.66517
835	12.97026	77.66512
836	12.97026	77.66506
837	12.97025	77.66500
838	12.97024	77.66494
839	12.97023	77.66488
840	12.97021	77.66482
841	12.97020	77.66476
842	12.97019	77.66470
843	12.97019	77.66464
844	12.97018	77.66457
845	12.97017	77.66450
846	12.97017	77.66442
847	12.97016	77.66436
848	12.97015	77.66430
849	12.97015	77.66424
850	12.97015	77.66417
851	12.97016	77.66411
852	12.97017	77.66405
853	12.97018	77.66398
854	12.97019	77.66393
855	12.97021	77.66386
856	12.97023	77.66381
857	12.97024	77.66374
858	12.97026	77.66367
859	12.97028	77.66361
860	12.97030	77.66355
861	12.97032	77.66349
862	12.97033	77.66340
863	12.97034	77.66334
864	12.97036	77.66327
865	12.97037	77.66319
866	12.97040	77.66311
867	12.97042	77.66305
868	12.97044	77.66299
869	12.97048	77.66293
870	12.97051	77.66288
871	12.97054	77.66282
872	12.97057	77.66277
873	12.97059	77.66269
874	12.97051	77.66271
875	12.97044	77.66274
876	12.97039	77.66275
877	12.97033	77.66268
878	12.97029	77.66261
879	12.97026	77.66254
880	12.97025	77.66248
881	12.97023	77.66242
882	12.97022	77.66236
883	12.97021	77.66231
884	12.97021	77.66222
885	12.97021	77.66215
886	12.97021	77.66207
887	12.97020	77.66201
888	12.97019	77.66195
889	12.97019	77.66188
890	12.97018	77.66180
891	12.97017	77.66174
892	12.97016	77.66168
893	12.97016	77.66162
894	12.97016	77.66154
895	12.97016	77.66146
896	12.97016	77.66139
897	12.97016	77.66132
898	12.97015	77.66127
899	12.97015	77.66121
900	12.97015	77.66114
901	12.97015	77.66105
902	12.97015	77.66097
903	12.97014	77.66090
904	12.97013	77.66084
905	12.97012	77.66079
906	12.97012	77.66073
907	12.97011	77.66067
908	12.97011	77.66061
909	12.97011	77.66054
910	12.97011	77.66047
911	12.97011	77.66039
912	12.97011	77.66033
913	12.97011	77.66023
914	12.97011	77.66016
915	12.97011	77.66008
916	12.97011	77.66002
917	12.97011	77.65994
918	12.97010	77.65988
919	12.97003	77.65987
920	12.96998	77.65989
921	12.96991	77.65988
922	12.96987	77.65983
923	12.96982	77.65975
924	12.96978	77.65968
925	12.96975	77.65961
926	12.96970	77.65955
927	12.96966	77.65949
928	12.96963	77.65942
929	12.96961	77.65936
930	12.96960	77.65929
931	12.96959	77.65920
932	12.96958	77.65914
933	12.96959	77.65908
934	12.96953	77.65903
935	12.96946	77.65901
936	12.96941	77.65900
937	12.96936	77.65899
938	12.96929	77.65896
939	12.96922	77.65894
940	12.96915	77.65893
941	12.96908	77.65892
942	12.96903	77.65890
943	12.96896	77.65888
944	12.96890	77.65887
945	12.96885	77.65886
946	12.96879	77.65885
947	12.96873	77.65884
948	12.96866	77.65884
949	12.96861	77.65883
950	12.96854	77.65882
951	12.96847	77.65882
952	12.96841	77.65881
953	12.96835	77.65881
954	12.96827	77.65880
955	12.96820	77.65877
956	12.96815	77.65875
957	12.96809	77.65873
958	12.96803	77.65872
959	12.96797	77.65870
960	12.96789	77.65867
961	12.96782	77.65864
962	12.96777	77.65861
963	12.96771	77.65859
964	12.96765	77.65863
965	12.96758	77.65867
966	12.96752	77.65869
967	12.96747	77.65872
968	12.96741	77.65876
969	12.96736	77.65880
970	12.96730	77.65884
971	12.96724	77.65888
972	12.96717	77.65893
973	12.96711	77.65897
974	12.96706	77.65902
975	12.96700	77.65906
976	12.96694	77.65910
977	12.96687	77.65915
978	12.96681	77.65919
979	12.96674	77.65924
980	12.96668	77.65929
981	12.96663	77.65932
982	12.96656	77.65938
983	12.96649	77.65943
984	12.96643	77.65948
985	12.96636	77.65954
986	12.96629	77.65958
987	12.96623	77.65963
988	12.96617	77.65967
989	12.96610	77.65971
990	12.96604	77.65974
991	12.96598	77.65978
992	12.96593	77.65981
993	12.96585	77.65985
994	12.96579	77.65987
995	12.96574	77.65994
996	12.96572	77.66000
997	12.96571	77.66007
998	12.96571	77.66013
999	12.96570	77.66020
1000	12.96569	77.66027
1001	12.96568	77.66033
1002	12.96568	77.66038
1003	12.96567	77.66046
1004	12.96566	77.66054
1005	12.96564	77.66063
1006	12.96563	77.66070
1007	12.96563	77.66077
1008	12.96562	77.66084
1009	12.96561	77.66091
1010	12.96560	77.66098
1011	12.96559	77.66105
1012	12.96558	77.66111
1013	12.96557	77.66118
1014	12.96556	77.66124
1015	12.96556	77.66130
1016	12.96555	77.66137
1017	12.96554	77.66144
1018	12.96553	77.66150
1019	12.96552	77.66157
1020	12.96552	77.66164
1021	12.96551	77.66171
1022	12.96550	77.66179
1023	12.96549	77.66185
1024	12.96549	77.66191
1025	12.96549	77.66197
1026	12.96548	77.66206
1027	12.96547	77.66212
1028	12.96547	77.66220
1029	12.96546	77.66228
1030	12.96546	77.66235
1031	12.96546	77.66241
1032	12.96545	77.66248
1033	12.96544	77.66255
1034	12.96544	77.66261
1035	12.96543	77.66268
1036	12.96542	77.66273
1037	12.96538	77.66279
1038	12.96531	77.66286
1039	12.96526	77.66290
1040	12.96519	77.66293
1041	12.96514	77.66296
1042	12.96508	77.66300
1043	12.96503	77.66302
1044	12.96497	77.66305
1045	12.96491	77.66308
1046	12.96485	77.66312
1047	12.96478	77.66307
1048	12.96471	77.66301
1049	12.96465	77.66297
1050	12.96459	77.66294
1051	12.96453	77.66292
1052	12.96447	77.66291
1053	12.96440	77.66290
1054	12.96432	77.66289
1055	12.96425	77.66286
1056	12.96419	77.66283
1057	12.96414	77.66282
1058	12.96413	77.66274
1059	12.96412	77.66268
1060	12.96412	77.66261
1061	12.96414	77.66255
1062	12.96415	77.66249
1063	12.96417	77.66243
1064	12.96409	77.66239
1065	12.96403	77.66234
1066	12.96402	77.66228
1067	12.96401	77.66222
1068	12.96400	77.66216
1069	12.96400	77.66209
1070	12.96400	77.66202
1071	12.96400	77.66196
1072	12.96397	77.66190
1073	12.96391	77.66188
1074	12.96385	77.66186
1075	12.96380	77.66184
1076	12.96374	77.66182
1077	12.96367	77.66179
1078	12.96361	77.66179
1079	12.96360	77.66185
1080	12.96359	77.66191
1081	12.96354	77.66197
1082	12.96348	77.66199
1083	12.96341	77.66202
1084	12.96333	77.66205
1085	12.96325	77.66207
1086	12.96320	77.66211
1087	12.96314	77.66214
1088	12.96308	77.66216
1089	12.96302	77.66218
1090	12.96294	77.66220
1091	12.96288	77.66222
1092	12.96282	77.66224
1093	12.96282	77.66229
1094	12.96284	77.66235
1095	12.96284	77.66241
1096	12.96285	77.66247
1097	12.96286	77.66253
1098	12.96286	77.66259
1099	12.96286	77.66265
1100	12.96287	77.66271
1101	12.96288	77.66277
1102	12.96289	77.66284
1103	12.96290	77.66290
1104	12.96290	77.66295
1105	12.96283	77.66300
1106	12.96275	77.66302
1107	12.96267	77.66303
1108	12.96259	77.66304
1109	12.96251	77.66304
1110	12.96243	77.66304
1111	12.96236	77.66304
1112	12.96229	77.66303
1113	12.96220	77.66303
1114	12.96212	77.66302
1115	12.96204	77.66301
1116	12.96195	77.66301
1117	12.96189	77.66300
1118	12.96182	77.66299
1119	12.96175	77.66298
1120	12.96166	77.66297
1121	12.96160	77.66296
1122	12.96153	77.66295
1123	12.96146	77.66295
1124	12.96139	77.66293
1125	12.96134	77.66292
1126	12.96129	77.66290
1127	12.96122	77.66288
1128	12.96117	77.66286
1129	12.96111	77.66284
1130	12.96105	77.66283
1131	12.96099	77.66280
1132	12.96093	77.66279
1133	12.96086	77.66275
1134	12.96080	77.66274
1135	12.96077	77.66268
1136	12.96076	77.66262
1137	12.96077	77.66255
1138	12.96077	77.66249
1139	12.96077	77.66243
1140	12.96078	77.66238
1141	12.96079	77.66232
1142	12.96079	77.66225
1143	12.96080	77.66218
1144	12.96081	77.66212
1145	12.96075	77.66208
1146	12.96068	77.66206
1147	12.96061	77.66204
1148	12.96054	77.66202
1149	12.96049	77.66201
1150	12.96043	77.66198
1151	12.96036	77.66197
1152	12.96031	77.66196
1153	12.96027	77.66189
1154	12.96029	77.66183
1155	12.96030	77.66176
1156	12.96032	77.66167
1157	12.96033	77.66161
1158	12.96034	77.66153
1159	12.96035	77.66147
1160	12.96036	77.66139
1161	12.96036	77.66133
1162	12.96036	77.66126
1163	12.96037	77.66120
1164	12.96037	77.66114
1165	12.96030	77.66110
1166	12.96025	77.66108
1167	12.96019	77.66106
1168	12.96013	77.66104
1169	12.96007	77.66103
1170	12.96002	77.66101
1171	12.95996	77.66100
1172	12.95990	77.66098
1173	12.95985	77.66097
1174	12.95980	77.66095
1175	12.95975	77.66093
1176	12.95969	77.66092
1177	12.95967	77.66098
1178	12.95964	77.66106
1179	12.95962	77.66111
1180	12.95959	77.66117
1181	12.95956	77.66123
1182	12.95954	77.66128
1183	12.95952	77.66133
1184	12.95949	77.66139
1185	12.95943	77.66137
1186	12.95935	77.66133
1187	12.95930	77.66130
1188	12.95924	77.66127
1189	12.95918	77.66123
1190	12.95912	77.66118
1191	12.95906	77.66113
1192	12.95899	77.66108
1193	12.95893	77.66103
1194	12.95887	77.66100
1195	12.95882	77.66095
1196	12.95875	77.66092
1197	12.95869	77.66091
1198	12.95863	77.66090
1199	12.95858	77.66089
1200	12.95853	77.66088
1201	12.95845	77.66086
1202	12.95839	77.66085
1203	12.95833	77.66085
1204	12.95827	77.66084
1205	12.95821	77.66083
1206	12.95815	77.66082
1207	12.95808	77.66081
1208	12.95802	77.66081
1209	12.95797	77.66081
1210	12.95791	77.66080
1211	12.95783	77.66079
1212	12.95776	77.66078
1213	12.95770	77.66074
1214	12.95768	77.66080
1215	12.95769	77.66087
1216	12.95770	77.66093
1217	12.95771	77.66098
1218	12.95771	77.66105
1219	12.95773	77.66113
1220	12.95773	77.66121
1221	12.95775	77.66130
1222	12.95776	77.66136
1223	12.95778	77.66143
1224	12.95780	77.66149
1225	12.95780	77.66155
1226	12.95782	77.66163
1227	12.95782	77.66169
1228	12.95784	77.66176
1229	12.95785	77.66181
1230	12.95788	77.66189
1231	12.95789	77.66195
1232	12.95790	77.66201
1233	12.95791	77.66207
1234	12.95791	77.66213
1235	12.95791	77.66220
1236	12.95792	77.66226
1237	12.95792	77.66233
1238	12.95792	77.66240
1239	12.95792	77.66247
1240	12.95791	77.66253
1241	12.95791	77.66262
1242	12.95791	77.66269
1243	12.95790	77.66276
1244	12.95788	77.66282
1245	12.95788	77.66288
1246	12.95788	77.66296
1247	12.95787	77.66303
1248	12.95787	77.66310
1249	12.95786	77.66316
1250	12.95785	77.66323
1251	12.95785	77.66329
1252	12.95783	77.66335
1253	12.95783	77.66340
1254	12.95782	77.66347
1255	12.95781	77.66353
1256	12.95780	77.66360
1257	12.95778	77.66365
1258	12.95777	77.66372
1259	12.95776	77.66379
1260	12.95774	77.66384
1261	12.95773	77.66390
1262	12.95771	77.66398
1263	12.95768	77.66406
1264	12.95767	77.66412
1265	12.95765	77.66418
1266	12.95764	77.66424
1267	12.95763	77.66430
1268	12.95762	77.66437
1269	12.95758	77.66444
1270	12.95755	77.66451
1271	12.95754	77.66457
1272	12.95754	77.66464
1273	12.95753	77.66470
1274	12.95744	77.66471
1275	12.95737	77.66470
1276	12.95732	77.66469
1277	12.95726	77.66467
1278	12.95720	77.66466
1279	12.95714	77.66464
1280	12.95709	77.66462
1281	12.95703	77.66461
1282	12.95697	77.66459
1283	12.95692	77.66457
1284	12.95687	77.66456
1285	12.95681	77.66454
1286	12.95676	77.66453
1287	12.95670	77.66451
1288	12.95663	77.66448
1289	12.95657	77.66447
1290	12.95651	77.66445
1291	12.95645	77.66443
1292	12.95640	77.66441
1293	12.95634	77.66440
1294	12.95626	77.66438
1295	12.95621	77.66436
1296	12.95615	77.66435
1297	12.95607	77.66433
1298	12.95601	77.66431
1299	12.95595	77.66429
1300	12.95589	77.66427
1301	12.95583	77.66425
1302	12.95577	77.66425
1303	12.95572	77.66424
1304	12.95566	77.66422
1305	12.95561	77.66420
1306	12.95555	77.66419
1307	12.95549	77.66418
1308	12.95543	77.66418
1309	12.95537	77.66418
1310	12.95530	77.66418
1311	12.95525	77.66418
1312	12.95518	77.66418
1313	12.95513	77.66419
1314	12.95507	77.66420
1315	12.95500	77.66420
1316	12.95493	77.66421
1317	12.95487	77.66422
1318	12.95481	77.66425
1319	12.95474	77.66426
1320	12.95468	77.66429
1321	12.95462	77.66432
1322	12.95456	77.66435
1323	12.95450	77.66439
1324	12.95445	77.66443
1325	12.95438	77.66448
1326	12.95436	77.66440
1327	12.95435	77.66434
1328	12.95435	77.66428
1329	12.95434	77.66422
1330	12.95433	77.66417
1331	12.95433	77.66411
1332	12.95433	77.66403
1333	12.95433	77.66397
1334	12.95434	77.66390
1335	12.95434	77.66384
1336	12.95435	77.66377
1337	12.95436	77.66372
1338	12.95436	77.66365
1339	12.95436	77.66359
1340	12.95437	77.66353
1341	12.95437	77.66345
1342	12.95437	77.66338
1343	12.95437	77.66333
1344	12.95437	77.66325
1345	12.95436	77.66319
1346	12.95436	77.66314
1347	12.95435	77.66308
1348	12.95433	77.66302
1349	12.95432	77.66296
1350	12.95430	77.66291
1351	12.95429	77.66285
1352	12.95429	77.66280
1353	12.95429	77.66273
1354	12.95429	77.66266
1355	12.95429	77.66260
1356	12.95429	77.66255
1357	12.95429	77.66249
1358	12.95430	77.66242
1359	12.95430	77.66235
1360	12.95430	77.66230
1361	12.95431	77.66223
1362	12.95431	77.66217
1363	12.95428	77.66210
1364	12.95423	77.66204
1365	12.95416	77.66201
1366	12.95410	77.66202
1367	12.95407	77.66208
1368	12.95407	77.66215
1369	12.95406	77.66222
1370	12.95405	77.66228
1371	12.95405	77.66234
1372	12.95405	77.66243
1373	12.95405	77.66251
1374	12.95405	77.66258
1375	12.95405	77.66265
1376	12.95405	77.66272
1377	12.95405	77.66281
1378	12.95404	77.66288
1379	12.95397	77.66290
1380	12.95391	77.66291
1381	12.95385	77.66292
1382	12.95378	77.66293
1383	12.95373	77.66294
1384	12.95366	77.66296
1385	12.95361	77.66299
1386	12.95360	77.66304
1387	12.95359	77.66310
1388	12.95360	77.66317
1389	12.95360	77.66325
1390	12.95360	77.66331
1391	12.95359	77.66338
1392	12.95359	77.66343
1393	12.95357	77.66349
1394	12.95353	77.66355
1395	12.95347	77.66355
1396	12.95340	77.66354
1397	12.95334	77.66354
1398	12.95328	77.66353
1399	12.95322	77.66352
1400	12.95314	77.66350
1401	12.95308	77.66349
1402	12.95302	77.66348
1403	12.95296	77.66347
1404	12.95288	77.66346
1405	12.95287	77.66338
1406	12.95288	77.66331
1407	12.95289	77.66323
1408	12.95290	77.66317
1409	12.95291	77.66308
1410	12.95291	77.66301
1411	12.95292	77.66294
1412	12.95293	77.66286
1413	12.95294	77.66280
1414	12.95294	77.66274
1415	12.95295	77.66268
1416	12.95295	77.66262
1417	12.95295	77.66256
1418	12.95297	77.66249
1419	12.95297	77.66242
1420	12.95297	77.66234
1421	12.95296	77.66226
1422	12.95296	77.66220
1423	12.95289	77.66219
1424	12.95284	77.66218
1425	12.95278	77.66218
1426	12.95272	77.66218
1427	12.95265	77.66218
1428	12.95258	77.66216
1429	12.95251	77.66216
1430	12.95243	77.66216
1431	12.95236	77.66216
1432	12.95229	77.66216
1433	12.95223	77.66216
1434	12.95215	77.66215
1435	12.95209	77.66215
1436	12.95202	77.66215
1437	12.95195	77.66215
1438	12.95189	77.66214
1439	12.95183	77.66214
1440	12.95177	77.66214
1441	12.95172	77.66214
1442	12.95165	77.66213
1443	12.95159	77.66213
1444	12.95152	77.66211
1445	12.95147	77.66203
1446	12.95148	77.66197
1447	12.95148	77.66191
1448	12.95149	77.66184
1449	12.95150	77.66177
1450	12.95150	77.66172
1451	12.95151	77.66167
1452	12.95152	77.66161
1453	12.95152	77.66155
1454	12.95153	77.66148
1455	12.95153	77.66142
1456	12.95153	77.66134
1457	12.95153	77.66127
1458	12.95153	77.66121
1459	12.95153	77.66116
1460	12.95153	77.66110
1461	12.95153	77.66103
1462	12.95153	77.66098
1463	12.95153	77.66090
1464	12.95153	77.66083
1465	12.95153	77.66075
1466	12.95152	77.66069
1467	12.95152	77.66064
1468	12.95151	77.66055
1469	12.95151	77.66049
1470	12.95151	77.66042
1471	12.95151	77.66036
1472	12.95151	77.66030
1473	12.95151	77.66023
1474	12.95151	77.66017
1475	12.95151	77.66011
1476	12.95152	77.66006
1477	12.95153	77.66000
1478	12.95153	77.65993
1479	12.95154	77.65988
1480	12.95155	77.65982
1481	12.95155	77.65976
1482	12.95155	77.65971
1483	12.95155	77.65963
1484	12.95155	77.65958
1485	12.95155	77.65951
1486	12.95154	77.65943
1487	12.95154	77.65937
1488	12.95154	77.65931
1489	12.95154	77.65926
1490	12.95154	77.65920
1491	12.95154	77.65913
1492	12.95153	77.65907
1493	12.95153	77.65901
1494	12.95152	77.65893
1495	12.95151	77.65888
1496	12.95150	77.65881
1497	12.95149	77.65874
1498	12.95149	77.65868
1499	12.95149	77.65862
1500	12.95148	77.65855
1501	12.95148	77.65849
1502	12.95147	77.65842
1503	12.95147	77.65837
1504	12.95147	77.65831
1505	12.95147	77.65824
1506	12.95147	77.65817
1507	12.95147	77.65812
1508	12.95147	77.65806
1509	12.95147	77.65798
1510	12.95147	77.65792
1511	12.95146	77.65785
1512	12.95146	77.65779
1513	12.95144	77.65771
1514	12.95143	77.65765
1515	12.95141	77.65760
1516	12.95140	77.65753
1517	12.95139	77.65748
1518	12.95138	77.65739
1519	12.95137	77.65730
1520	12.95137	77.65723
1521	12.95137	77.65717
1522	12.95136	77.65711
1523	12.95135	77.65704
1524	12.95135	77.65698
1525	12.95135	77.65692
1526	12.95136	77.65684
1527	12.95136	77.65677
1528	12.95136	77.65668
1529	12.95136	77.65663
1530	12.95136	77.65655
1531	12.95136	77.65649
1532	12.95135	77.65642
1533	12.95135	77.65636
1534	12.95134	77.65631
1535	12.95134	77.65624
1536	12.95133	77.65616
1537	12.95132	77.65609
1538	12.95132	77.65603
1539	12.95131	77.65597
1540	12.95131	77.65592
1541	12.95130	77.65586
1542	12.95130	77.65581
1543	12.95130	77.65574
1544	12.95130	77.65568
1545	12.95129	77.65561
1546	12.95129	77.65555
1547	12.95128	77.65550
1548	12.95128	77.65544
1549	12.95127	77.65538
1550	12.95126	77.65532
1551	12.95126	77.65524
1552	12.95126	77.65518
1553	12.95126	77.65511
1554	12.95126	77.65506
1555	12.95125	77.65500
1556	12.95125	77.65494
1557	12.95125	77.65488
1558	12.95124	77.65482
1559	12.95123	77.65477
1560	12.95122	77.65472
1561	12.95122	77.65466
1562	12.95122	77.65459
1563	12.95122	77.65451
1564	12.95122	77.65445
1565	12.95122	77.65437
1566	12.95122	77.65431
1567	12.95121	77.65425
1568	12.95121	77.65419
1569	12.95120	77.65413
1570	12.95119	77.65407
1571	12.95118	77.65400
1572	12.95117	77.65393
1573	12.95116	77.65386
1574	12.95115	77.65380
1575	12.95114	77.65375
1576	12.95114	77.65369
1577	12.95109	77.65363
1578	12.95103	77.65363
1579	12.95095	77.65362
1580	12.95089	77.65361
1581	12.95084	77.65360
1582	12.95077	77.65358
1583	12.95072	77.65356
1584	12.95064	77.65353
1585	12.95058	77.65349
1586	12.95052	77.65345
1587	12.95046	77.65340
1588	12.95042	77.65334
1589	12.95038	77.65328
1590	12.95033	77.65323
1591	12.95029	77.65316
1592	12.95026	77.65310
1593	12.95023	77.65303
1594	12.95020	77.65296
1595	12.95015	77.65289
1596	12.95011	77.65282
1597	12.95008	77.65276
1598	12.95004	77.65269
1599	12.95000	77.65263
1600	12.94997	77.65256
1601	12.94993	77.65249
1602	12.94988	77.65242
1603	12.94984	77.65236
1604	12.94980	77.65228
1605	12.94974	77.65221
1606	12.94969	77.65215
1607	12.94964	77.65208
1608	12.94958	77.65202
1609	12.94953	77.65197
1610	12.94948	77.65192
1611	12.94943	77.65187
1612	12.94938	77.65182
1613	12.94931	77.65175
1614	12.94925	77.65168
1615	12.94920	77.65162
1616	12.94913	77.65156
1617	12.94906	77.65149
1618	12.94900	77.65144
1619	12.94894	77.65139
1620	12.94889	77.65134
1621	12.94883	77.65127
1622	12.94877	77.65120
1623	12.94871	77.65114
1624	12.94866	77.65109
1625	12.94860	77.65104
1626	12.94853	77.65097
1627	12.94846	77.65092
1628	12.94840	77.65087
1629	12.94833	77.65081
1630	12.94828	77.65077
1631	12.94822	77.65072
1632	12.94815	77.65068
1633	12.94807	77.65064
1634	12.94802	77.65061
1635	12.94797	77.65057
1636	12.94792	77.65054
1637	12.94786	77.65052
1638	12.94779	77.65046
1639	12.94772	77.65041
1640	12.94765	77.65036
1641	12.94759	77.65030
1642	12.94752	77.65026
1643	12.94746	77.65025
1644	12.94741	77.65023
1645	12.94734	77.65021
1646	12.94729	77.65019
1647	12.94723	77.65018
1648	12.94716	77.65017
1649	12.94710	77.65017
1650	12.94702	77.65016
1651	12.94696	77.65015
1652	12.94690	77.65014
1653	12.94683	77.65014
1654	12.94676	77.65014
1655	12.94670	77.65014
1656	12.94663	77.65015
1657	12.94656	77.65015
1658	12.94648	77.65017
1659	12.94643	77.65019
1660	12.94638	77.65021
1661	12.94631	77.65025
1662	12.94625	77.65029
1663	12.94620	77.65034
1664	12.94614	77.65037
1665	12.94610	77.65042
1666	12.94606	77.65048
1667	12.94603	77.65054
1668	12.94598	77.65059
1669	12.94593	77.65067
1670	12.94592	77.65073
1671	12.94591	77.65080
1672	12.94591	77.65085
1673	12.94590	77.65092
1674	12.94590	77.65098
1675	12.94590	77.65106
1676	12.94590	77.65111
1677	12.94590	77.65117
1678	12.94591	77.65123
1679	12.94591	77.65129
1680	12.94592	77.65135
1681	12.94593	77.65141
1682	12.94593	77.65148
1683	12.94594	77.65153
1684	12.94596	77.65160
1685	12.94596	77.65166
1686	12.94597	77.65171
1687	12.94598	77.65178
1688	12.94599	77.65183
1689	12.94600	77.65190
1690	12.94600	77.65196
1691	12.94600	77.65204
1692	12.94601	77.65211
1693	12.94601	77.65220
1694	12.94601	77.65227
1695	12.94602	77.65233
1696	12.94604	77.65241
1697	12.94606	77.65246
1698	12.94607	77.65251
1699	12.94608	77.65259
1700	12.94608	77.65266
1701	12.94609	77.65271
1702	12.94610	77.65279
1703	12.94610	77.65285
1704	12.94611	77.65291
1705	12.94611	77.65299
1706	12.94611	77.65305
1707	12.94612	77.65313
1708	12.94612	77.65320
1709	12.94612	77.65328
1710	12.94612	77.65334
1711	12.94613	77.65340
1712	12.94614	77.65346
1713	12.94614	77.65351
1714	12.94615	77.65358
1715	12.94616	77.65363
1716	12.94617	77.65369
1717	12.94618	77.65375
1718	12.94619	77.65382
1719	12.94620	77.65389
1720	12.94621	77.65394
1721	12.94621	77.65401
1722	12.94622	77.65408
1723	12.94622	77.65413
1724	12.94623	77.65419
1725	12.94623	77.65427
1726	12.94624	77.65435
1727	12.94625	77.65444
1728	12.94626	77.65450
1729	12.94626	77.65456
1730	12.94627	77.65463
1731	12.94627	77.65469
1732	12.94627	77.65476
1733	12.94627	77.65483
1734	12.94627	77.65489
1735	12.94628	77.65494
1736	12.94629	77.65500
1737	12.94630	77.65506
1738	12.94631	77.65512
1739	12.94631	77.65517
1740	12.94632	77.65523
1741	12.94633	77.65531
1742	12.94633	77.65536
1743	12.94633	77.65544
1744	12.94634	77.65550
1745	12.94634	77.65556
1746	12.94635	77.65562
1747	12.94635	77.65569
1748	12.94635	77.65578
1749	12.94634	77.65585
1750	12.94633	77.65591
1751	12.94633	77.65596
1752	12.94631	77.65604
1753	12.94629	77.65610
1754	12.94627	77.65616
1755	12.94624	77.65623
1756	12.94621	77.65630
1757	12.94618	77.65637
1758	12.94617	77.65643
1759	12.94614	77.65651
1760	12.94613	77.65658
1761	12.94612	77.65665
1762	12.94610	77.65670
1763	12.94608	77.65676
1764	12.94607	77.65684
1765	12.94606	77.65690
1766	12.94605	77.65696
1767	12.94604	77.65705
1768	12.94603	77.65710
1769	12.94602	77.65716
1770	12.94602	77.65721
1771	12.94601	77.65728
1772	12.94601	77.65735
1773	12.94601	77.65741
1774	12.94601	77.65748
1775	12.94602	77.65755
1776	12.94603	77.65762
1777	12.94603	77.65770
1778	12.94603	77.65776
1779	12.94603	77.65783
1780	12.94603	77.65789
1781	12.94603	77.65795
1782	12.94604	77.65801
1783	12.94604	77.65807
1784	12.94606	77.65813
1785	12.94606	77.65820
1786	12.94607	77.65826
1787	12.94608	77.65831
1788	12.94608	77.65837
1789	12.94608	77.65843
1790	12.94609	77.65849
1791	12.94609	77.65856
1792	12.94610	77.65865
1793	12.94610	77.65873
1794	12.94611	77.65878
1795	12.94611	77.65885
1796	12.94612	77.65892
1797	12.94612	77.65900
1798	12.94612	77.65908
1799	12.94612	77.65913
1800	12.94613	77.65922
1801	12.94613	77.65929
1802	12.94614	77.65935
1803	12.94615	77.65940
1804	12.94616	77.65946
1805	12.94616	77.65953
1806	12.94616	77.65960
1807	12.94616	77.65966
1808	12.94614	77.65973
1809	12.94614	77.65978
1810	12.94613	77.65985
1811	12.94613	77.65991
1812	12.94613	77.65996
1813	12.94613	77.66001
1814	12.94613	77.66009
1815	12.94614	77.66015
1816	12.94614	77.66020
1817	12.94614	77.66028
1818	12.94614	77.66034
1819	12.94616	77.66041
1820	12.94616	77.66046
1821	12.94617	77.66052
1822	12.94617	77.66057
1823	12.94618	77.66064
1824	12.94619	77.66071
1825	12.94619	77.66077
1826	12.94619	77.66085
1827	12.94619	77.66092
1828	12.94619	77.66100
1829	12.94618	77.66108
1830	12.94617	77.66115
1831	12.94616	77.66123
1832	12.94613	77.66130
1833	12.94611	77.66138
1834	12.94609	77.66145
1835	12.94608	77.66152
1836	12.94606	77.66158
1837	12.94604	77.66165
1838	12.94602	77.66172
1839	12.94601	77.66178
1840	12.94598	77.66185
1841	12.94596	77.66191
1842	12.94595	77.66197
1843	12.94592	77.66202
1844	12.94590	77.66209
1845	12.94586	77.66216
1846	12.94583	77.66222
1847	12.94581	77.66228
1848	12.94577	77.66235
1849	12.94575	77.66240
1850	12.94573	77.66246
1851	12.94571	77.66253
1852	12.94569	77.66261
1853	12.94566	77.66266
1854	12.94563	77.66273
1855	12.94561	77.66279
1856	12.94558	77.66284
1857	12.94555	77.66291
1858	12.94552	77.66296
1859	12.94550	77.66302
1860	12.94547	77.66308
1861	12.94545	77.66314
1862	12.94543	77.66320
1863	12.94540	77.66326
1864	12.94538	77.66331
1865	12.94534	77.66337
1866	12.94532	77.66344
1867	12.94530	77.66350
1868	12.94527	77.66356
1869	12.94524	77.66361
1870	12.94517	77.66367
1871	12.94511	77.66370
1872	12.94504	77.66372
1873	12.94498	77.66373
1874	12.94493	77.66373
1875	12.94487	77.66374
1876	12.94480	77.66374
1877	12.94475	77.66374
1878	12.94466	77.66374
1879	12.94458	77.66376
1880	12.94449	77.66376
1881	12.94442	77.66376
1882	12.94436	77.66376
1883	12.94429	77.66375
1884	12.94422	77.66375
1885	12.94415	77.66375
1886	12.94408	77.66375
1887	12.94403	77.66375
1888	12.94397	77.66375
1889	12.94390	77.66375
1890	12.94384	77.66375
1891	12.94378	77.66375
1892	12.94370	77.66374
1893	12.94361	77.66373
1894	12.94355	77.66373
1895	12.94348	77.66372
1896	12.94341	77.66372
1897	12.94335	77.66372
1898	12.94326	77.66371
1899	12.94318	77.66371
1900	12.94312	77.66370
1901	12.94310	77.66375
1902	12.94309	77.66383
1903	12.94308	77.66392
1904	12.94307	77.66401
1905	12.94306	77.66408
1906	12.94306	77.66416
1907	12.94305	77.66422
1908	12.94305	77.66430
1909	12.94305	77.66437
1910	12.94304	77.66444
1911	12.94304	77.66452
1912	12.94303	77.66459
1913	12.94302	77.66467
1914	12.94301	77.66475
1915	12.94300	77.66482
1916	12.94300	77.66488
1917	12.94300	77.66495
1918	12.94300	77.66503
1919	12.94300	77.66509
1920	12.94301	77.66515
1921	12.94301	77.66523
1922	12.94302	77.66529
1923	12.94306	77.66535
1924	12.94313	77.66541
1925	12.94319	77.66544
1926	12.94325	77.66546
1927	12.94330	77.66548
1928	12.94336	77.66549
1929	12.94343	77.66551
1930	12.94349	77.66553
1931	12.94355	77.66555
1932	12.94360	77.66556
1933	12.94366	77.66557
1934	12.94371	77.66559
1935	12.94378	77.66560
1936	12.94383	77.66561
1937	12.94389	77.66563
1938	12.94395	77.66564
1939	12.94400	77.66566
1940	12.94407	77.66567
1941	12.94412	77.66569
1942	12.94418	77.66571
1943	12.94424	77.66574
1944	12.94429	77.66577
1945	12.94436	77.66579
1946	12.94441	77.66584
1947	12.94446	77.66590
1948	12.94448	77.66595
1949	12.94449	77.66605
1950	12.94449	77.66612
1951	12.94449	77.66619
1952	12.94449	77.66625
1953	12.94450	77.66632
1954	12.94450	77.66638
1955	12.94451	77.66645
1956	12.94451	77.66651
1957	12.94451	77.66657
1958	12.94451	77.66664
1959	12.94451	77.66670
1960	12.94452	77.66676
1961	12.94452	77.66683
1962	12.94452	77.66689
1963	12.94453	77.66696
1964	12.94453	77.66702
1965	12.94453	77.66709
1966	12.94455	77.66717
1967	12.94455	77.66722
1968	12.94455	77.66727
1969	12.94456	77.66733
1970	12.94457	77.66741
1971	12.94457	77.66747
1972	12.94458	77.66753
1973	12.94458	77.66761
1974	12.94459	77.66768
1975	12.94460	77.66774
1976	12.94466	77.66775
1977	12.94472	77.66774
1978	12.94478	77.66774
1979	12.94483	77.66772
1980	12.94491	77.66771
1981	12.94498	77.66770
1982	12.94504	77.66769
1983	12.94511	77.66769
1984	12.94517	77.66769
1985	12.94523	77.66769
1986	12.94526	77.66775
1987	12.94526	77.66783
1988	12.94526	77.66790
1989	12.94527	77.66796
1990	12.94527	77.66802
1991	12.94528	77.66809
1992	12.94529	77.66816
1993	12.94529	77.66824
1994	12.94529	77.66832
1995	12.94530	77.66838
1996	12.94531	77.66845
1997	12.94531	77.66851
1998	12.94532	77.66857
1999	12.94533	77.66864
2000	12.94533	77.66871
2001	12.94533	77.66878
2002	12.94533	77.66885
2003	12.94533	77.66891
2004	12.94533	77.66899
2005	12.94533	77.66906
2006	12.94533	77.66912
2007	12.94533	77.66921
2008	12.94533	77.66927
2009	12.94538	77.66933
2010	12.94543	77.66937
2011	12.94548	77.66942
2012	12.94548	77.66949
2013	12.94548	77.66954
2014	12.94549	77.66959
2015	12.94550	77.66965
2016	12.94551	77.66971
2017	12.94551	77.66977
2018	12.94552	77.66982
2019	12.94553	77.66989
2020	12.94554	77.66995
2021	12.94554	77.67001
2022	12.94554	77.67007
2023	12.94554	77.67013
2024	12.94555	77.67020
2025	12.94555	77.67025
2026	12.94555	77.67030
2027	12.94556	77.67036
2028	12.94556	77.67044
2029	12.94557	77.67051
2030	12.94558	77.67057
2031	12.94559	77.67063
2032	12.94561	77.67070
2033	12.94562	77.67076
2034	12.94562	77.67082
2035	12.94564	77.67089
2036	12.94564	77.67095
2037	12.94565	77.67101
2038	12.94566	77.67106
2039	12.94566	77.67113
2040	12.94567	77.67118
2041	12.94568	77.67125
2042	12.94568	77.67133
2043	12.94568	77.67138
2044	12.94568	77.67144
2045	12.94568	77.67150
2046	12.94569	77.67156
2047	12.94570	77.67164
2048	12.94571	77.67170
2049	12.94571	77.67177
2050	12.94572	77.67184
2051	12.94573	77.67190
2052	12.94574	77.67198
2053	12.94579	77.67204
2054	12.94585	77.67204
2055	12.94590	77.67205
2056	12.94597	77.67205
2057	12.94604	77.67206
2058	12.94610	77.67207
2059	12.94616	77.67208
2060	12.94623	77.67208
2061	12.94629	77.67208
2062	12.94636	77.67208
2063	12.94642	77.67209
2064	12.94648	77.67214
2065	12.94653	77.67221
2066	12.94653	77.67228
2067	12.94654	77.67234
2068	12.94654	77.67241
2069	12.94654	77.67246
2070	12.94653	77.67253
2071	12.94653	77.67260
2072	12.94653	77.67268
2073	12.94653	77.67275
2074	12.94653	77.67281
2075	12.94653	77.67289
2076	12.94653	77.67296
2077	12.94653	77.67303
2078	12.94653	77.67309
2079	12.94653	77.67315
2080	12.94652	77.67322
2081	12.94652	77.67330
2082	12.94652	77.67337
2083	12.94652	77.67345
2084	12.94651	77.67351
2085	12.94651	77.67360
2086	12.94651	77.67366
2087	12.94651	77.67373
2088	12.94651	77.67379
2089	12.94652	77.67384
2090	12.94654	77.67393
2091	12.94655	77.67399
2092	12.94655	77.67405
2093	12.94661	77.67407
2094	12.94666	77.67411
2095	12.94672	77.67418
2096	12.94674	77.67424
2097	12.94676	77.67430
2098	12.94677	77.67435
2099	12.94680	77.67443
2100	12.94681	77.67450
2101	12.94683	77.67456
2102	12.94685	77.67462
2103	12.94686	77.67469
2104	12.94687	77.67476
2105	12.94689	77.67485
2106	12.94689	77.67492
2107	12.94690	77.67497
2108	12.94690	77.67503
2109	12.94692	77.67509
2110	12.94693	77.67514
2111	12.94695	77.67521
2112	12.94697	77.67527
2113	12.94700	77.67532
2114	12.94701	77.67538
2115	12.94703	77.67543
2116	12.94705	77.67550
2117	12.94706	77.67556
2118	12.94707	77.67562
2119	12.94710	77.67571
2120	12.94712	77.67576
2121	12.94714	77.67584
2122	12.94715	77.67589
2123	12.94716	77.67594
2124	12.94716	77.67601
2125	12.94716	77.67606
2126	12.94718	77.67612
2127	12.94722	77.67618
2128	12.94724	77.67624
2129	12.94725	77.67631
2130	12.94725	77.67638
2131	12.94724	77.67644
2132	12.94722	77.67650
2133	12.94721	77.67657
2134	12.94719	77.67662
2135	12.94717	77.67671
2136	12.94715	77.67679
2137	12.94714	77.67684
2138	12.94713	77.67690
2139	12.94712	77.67696
2140	12.94709	77.67704
2141	12.94708	77.67712
2142	12.94707	77.67719
2143	12.94706	77.67726
2144	12.94706	77.67734
2145	12.94705	77.67740
2146	12.94704	77.67746
2147	12.94704	77.67755
2148	12.94702	77.67761
2149	12.94702	77.67769
2150	12.94701	77.67774
2151	12.94699	77.67780
2152	12.94697	77.67785
2153	12.94697	77.67791
2154	12.94696	77.67797
2155	12.94695	77.67804
2156	12.94694	77.67811
2157	12.94693	77.67818
2158	12.94693	77.67824
2159	12.94692	77.67830
2160	12.94690	77.67840
2161	12.94689	77.67847
2162	12.94688	77.67853
2163	12.94687	77.67858
2164	12.94688	77.67864
2165	12.94689	77.67872
2166	12.94690	77.67877
2167	12.94691	77.67884
2168	12.94691	77.67891
2169	12.94691	77.67896
2170	12.94691	77.67902
2171	12.94691	77.67908
2172	12.94691	77.67914
2173	12.94690	77.67920
2174	12.94688	77.67928
2175	12.94687	77.67934
2176	12.94685	77.67941
2177	12.94684	77.67947
2178	12.94683	77.67954
2179	12.94681	77.67961
2180	12.94680	77.67968
2181	12.94680	77.67973
2182	12.94680	77.67980
2183	12.94679	77.67986
2184	12.94678	77.67994
2185	12.94677	77.67999
2186	12.94677	77.68005
2187	12.94677	77.68010
2188	12.94677	77.68016
2189	12.94678	77.68024
2190	12.94679	77.68030
2191	12.94680	77.68036
2192	12.94680	77.68043
2193	12.94680	77.68049
2194	12.94680	77.68056
2195	12.94680	77.68062
2196	12.94680	77.68069
2197	12.94680	77.68077
2198	12.94680	77.68083
2199	12.94680	77.68088
2200	12.94680	77.68093
2201	12.94680	77.68100
2202	12.94680	77.68105
2203	12.94680	77.68112
2204	12.94680	77.68118
2205	12.94680	77.68126
2206	12.94682	77.68131
2207	12.94685	77.68137
2208	12.94687	77.68144
2209	12.94690	77.68149
2210	12.94693	77.68156
2211	12.94697	77.68163
2212	12.94701	77.68170
2213	12.94704	77.68175
2214	12.94705	77.68181
2215	12.94707	77.68188
2216	12.94709	77.68193
2217	12.94710	77.68200
2218	12.94710	77.68206
2219	12.94710	77.68214
2220	12.94711	77.68219
2221	12.94712	77.68228
2222	12.94715	77.68235
2223	12.94717	77.68243
2224	12.94718	77.68248
2225	12.94717	77.68255
2226	12.94717	77.68262
2227	12.94718	77.68268
2228	12.94718	77.68275
2229	12.94718	77.68282
2230	12.94718	77.68289
2231	12.94718	77.68297
2232	12.94718	77.68303
2233	12.94718	77.68311
2234	12.94719	77.68317
2235	12.94719	77.68324
2236	12.94719	77.68331
2237	12.94719	77.68336
2238	12.94719	77.68342
2239	12.94719	77.68349
2240	12.94719	77.68355
2241	12.94719	77.68362
2242	12.94720	77.68369
2243	12.94720	77.68375
2244	12.94720	77.68380
2245	12.94720	77.68386
2246	12.94720	77.68393
2247	12.94721	77.68400
2248	12.94721	77.68407
2249	12.94722	77.68413
2250	12.94723	77.68418
2251	12.94723	77.68424
2252	12.94726	77.68432
2253	12.94727	77.68439
2254	12.94728	77.68444
2255	12.94730	77.68451
2256	12.94731	77.68456
2257	12.94732	77.68461
2258	12.94732	77.68469
2259	12.94733	77.68476
2260	12.94733	77.68484
2261	12.94733	77.68491
2262	12.94733	77.68497
2263	12.94733	77.68503
2264	12.94733	77.68510
2265	12.94733	77.68517
2266	12.94733	77.68523
2267	12.94734	77.68530
2268	12.94734	77.68535
2269	12.94736	77.68542
2270	12.94737	77.68548
2271	12.94737	77.68554
2272	12.94737	77.68561
2273	12.94738	77.68568
2274	12.94739	77.68574
2275	12.94741	77.68581
2276	12.94741	77.68589
2277	12.94742	77.68595
2278	12.94743	77.68601
2279	12.94743	77.68606
2280	12.94743	77.68612
2281	12.94744	77.68620
2282	12.94744	77.68628
2283	12.94744	77.68636
2284	12.94744	77.68642
2285	12.94744	77.68649
2286	12.94744	77.68656
2287	12.94744	77.68662
2288	12.94746	77.68668
2289	12.94747	77.68675
2290	12.94747	77.68681
2291	12.94748	77.68687
2292	12.94750	77.68693
2293	12.94751	77.68699
2294	12.94751	77.68706
2295	12.94752	77.68712
2296	12.94754	77.68718
2297	12.94757	77.68723
2298	12.94758	77.68730
2299	12.94758	77.68737
2300	12.94759	77.68743
2301	12.94759	77.68750
2302	12.94760	77.68757
2303	12.94760	77.68763
2304	12.94761	77.68768
2305	12.94762	77.68774
2306	12.94762	77.68780
2307	12.94762	77.68786
2308	12.94762	77.68794
2309	12.94762	77.68800
2310	12.94762	77.68807
2311	12.94762	77.68813
2312	12.94761	77.68820
2313	12.94760	77.68829
2314	12.94759	77.68836
2315	12.94759	77.68842
2316	12.94759	77.68848
2317	12.94760	77.68855
2318	12.94761	77.68862
2319	12.94762	77.68868
2320	12.94763	77.68873
2321	12.94765	77.68880
2322	12.94766	77.68885
2323	12.94767	77.68891
2324	12.94768	77.68897
2325	12.94769	77.68902
2326	12.94770	77.68909
2327	12.94770	77.68917
2328	12.94771	77.68923
2329	12.94772	77.68930
2330	12.94773	77.68935
2331	12.94773	77.68942
2332	12.94774	77.68948
2333	12.94775	77.68954
2334	12.94775	77.68960
2335	12.94775	77.68968
2336	12.94775	77.68975
2337	12.94776	77.68982
2338	12.94777	77.68989
2339	12.94778	77.68996
2340	12.94782	77.69003
2341	12.94784	77.69008
2342	12.94788	77.69014
2343	12.94793	77.69019
2344	12.94798	77.69025
2345	12.94804	77.69030
2346	12.94811	77.69034
2347	12.94816	77.69037
2348	12.94822	77.69041
2349	12.94827	77.69045
2350	12.94833	77.69049
2351	12.94840	77.69052
2352	12.94846	77.69054
2353	12.94854	77.69057
2354	12.94861	77.69058
2355	12.94866	77.69058
2356	12.94873	77.69058
2357	12.94878	77.69058
2358	12.94884	77.69058
2359	12.94893	77.69060
2360	12.94901	77.69061
2361	12.94907	77.69063
2362	12.94913	77.69064
2363	12.94918	77.69066
2364	12.94926	77.69066
2365	12.94934	77.69067
2366	12.94941	77.69067
2367	12.94947	77.69067
2368	12.94953	77.69067
2369	12.94961	77.69067
2370	12.94967	77.69068
2371	12.94974	77.69068
2372	12.94982	77.69069
2373	12.94989	77.69069
2374	12.94994	77.69070
2375	12.95000	77.69070
2376	12.95009	77.69070
2377	12.95015	77.69070
2378	12.95022	77.69070
2379	12.95029	77.69070
2380	12.95037	77.69070
2381	12.95044	77.69070
2382	12.95050	77.69070
2383	12.95056	77.69069
2384	12.95063	77.69068
2385	12.95069	77.69067
2386	12.95075	77.69064
2387	12.95083	77.69061
2388	12.95089	77.69059
2389	12.95096	77.69057
2390	12.95102	77.69055
2391	12.95107	77.69054
2392	12.95113	77.69054
2393	12.95118	77.69053
2394	12.95124	77.69051
2395	12.95129	77.69049
2396	12.95135	77.69048
2397	12.95142	77.69046
2398	12.95148	77.69044
2399	12.95154	77.69042
2400	12.95160	77.69040
2401	12.95167	77.69039
2402	12.95175	77.69038
2403	12.95180	77.69038
2404	12.95187	77.69038
2405	12.95193	77.69038
2406	12.95199	77.69038
2407	12.95205	77.69037
2408	12.95210	77.69035
2409	12.95217	77.69031
2410	12.95224	77.69027
2411	12.95229	77.69023
2412	12.95235	77.69017
2413	12.95240	77.69011
2414	12.95246	77.69005
2415	12.95253	77.68999
2416	12.95258	77.68993
2417	12.95264	77.68987
2418	12.95269	77.68982
2419	12.95275	77.68978
2420	12.95281	77.68972
2421	12.95288	77.68967
2422	12.95293	77.68960
2423	12.95298	77.68954
2424	12.95304	77.68948
2425	12.95309	77.68941
2426	12.95314	77.68934
2427	12.95320	77.68929
2428	12.95326	77.68922
2429	12.95332	77.68915
2430	12.95337	77.68909
2431	12.95342	77.68903
2432	12.95346	77.68897
2433	12.95352	77.68892
2434	12.95357	77.68890
2435	12.95363	77.68891
2436	12.95370	77.68894
2437	12.95373	77.68899
2438	12.95374	77.68905
2439	12.95375	77.68911
2440	12.95376	77.68917
2441	12.95376	77.68923
2442	12.95376	77.68930
2443	12.95377	77.68936
2444	12.95378	77.68943
2445	12.95378	77.68949
2446	12.95378	77.68955
2447	12.95380	77.68961
2448	12.95382	77.68966
2449	12.95384	77.68975
2450	12.95385	77.68981
2451	12.95387	77.68987
2452	12.95388	77.68993
2453	12.95390	77.69000
2454	12.95391	77.69005
2455	12.95393	77.69011
2456	12.95394	77.69018
2457	12.95395	77.69023
2458	12.95396	77.69029
2459	12.95398	77.69035
2460	12.95399	77.69042
2461	12.95400	77.69048
2462	12.95400	77.69055
2463	12.95401	77.69061
2464	12.95402	77.69067
2465	12.95404	77.69072
2466	12.95405	77.69077
2467	12.95406	77.69083
